dT	T (0)	dT (0)	Base Mean (0)	Body Mean (0)	Proj Mean (0)	Tip Mean (0)	Tip Th Mean (0)	Length (0)	dL (0)	DCTM (0)	DCBM (0)	T (1)	dT (1)	Base Mean (1)	Body Mean (1)	Proj Mean (1)	Tip Mean (1)	Tip Th Mean (1)	Length (1)	dL (1)	DCTM (1)	DCBM (1)	T (2)	dT (2)	Base Mean (2)	Body Mean (2)	Proj Mean (2)	Tip Mean (2)	Tip Th Mean (2)	Length (2)	dL (2)	DCTM (2)	DCBM (2)	T (3)	dT (3)	Base Mean (3)	Body Mean (3)	Proj Mean (3)	Tip Mean (3)	Tip Th Mean (3)	Length (3)	dL (3)	DCTM (3)	DCBM (3)	T (4)	dT (4)	Base Mean (4)	Body Mean (4)	Proj Mean (4)	Tip Mean (4)	Tip Th Mean (4)	Length (4)	dL (4)	DCTM (4)	DCBM (4)	T (5)	dT (5)	Base Mean (5)	Body Mean (5)	Proj Mean (5)	Tip Mean (5)	Tip Th Mean (5)	Length (5)	dL (5)	DCTM (5)	DCBM (5)	T (6)	dT (6)	Base Mean (6)	Body Mean (6)	Proj Mean (6)	Tip Mean (6)	Tip Th Mean (6)	Length (6)	dL (6)	DCTM (6)	DCBM (6)
-20.000	NaN	NaN	NaN	NaN	NaN	NaN	NaN	NaN	NaN	NaN	NaN	NaN	NaN	NaN	NaN	NaN	NaN	NaN	NaN	NaN	NaN	NaN	NaN	NaN	NaN	NaN	NaN	NaN	NaN	NaN	NaN	NaN	NaN	NaN	NaN	NaN	NaN	NaN	NaN	NaN	NaN	NaN	NaN	NaN	NaN	NaN	NaN	NaN	NaN	NaN	NaN	NaN	NaN	NaN	NaN	11.000	-20.000	121.133	180.974	NaN	NaN	NaN	NaN	NaN	NaN	NaN	48.000	-20.000	112.182	180.727	NaN	NaN	NaN	NaN	NaN	NaN	NaN
-19.000	NaN	NaN	NaN	NaN	NaN	NaN	NaN	NaN	NaN	NaN	NaN	NaN	NaN	NaN	NaN	NaN	NaN	NaN	NaN	NaN	NaN	NaN	NaN	NaN	NaN	NaN	NaN	NaN	NaN	NaN	NaN	NaN	NaN	NaN	NaN	NaN	NaN	NaN	NaN	NaN	NaN	NaN	NaN	NaN	NaN	NaN	NaN	NaN	NaN	NaN	NaN	NaN	NaN	NaN	NaN	12.000	-19.000	119.706	182.132	NaN	NaN	NaN	NaN	NaN	NaN	NaN	49.000	-19.000	128.577	183.353	NaN	NaN	NaN	NaN	NaN	NaN	NaN
-18.000	NaN	NaN	NaN	NaN	NaN	NaN	NaN	NaN	NaN	NaN	NaN	NaN	NaN	NaN	NaN	NaN	NaN	NaN	NaN	NaN	NaN	NaN	NaN	NaN	NaN	NaN	NaN	NaN	NaN	NaN	NaN	NaN	NaN	NaN	NaN	NaN	NaN	NaN	NaN	NaN	NaN	NaN	NaN	NaN	NaN	NaN	NaN	NaN	NaN	NaN	NaN	NaN	NaN	NaN	NaN	13.000	-18.000	120.750	182.083	NaN	NaN	NaN	NaN	NaN	NaN	NaN	50.000	-18.000	125.188	181.879	NaN	NaN	NaN	NaN	NaN	NaN	NaN
-17.000	NaN	NaN	NaN	NaN	NaN	NaN	NaN	NaN	NaN	NaN	NaN	NaN	NaN	NaN	NaN	NaN	NaN	NaN	NaN	NaN	NaN	NaN	NaN	NaN	NaN	NaN	NaN	NaN	NaN	NaN	NaN	NaN	NaN	NaN	NaN	NaN	NaN	NaN	NaN	NaN	NaN	NaN	NaN	NaN	1.000	-17.000	108.900	186.420	NaN	NaN	NaN	NaN	NaN	NaN	NaN	14.000	-17.000	125.100	182.224	NaN	NaN	NaN	NaN	NaN	NaN	NaN	51.000	-17.000	120.316	180.780	NaN	NaN	NaN	NaN	NaN	NaN	NaN
-16.000	NaN	NaN	NaN	NaN	NaN	NaN	NaN	NaN	NaN	NaN	NaN	NaN	NaN	NaN	NaN	NaN	NaN	NaN	NaN	NaN	NaN	NaN	NaN	NaN	NaN	NaN	NaN	NaN	NaN	NaN	NaN	NaN	NaN	NaN	NaN	NaN	NaN	NaN	NaN	NaN	NaN	NaN	NaN	NaN	2.000	-16.000	113.929	185.010	NaN	NaN	NaN	NaN	NaN	NaN	NaN	15.000	-16.000	120.414	180.078	NaN	NaN	NaN	NaN	NaN	NaN	NaN	52.000	-16.000	120.667	180.966	NaN	NaN	NaN	NaN	NaN	NaN	NaN
-15.000	NaN	NaN	NaN	NaN	NaN	NaN	NaN	NaN	NaN	NaN	NaN	NaN	NaN	NaN	NaN	NaN	NaN	NaN	NaN	NaN	NaN	NaN	NaN	NaN	NaN	NaN	NaN	NaN	NaN	NaN	NaN	NaN	NaN	NaN	NaN	NaN	NaN	NaN	NaN	NaN	NaN	NaN	NaN	NaN	3.000	-15.000	115.706	186.167	NaN	NaN	NaN	NaN	NaN	NaN	NaN	16.000	-15.000	121.100	180.523	NaN	NaN	NaN	NaN	NaN	NaN	NaN	53.000	-15.000	122.654	180.669	NaN	NaN	NaN	NaN	NaN	NaN	NaN
-14.000	NaN	NaN	NaN	NaN	NaN	NaN	NaN	NaN	NaN	NaN	NaN	NaN	NaN	NaN	NaN	NaN	NaN	NaN	NaN	NaN	NaN	NaN	NaN	NaN	NaN	NaN	NaN	NaN	NaN	NaN	NaN	NaN	NaN	NaN	NaN	NaN	NaN	NaN	NaN	NaN	NaN	NaN	NaN	NaN	4.000	-14.000	107.000	176.427	NaN	NaN	NaN	NaN	NaN	NaN	NaN	17.000	-14.000	124.867	181.394	NaN	NaN	NaN	NaN	NaN	NaN	NaN	54.000	-14.000	123.480	181.131	NaN	NaN	NaN	NaN	NaN	NaN	NaN
-13.000	NaN	NaN	NaN	NaN	NaN	NaN	NaN	NaN	NaN	NaN	NaN	NaN	NaN	NaN	NaN	NaN	NaN	NaN	NaN	NaN	NaN	NaN	NaN	NaN	NaN	NaN	NaN	NaN	NaN	NaN	NaN	NaN	NaN	NaN	NaN	NaN	NaN	NaN	NaN	NaN	NaN	NaN	NaN	NaN	5.000	-13.000	110.222	177.578	NaN	NaN	NaN	NaN	NaN	NaN	NaN	18.000	-13.000	127.100	179.755	NaN	NaN	NaN	NaN	NaN	NaN	NaN	55.000	-13.000	127.440	181.436	NaN	NaN	NaN	NaN	NaN	NaN	NaN
-12.000	NaN	NaN	NaN	NaN	NaN	NaN	NaN	NaN	NaN	NaN	NaN	NaN	NaN	NaN	NaN	NaN	NaN	NaN	NaN	NaN	NaN	NaN	NaN	NaN	NaN	NaN	NaN	NaN	NaN	NaN	NaN	NaN	NaN	NaN	NaN	NaN	NaN	NaN	NaN	NaN	NaN	NaN	NaN	NaN	6.000	-12.000	116.176	179.000	NaN	NaN	NaN	NaN	NaN	NaN	NaN	19.000	-12.000	127.621	178.777	NaN	NaN	NaN	NaN	NaN	NaN	NaN	56.000	-12.000	109.955	179.085	NaN	NaN	NaN	NaN	NaN	NaN	NaN
-11.000	NaN	NaN	NaN	NaN	NaN	NaN	NaN	NaN	NaN	NaN	NaN	NaN	NaN	NaN	NaN	NaN	NaN	NaN	NaN	NaN	NaN	NaN	NaN	NaN	NaN	NaN	NaN	NaN	NaN	NaN	NaN	NaN	NaN	NaN	NaN	NaN	NaN	NaN	NaN	NaN	NaN	NaN	NaN	NaN	7.000	-11.000	112.857	179.619	NaN	NaN	NaN	NaN	NaN	NaN	NaN	20.000	-11.000	124.714	177.499	NaN	NaN	NaN	NaN	NaN	NaN	NaN	57.000	-11.000	120.600	180.268	NaN	NaN	NaN	NaN	NaN	NaN	NaN
-10.000	NaN	NaN	NaN	NaN	NaN	NaN	NaN	NaN	NaN	NaN	NaN	NaN	NaN	NaN	NaN	NaN	NaN	NaN	NaN	NaN	NaN	NaN	NaN	NaN	NaN	NaN	NaN	NaN	NaN	NaN	NaN	NaN	NaN	NaN	NaN	NaN	NaN	NaN	NaN	NaN	NaN	NaN	NaN	NaN	8.000	-10.000	111.706	180.431	NaN	NaN	NaN	NaN	NaN	NaN	NaN	21.000	-10.000	122.519	178.952	NaN	NaN	NaN	NaN	NaN	NaN	NaN	58.000	-10.000	124.462	180.495	NaN	NaN	NaN	NaN	NaN	NaN	NaN
-9.000	NaN	NaN	NaN	NaN	NaN	NaN	NaN	NaN	NaN	NaN	NaN	NaN	NaN	NaN	NaN	NaN	NaN	NaN	NaN	NaN	NaN	NaN	NaN	NaN	NaN	NaN	NaN	NaN	NaN	NaN	NaN	NaN	NaN	NaN	NaN	NaN	NaN	NaN	NaN	NaN	NaN	NaN	NaN	NaN	9.000	-9.000	114.278	181.288	NaN	NaN	NaN	NaN	NaN	NaN	NaN	22.000	-9.000	123.500	177.836	NaN	NaN	NaN	NaN	NaN	NaN	NaN	59.000	-9.000	131.038	179.823	NaN	NaN	NaN	NaN	NaN	NaN	NaN
-8.000	NaN	NaN	NaN	NaN	NaN	NaN	NaN	NaN	NaN	NaN	NaN	NaN	NaN	NaN	NaN	NaN	NaN	NaN	NaN	NaN	NaN	NaN	NaN	NaN	NaN	NaN	NaN	NaN	NaN	NaN	NaN	NaN	NaN	NaN	NaN	NaN	NaN	NaN	NaN	NaN	NaN	NaN	NaN	NaN	10.000	-8.000	114.600	181.092	NaN	NaN	NaN	NaN	NaN	NaN	NaN	23.000	-8.000	126.724	178.585	NaN	NaN	NaN	NaN	NaN	NaN	NaN	60.000	-8.000	123.083	177.975	NaN	NaN	NaN	NaN	NaN	NaN	NaN
-7.000	NaN	NaN	NaN	NaN	NaN	NaN	NaN	NaN	NaN	NaN	NaN	NaN	NaN	NaN	NaN	NaN	NaN	NaN	NaN	NaN	NaN	NaN	NaN	NaN	NaN	NaN	NaN	NaN	NaN	NaN	NaN	NaN	NaN	NaN	NaN	NaN	NaN	NaN	NaN	NaN	NaN	NaN	NaN	NaN	11.000	-7.000	112.533	180.974	NaN	NaN	NaN	NaN	NaN	NaN	NaN	24.000	-7.000	128.536	178.448	NaN	NaN	NaN	NaN	NaN	NaN	NaN	61.000	-7.000	113.091	179.506	NaN	NaN	NaN	NaN	NaN	NaN	NaN
-6.000	NaN	NaN	NaN	NaN	NaN	NaN	NaN	NaN	NaN	NaN	NaN	NaN	NaN	NaN	NaN	NaN	NaN	NaN	NaN	NaN	NaN	NaN	NaN	NaN	NaN	NaN	NaN	NaN	NaN	NaN	NaN	NaN	NaN	NaN	NaN	NaN	NaN	NaN	NaN	NaN	NaN	NaN	NaN	NaN	12.000	-6.000	114.964	182.132	NaN	NaN	NaN	NaN	NaN	NaN	NaN	25.000	-6.000	123.393	178.103	NaN	NaN	NaN	NaN	NaN	NaN	NaN	62.000	-6.000	119.806	178.390	NaN	NaN	NaN	NaN	NaN	NaN	NaN
-5.000	NaN	NaN	NaN	NaN	NaN	NaN	NaN	NaN	NaN	NaN	NaN	NaN	NaN	NaN	NaN	NaN	NaN	NaN	NaN	NaN	NaN	NaN	NaN	NaN	NaN	NaN	NaN	NaN	NaN	NaN	NaN	NaN	NaN	NaN	NaN	NaN	NaN	NaN	NaN	NaN	NaN	NaN	NaN	NaN	13.000	-5.000	115.300	182.083	NaN	NaN	NaN	NaN	NaN	NaN	NaN	26.000	-5.000	124.080	177.084	NaN	NaN	NaN	NaN	NaN	NaN	NaN	63.000	-5.000	110.641	178.729	NaN	NaN	NaN	NaN	NaN	NaN	NaN
-4.000	NaN	NaN	NaN	NaN	NaN	NaN	NaN	NaN	NaN	NaN	NaN	NaN	NaN	NaN	NaN	NaN	NaN	NaN	NaN	NaN	NaN	NaN	NaN	NaN	NaN	NaN	NaN	NaN	NaN	NaN	NaN	NaN	NaN	NaN	NaN	NaN	NaN	NaN	NaN	NaN	NaN	NaN	NaN	NaN	14.000	-4.000	119.233	182.224	NaN	NaN	NaN	NaN	NaN	NaN	NaN	27.000	-4.000	119.815	175.783	NaN	NaN	NaN	NaN	NaN	NaN	NaN	64.000	-4.000	116.632	181.412	NaN	NaN	NaN	NaN	NaN	NaN	NaN
-3.000	NaN	NaN	NaN	NaN	NaN	NaN	NaN	NaN	NaN	NaN	NaN	NaN	NaN	NaN	NaN	NaN	NaN	NaN	NaN	NaN	NaN	NaN	NaN	NaN	NaN	NaN	NaN	NaN	NaN	NaN	NaN	NaN	NaN	NaN	NaN	NaN	NaN	NaN	NaN	NaN	NaN	NaN	NaN	NaN	15.000	-3.000	113.241	180.078	NaN	NaN	NaN	NaN	NaN	NaN	NaN	28.000	-3.000	120.920	178.009	NaN	NaN	NaN	NaN	NaN	NaN	NaN	65.000	-3.000	118.500	180.522	NaN	NaN	NaN	NaN	NaN	NaN	NaN
-2.000	NaN	NaN	NaN	NaN	NaN	NaN	NaN	NaN	NaN	NaN	NaN	NaN	NaN	NaN	NaN	NaN	NaN	NaN	NaN	NaN	NaN	NaN	NaN	NaN	NaN	NaN	NaN	NaN	NaN	NaN	NaN	NaN	NaN	NaN	NaN	NaN	NaN	NaN	NaN	NaN	NaN	NaN	NaN	NaN	16.000	-2.000	112.933	180.523	NaN	NaN	NaN	NaN	NaN	NaN	NaN	29.000	-2.000	123.720	177.929	NaN	NaN	NaN	NaN	NaN	NaN	NaN	66.000	-2.000	125.846	181.103	NaN	NaN	NaN	NaN	NaN	NaN	NaN
-1.000	NaN	NaN	NaN	NaN	NaN	NaN	NaN	NaN	NaN	NaN	NaN	NaN	NaN	NaN	NaN	NaN	NaN	NaN	NaN	NaN	NaN	NaN	NaN	NaN	NaN	NaN	NaN	NaN	NaN	NaN	NaN	NaN	NaN	NaN	NaN	NaN	NaN	NaN	NaN	NaN	NaN	NaN	NaN	NaN	17.000	-1.000	114.483	181.394	NaN	NaN	NaN	NaN	NaN	NaN	NaN	30.000	-1.000	124.387	177.981	NaN	NaN	NaN	NaN	NaN	NaN	NaN	67.000	-1.000	121.684	179.286	NaN	NaN	NaN	NaN	NaN	NaN	NaN
0.000	1.000	0.000	115.955	186.420	109.354	106.226	112.353	5.361	0.000	NaN	NaN	1.000	0.000	120.717	186.420	108.202	107.714	160.000	6.632	0.000	NaN	NaN	1.000	0.000	120.333	186.420	111.313	107.571	110.308	1.969	0.000	NaN	NaN	1.000	0.000	108.519	186.420	107.319	107.241	111.533	2.159	0.000	NaN	NaN	18.000	0.000	111.321	179.755	108.417	108.000	109.364	0.470	0.470	NaN	NaN	31.000	0.000	122.174	176.660	112.899	112.000	119.417	1.211	1.211	NaN	NaN	68.000	0.000	109.846	178.779	108.465	105.238	110.500	3.021	3.021	NaN	NaN
1.000	2.000	1.000	111.163	185.010	109.815	108.258	114.900	1.495	-3.866	-3.277	0.044	2.000	1.000	123.638	185.010	108.041	104.310	109.050	6.678	0.046	0.021	-0.021	2.000	1.000	121.179	185.010	111.068	107.667	113.286	1.950	-0.019	0.088	-0.083	2.000	1.000	111.296	185.010	108.997	108.094	112.667	3.034	0.875	0.195	-0.650	19.000	1.000	111.808	178.777	110.545	110.500	116.400	0.470	0.000	0.041	0.041	32.000	1.000	118.070	175.773	115.397	113.433	121.533	0.962	-0.249	-0.088	0.088	69.000	1.000	111.091	177.923	109.511	109.964	114.111	2.137	-0.884	-0.875	-0.060
2.000	3.000	2.000	116.535	186.167	111.088	109.950	114.000	1.896	0.401	0.128	-0.131	3.000	2.000	118.766	186.167	108.998	105.806	110.412	6.567	-0.111	0.062	0.225	3.000	2.000	122.462	186.167	113.349	110.000	114.269	1.912	-0.038	0.124	0.145	3.000	2.000	115.704	186.167	108.995	108.857	114.077	3.738	0.704	0.131	-0.585	20.000	2.000	114.071	177.499	109.722	110.533	120.333	0.550	0.080	-0.036	-0.072	33.000	2.000	117.925	175.817	112.707	112.097	118.733	0.989	0.027	0.026	0.039	70.000	2.000	113.259	178.769	109.297	108.778	115.571	1.249	-0.888	-0.677	0.064
3.000	4.000	3.000	113.889	176.427	109.545	107.780	113.909	1.276	-0.620	-0.455	-0.095	4.000	3.000	116.024	176.427	108.487	105.500	108.524	6.437	-0.130	0.206	0.206	4.000	3.000	120.200	176.427	110.737	108.176	113.048	2.088	0.176	0.145	0.032	4.000	3.000	107.556	176.427	106.055	104.735	109.286	2.568	-1.170	0.065	1.235	21.000	3.000	112.700	178.952	111.095	110.100	116.476	0.751	0.202	-0.000	-0.091	34.000	3.000	120.841	178.335	114.689	111.871	117.952	1.265	0.276	0.090	-0.198	71.000	3.000	112.923	178.035	109.477	109.300	112.792	1.138	-0.111	-0.065	0.004
4.000	5.000	4.000	114.818	177.578	110.053	109.378	113.958	1.073	-0.203	-0.205	-0.060	5.000	4.000	122.917	177.578	108.376	105.647	113.889	6.881	0.444	0.082	-0.288	5.000	4.000	117.643	177.578	110.190	106.226	110.818	2.237	0.149	0.058	-0.058	5.000	4.000	110.778	177.578	107.426	107.719	111.875	2.958	0.390	0.002	-0.391	22.000	4.000	116.613	177.836	109.426	108.448	113.571	0.738	-0.014	0.029	-0.087	35.000	4.000	120.064	179.930	116.567	113.969	117.750	1.303	0.038	-0.018	-0.018	72.000	4.000	112.750	175.492	109.062	108.972	112.840	1.211	0.073	0.064	0.056
5.000	6.000	5.000	112.429	179.000	110.194	110.000	120.167	0.659	-0.414	-0.052	0.299	6.000	5.000	120.349	179.000	108.556	107.000	111.684	6.789	-0.092	-0.082	-0.000	6.000	5.000	119.311	179.000	110.351	109.303	114.500	2.329	0.092	0.116	0.058	6.000	5.000	117.741	179.000	108.485	107.700	110.632	3.692	0.734	-0.065	-0.782	23.000	5.000	118.133	178.585	112.042	109.735	113.846	1.054	0.316	0.056	-0.268	36.000	5.000	118.386	177.138	115.333	112.970	116.538	1.219	-0.084	0.038	0.091	73.000	5.000	113.926	177.738	108.654	107.750	124.000	1.230	0.019	-0.065	-0.065
6.000	7.000	6.000	115.179	179.619	110.060	109.500	116.467	1.119	0.460	0.185	-0.329	7.000	6.000	119.953	179.619	108.057	105.188	113.500	6.992	0.203	0.144	-0.062	7.000	6.000	118.255	179.619	109.901	106.387	111.714	2.359	0.030	0.047	0.036	7.000	6.000	111.926	179.619	108.361	107.839	112.200	3.367	-0.325	0.130	0.390	24.000	6.000	116.000	178.448	110.854	109.667	116.615	0.970	-0.084	0.109	0.052	37.000	6.000	120.979	179.377	114.682	112.200	119.267	1.387	0.168	0.016	-0.127	74.000	6.000	113.926	176.690	108.369	110.111	114.385	1.084	-0.146	-0.065	7.960E-18
7.000	8.000	7.000	116.667	180.431	110.185	107.455	120.000	2.049	0.930	0.800	-0.000	8.000	7.000	123.167	180.431	108.027	104.875	109.933	7.214	0.222	0.021	-0.144	8.000	7.000	117.170	180.431	109.897	106.543	115.667	2.462	0.103	0.146	0.124	8.000	7.000	115.000	180.431	107.916	106.200	111.692	3.711	0.344	0.066	-0.260	25.000	7.000	116.868	178.103	112.028	109.212	116.875	1.257	0.287	0.058	-0.145	38.000	7.000	121.043	179.125	113.667	111.778	113.808	1.571	0.184	0.131	0.000	NaN	NaN	NaN	NaN	NaN	NaN	NaN	NaN	NaN	NaN	NaN
8.000	9.000	8.000	114.714	181.288	111.108	111.963	115.462	1.376	-0.674	-0.457	-0.033	9.000	8.000	119.455	181.288	108.130	105.966	112.800	7.325	0.111	0.123	-0.000	9.000	8.000	118.500	181.288	109.669	107.216	112.650	2.703	0.241	0.186	-0.081	9.000	8.000	117.000	181.288	108.483	108.121	117.444	3.792	0.081	0.067	0.065	26.000	8.000	113.212	177.084	111.275	108.167	117.800	1.230	-0.027	0.072	0.036	39.000	8.000	113.457	179.008	112.095	112.800	116.929	0.561	-1.010	0.047	0.489	NaN	NaN	NaN	NaN	NaN	NaN	NaN	NaN	NaN	NaN	NaN
9.000	10.000	9.000	116.212	181.092	110.192	106.219	112.692	3.340	1.964	1.595	-0.178	10.000	9.000	121.930	181.092	107.808	104.107	119.000	7.371	0.046	-0.000	-0.062	10.000	9.000	121.042	181.092	108.718	107.914	107.404	3.063	0.360	0.226	-0.124	10.000	9.000	108.963	181.092	107.438	106.000	113.300	2.939	-0.853	0.065	0.910	27.000	9.000	115.586	175.783	109.227	107.833	114.786	1.322	0.092	0.153	0.067	40.000	9.000	121.500	180.208	115.342	113.212	117.720	1.349	0.788	-0.234	-1.040	NaN	NaN	NaN	NaN	NaN	NaN	NaN	NaN	NaN	NaN	NaN
10.000	11.000	10.000	115.056	180.974	110.134	108.114	116.308	2.555	-0.785	-0.776	-0.000	11.000	10.000	122.609	180.974	108.548	104.833	110.846	7.520	0.149	0.062	-0.062	11.000	10.000	116.952	180.974	110.414	107.969	112.222	3.036	-0.027	0.144	0.082	11.000	10.000	110.148	180.974	106.471	105.406	110.400	2.606	-0.333	0.065	0.325	28.000	10.000	116.034	178.009	109.770	107.839	110.481	1.360	0.038	-0.004	-0.043	41.000	10.000	120.804	180.294	115.094	115.185	117.889	1.479	0.130	0.091	0.000	NaN	NaN	NaN	NaN	NaN	NaN	NaN	NaN	NaN	NaN	NaN
11.000	12.000	11.000	115.767	182.132	110.403	107.273	114.312	6.137	3.582	3.097	-0.087	12.000	11.000	116.675	182.132	109.039	103.926	108.800	7.371	-0.149	-0.000	0.062	12.000	11.000	117.923	182.132	110.355	107.914	113.700	3.128	0.092	0.081	-0.044	12.000	11.000	109.857	182.132	109.000	108.071	113.133	3.161	0.555	0.130	-0.390	29.000	11.000	118.250	177.929	110.795	108.848	114.042	1.471	0.111	-0.020	-0.129	42.000	11.000	118.556	182.139	111.915	111.545	117.333	1.541	0.062	0.134	0.000	NaN	NaN	NaN	NaN	NaN	NaN	NaN	NaN	NaN	NaN	NaN
12.000	13.000	12.000	118.481	182.083	111.818	111.103	114.667	2.352	-3.785	-3.149	0.048	13.000	12.000	124.279	182.083	108.386	106.321	117.000	7.731	0.360	0.166	-0.083	13.000	12.000	118.667	182.083	109.289	106.970	110.952	3.246	0.119	0.226	0.062	13.000	12.000	107.667	182.083	106.792	106.273	109.500	2.105	-1.056	0.197	1.167	30.000	12.000	114.484	177.981	110.800	107.500	113.000	1.444	-0.027	-0.103	-0.062	43.000	12.000	119.553	180.132	113.832	112.893	122.900	1.265	-0.276	0.000	0.183	NaN	NaN	NaN	NaN	NaN	NaN	NaN	NaN	NaN	NaN	NaN
13.000	14.000	13.000	116.296	182.224	111.138	108.892	114.760	2.555	0.203	0.137	-0.000	14.000	13.000	119.733	182.224	108.434	106.143	111.833	7.620	-0.111	-0.021	0.082	14.000	13.000	115.571	182.224	109.251	108.143	112.714	2.809	-0.437	-0.040	0.364	14.000	13.000	112.259	182.224	108.021	106.034	111.867	3.096	0.991	0.065	-0.845	31.000	13.000	117.667	176.660	111.308	108.324	117.111	1.490	0.046	-0.115	-0.097	44.000	13.000	121.625	180.177	114.929	112.688	119.944	1.671	0.406	-0.049	-0.324	NaN	NaN	NaN	NaN	NaN	NaN	NaN	NaN	NaN	NaN	NaN
14.000	15.000	14.000	114.533	180.078	111.621	110.000	113.759	2.341	-0.214	-0.184	-0.000	15.000	14.000	114.200	180.078	108.084	106.935	121.750	7.306	-0.314	0.082	0.411	NaN	NaN	NaN	NaN	NaN	NaN	NaN	NaN	NaN	NaN	NaN	15.000	14.000	111.429	180.078	107.824	107.759	115.200	3.172	0.076	0.136	-0.000	32.000	14.000	116.697	175.773	110.379	108.571	112.000	1.593	0.103	0.347	0.238	45.000	14.000	118.767	181.584	114.467	113.200	118.583	1.441	-0.230	-0.100	0.175	NaN	NaN	NaN	NaN	NaN	NaN	NaN	NaN	NaN	NaN	NaN
15.000	16.000	15.000	117.467	180.523	111.104	111.576	119.125	2.398	0.057	-0.188	-0.236	16.000	15.000	117.488	180.523	107.897	105.097	111.909	7.084	-0.222	-0.000	0.184	NaN	NaN	NaN	NaN	NaN	NaN	NaN	NaN	NaN	NaN	NaN	16.000	15.000	112.556	180.523	108.014	107.758	113.933	3.153	-0.019	-0.000	0.061	33.000	15.000	112.167	175.817	109.427	106.931	111.176	1.176	-0.417	0.013	0.331	46.000	15.000	118.610	181.199	115.560	113.000	121.455	1.192	-0.249	-0.129	0.000	NaN	NaN	NaN	NaN	NaN	NaN	NaN	NaN	NaN	NaN	NaN
16.000	17.000	16.000	116.000	181.394	110.291	110.200	113.545	2.279	-0.119	-0.026	0.039	17.000	16.000	113.282	181.394	107.001	105.448	112.500	6.621	-0.463	-0.062	0.309	NaN	NaN	NaN	NaN	NaN	NaN	NaN	NaN	NaN	NaN	NaN	17.000	16.000	112.370	181.394	108.314	106.323	113.471	3.348	0.195	-0.130	-0.322	34.000	16.000	114.978	178.335	109.980	108.519	115.250	1.785	0.609	5.575E-16	-0.422	47.000	16.000	117.681	182.376	112.205	109.241	118.444	1.249	0.057	-0.009	-0.033	NaN	NaN	NaN	NaN	NaN	NaN	NaN	NaN	NaN	NaN	NaN
17.000	18.000	17.000	121.345	179.755	112.340	108.524	111.812	2.244	-0.035	-0.437	-0.289	18.000	17.000	114.233	179.755	107.813	106.968	113.071	6.602	-0.019	-0.000	0.040	NaN	NaN	NaN	NaN	NaN	NaN	NaN	NaN	NaN	NaN	NaN	18.000	17.000	113.400	179.755	107.313	106.484	112.308	3.811	0.463	0.195	-0.260	35.000	17.000	117.413	179.930	109.567	106.562	109.545	2.099	0.314	0.084	-0.176	48.000	17.000	120.044	180.727	116.165	114.241	118.250	1.165	-0.084	-0.105	-0.091	NaN	NaN	NaN	NaN	NaN	NaN	NaN	NaN	NaN	NaN	NaN
18.000	19.000	18.000	115.893	178.777	110.032	108.818	110.429	2.057	-0.187	0.365	0.362	19.000	18.000	112.522	178.777	107.127	104.357	108.647	6.483	-0.119	-0.021	0.082	NaN	NaN	NaN	NaN	NaN	NaN	NaN	NaN	NaN	NaN	NaN	19.000	18.000	109.185	178.777	107.825	107.207	110.684	3.673	-0.138	0.133	0.260	36.000	18.000	114.861	177.138	109.638	107.118	114.083	1.885	-0.214	-0.000	0.086	49.000	18.000	118.140	183.353	116.908	113.778	123.300	1.146	-0.019	0.046	0.092	NaN	NaN	NaN	NaN	NaN	NaN	NaN	NaN	NaN	NaN	NaN
19.000	20.000	19.000	111.722	177.499	111.536	110.429	113.704	1.476	-0.582	-0.535	0.111	20.000	19.000	113.860	177.499	107.025	104.964	111.091	6.464	-0.019	0.166	0.206	NaN	NaN	NaN	NaN	NaN	NaN	NaN	NaN	NaN	NaN	NaN	20.000	19.000	109.852	177.499	107.420	107.815	123.500	3.627	-0.046	0.063	0.065	37.000	19.000	115.118	179.377	111.646	112.367	118.615	1.950	0.065	-0.115	-0.201	50.000	19.000	120.424	181.879	115.356	114.125	117.783	0.905	-0.241	-0.040	0.040	NaN	NaN	NaN	NaN	NaN	NaN	NaN	NaN	NaN	NaN	NaN
20.000	21.000	20.000	119.600	178.952	111.724	108.968	115.833	1.609	0.133	-0.116	-0.291	21.000	20.000	115.913	178.952	107.792	108.000	115.167	6.326	-0.138	-0.000	0.144	NaN	NaN	NaN	NaN	NaN	NaN	NaN	NaN	NaN	NaN	NaN	21.000	20.000	107.556	178.952	106.856	107.000	113.571	3.505	-0.122	0.134	0.324	38.000	20.000	116.050	179.125	110.350	107.485	111.957	2.225	0.276	0.177	-0.032	51.000	20.000	118.471	180.780	114.753	111.967	122.636	0.905	0.000	0.043	0.092	NaN	NaN	NaN	NaN	NaN	NaN	NaN	NaN	NaN	NaN	NaN
21.000	22.000	21.000	114.095	177.836	111.359	109.867	118.000	1.533	-0.076	0.340	0.514	22.000	21.000	112.692	177.836	106.855	106.929	112.312	5.909	-0.417	0.062	0.369	NaN	NaN	NaN	NaN	NaN	NaN	NaN	NaN	NaN	NaN	NaN	22.000	21.000	106.000	177.836	106.436	105.692	107.636	3.562	0.057	0.192	0.065	39.000	21.000	120.265	179.008	111.521	109.444	114.778	2.260	0.035	0.073	-0.037	52.000	21.000	119.462	180.966	114.810	113.800	119.591	1.016	0.111	-0.040	-0.091	NaN	NaN	NaN	NaN	NaN	NaN	NaN	NaN	NaN	NaN	NaN
22.000	23.000	22.000	113.306	178.585	111.990	109.828	119.833	1.135	-0.398	-0.183	0.102	23.000	22.000	114.452	178.585	106.706	106.520	111.091	6.242	0.333	-0.040	-0.288	NaN	NaN	NaN	NaN	NaN	NaN	NaN	NaN	NaN	NaN	NaN	23.000	22.000	113.370	178.585	107.937	107.250	111.650	4.656	1.094	0.134	-0.912	40.000	22.000	115.378	180.208	113.462	112.545	116.400	0.532	-1.728	0.715	-0.455	53.000	22.000	117.650	180.669	115.559	112.893	118.000	1.100	0.084	0.043	0.000	NaN	NaN	NaN	NaN	NaN	NaN	NaN	NaN	NaN	NaN	NaN
23.000	24.000	23.000	123.516	178.448	111.105	110.000	120.833	1.950	0.815	0.288	-0.576	24.000	23.000	115.444	178.448	108.085	106.697	115.111	6.399	0.157	0.062	-0.062	NaN	NaN	NaN	NaN	NaN	NaN	NaN	NaN	NaN	NaN	NaN	24.000	23.000	111.214	178.448	108.091	107.346	122.667	4.721	0.065	-0.000	-0.062	NaN	NaN	NaN	NaN	NaN	NaN	NaN	NaN	NaN	NaN	NaN	54.000	23.000	122.263	181.131	116.634	114.545	118.739	0.951	-0.149	-0.049	0.043	NaN	NaN	NaN	NaN	NaN	NaN	NaN	NaN	NaN	NaN	NaN
24.000	25.000	24.000	115.344	178.103	109.064	105.409	115.375	1.809	-0.141	0.041	0.247	25.000	24.000	117.400	178.103	108.305	107.448	115.333	6.334	-0.065	-0.000	-0.022	NaN	NaN	NaN	NaN	NaN	NaN	NaN	NaN	NaN	NaN	NaN	25.000	24.000	112.481	178.103	108.701	107.179	110.368	5.149	0.428	0.195	-0.263	NaN	NaN	NaN	NaN	NaN	NaN	NaN	NaN	NaN	NaN	NaN	55.000	24.000	118.375	181.436	115.473	114.774	122.188	0.982	0.031	-0.124	-0.055	NaN	NaN	NaN	NaN	NaN	NaN	NaN	NaN	NaN	NaN	NaN
25.000	26.000	25.000	114.833	177.084	111.684	110.600	119.375	1.219	-0.590	-0.022	0.328	26.000	25.000	117.238	177.084	107.012	105.739	116.500	5.909	-0.425	-0.000	0.432	NaN	NaN	NaN	NaN	NaN	NaN	NaN	NaN	NaN	NaN	NaN	26.000	25.000	118.214	177.084	108.044	107.345	113.154	5.371	0.222	-0.065	-0.257	NaN	NaN	NaN	NaN	NaN	NaN	NaN	NaN	NaN	NaN	NaN	56.000	25.000	118.564	179.085	111.243	111.857	116.941	0.798	-0.184	0.034	0.145	NaN	NaN	NaN	NaN	NaN	NaN	NaN	NaN	NaN	NaN	NaN
26.000	27.000	26.000	115.889	175.783	112.012	110.719	112.882	1.506	0.287	-0.067	-0.256	27.000	26.000	115.846	175.783	108.103	108.111	112.214	5.818	-0.092	0.062	0.144	NaN	NaN	NaN	NaN	NaN	NaN	NaN	NaN	NaN	NaN	NaN	27.000	26.000	110.200	175.783	108.335	106.719	112.562	5.425	0.054	0.193	0.260	NaN	NaN	NaN	NaN	NaN	NaN	NaN	NaN	NaN	NaN	NaN	57.000	26.000	121.854	180.268	116.579	115.077	127.000	0.970	0.173	-0.054	-0.108	NaN	NaN	NaN	NaN	NaN	NaN	NaN	NaN	NaN	NaN	NaN
27.000	28.000	27.000	115.667	178.009	111.842	111.103	114.667	1.422	-0.084	0.058	0.174	28.000	27.000	116.205	178.009	107.554	106.031	110.556	6.028	0.211	0.144	-0.083	NaN	NaN	NaN	NaN	NaN	NaN	NaN	NaN	NaN	NaN	NaN	28.000	27.000	115.100	178.009	108.504	106.320	112.500	5.807	0.382	0.065	-0.390	NaN	NaN	NaN	NaN	NaN	NaN	NaN	NaN	NaN	NaN	NaN	58.000	27.000	120.357	180.495	115.174	114.474	132.300	0.854	-0.116	-0.039	0.078	NaN	NaN	NaN	NaN	NaN	NaN	NaN	NaN	NaN	NaN	NaN
28.000	29.000	28.000	114.794	177.929	110.195	109.111	114.040	1.457	0.035	0.198	0.036	29.000	28.000	114.810	177.929	108.083	104.600	114.333	5.929	-0.100	-0.000	0.144	NaN	NaN	NaN	NaN	NaN	NaN	NaN	NaN	NaN	NaN	NaN	29.000	28.000	116.593	177.929	108.852	106.862	109.840	5.926	0.119	0.133	0.062	NaN	NaN	NaN	NaN	NaN	NaN	NaN	NaN	NaN	NaN	NaN	59.000	28.000	119.805	179.823	115.324	113.731	120.938	0.903	0.048	0.010	-0.081	NaN	NaN	NaN	NaN	NaN	NaN	NaN	NaN	NaN	NaN	NaN
29.000	30.000	29.000	113.871	177.981	111.227	108.852	113.941	1.173	-0.284	0.032	0.274	30.000	29.000	114.071	177.981	107.686	106.393	112.200	6.066	0.138	0.062	-0.062	NaN	NaN	NaN	NaN	NaN	NaN	NaN	NaN	NaN	NaN	NaN	30.000	29.000	109.207	177.981	107.158	107.129	114.200	5.406	-0.520	0.133	0.652	NaN	NaN	NaN	NaN	NaN	NaN	NaN	NaN	NaN	NaN	NaN	60.000	29.000	120.086	177.975	114.833	113.769	118.800	0.783	-0.119	0.046	0.000	NaN	NaN	NaN	NaN	NaN	NaN	NaN	NaN	NaN	NaN	NaN
30.000	31.000	30.000	110.548	176.660	109.563	110.741	113.722	1.030	-0.143	-1.650E-15	0.368	31.000	30.000	113.000	176.660	106.411	105.423	108.938	5.688	-0.379	-0.184	0.061	NaN	NaN	NaN	NaN	NaN	NaN	NaN	NaN	NaN	NaN	NaN	31.000	30.000	109.481	176.660	107.302	106.200	110.600	5.027	-0.379	0.065	0.389	NaN	NaN	NaN	NaN	NaN	NaN	NaN	NaN	NaN	NaN	NaN	61.000	30.000	121.829	179.506	115.760	113.172	120.450	0.868	0.084	0.049	-0.092	NaN	NaN	NaN	NaN	NaN	NaN	NaN	NaN	NaN	NaN	NaN
31.000	32.000	31.000	112.892	175.773	111.529	109.688	116.857	1.062	0.032	-0.081	-0.313	32.000	31.000	115.167	175.773	107.472	105.484	111.308	6.001	0.314	0.041	-0.206	NaN	NaN	NaN	NaN	NaN	NaN	NaN	NaN	NaN	NaN	NaN	32.000	31.000	110.889	175.773	107.724	106.387	110.792	5.647	0.620	0.065	-0.523	NaN	NaN	NaN	NaN	NaN	NaN	NaN	NaN	NaN	NaN	NaN	62.000	31.000	119.512	178.390	113.090	111.576	118.400	1.154	0.286	0.142	-0.102	NaN	NaN	NaN	NaN	NaN	NaN	NaN	NaN	NaN	NaN	NaN
32.000	33.000	32.000	114.400	175.817	110.912	111.321	117.875	1.525	0.463	0.306	-0.108	33.000	32.000	115.256	175.817	107.333	105.630	109.444	5.818	-0.184	-0.144	0.062	NaN	NaN	NaN	NaN	NaN	NaN	NaN	NaN	NaN	NaN	NaN	33.000	32.000	108.821	175.817	106.668	103.733	109.500	5.593	-0.054	0.069	0.069	NaN	NaN	NaN	NaN	NaN	NaN	NaN	NaN	NaN	NaN	NaN	63.000	32.000	123.250	178.729	116.203	114.290	128.143	1.027	-0.127	-0.312	-0.130	NaN	NaN	NaN	NaN	NaN	NaN	NaN	NaN	NaN	NaN	NaN
33.000	34.000	33.000	112.100	178.335	111.033	107.154	116.818	1.809	0.284	0.200	-0.090	34.000	33.000	116.844	178.335	107.659	107.609	112.111	5.974	0.157	-0.062	-0.206	NaN	NaN	NaN	NaN	NaN	NaN	NaN	NaN	NaN	NaN	NaN	34.000	33.000	111.000	178.335	106.723	104.897	111.600	5.742	0.149	0.069	-0.065	NaN	NaN	NaN	NaN	NaN	NaN	NaN	NaN	NaN	NaN	NaN	64.000	33.000	119.048	181.412	112.691	110.714	115.588	1.054	0.027	0.394	0.218	NaN	NaN	NaN	NaN	NaN	NaN	NaN	NaN	NaN	NaN	NaN
34.000	35.000	34.000	115.457	179.930	110.207	108.115	111.762	2.157	0.349	0.494	0.049	35.000	34.000	121.077	179.930	109.063	106.750	111.400	6.242	0.268	-0.000	-0.267	NaN	NaN	NaN	NaN	NaN	NaN	NaN	NaN	NaN	NaN	NaN	35.000	34.000	111.964	179.930	107.115	106.370	110.588	5.609	-0.133	-0.124	0.065	NaN	NaN	NaN	NaN	NaN	NaN	NaN	NaN	NaN	NaN	NaN	65.000	34.000	118.956	180.522	114.719	112.655	121.667	0.962	-0.092	-0.198	-0.108	NaN	NaN	NaN	NaN	NaN	NaN	NaN	NaN	NaN	NaN	NaN
35.000	36.000	35.000	113.167	177.138	110.469	105.444	115.286	2.027	-0.130	-0.022	0.082	36.000	35.000	115.567	177.138	108.366	105.036	109.000	5.844	-0.398	-0.020	0.267	NaN	NaN	NaN	NaN	NaN	NaN	NaN	NaN	NaN	NaN	NaN	36.000	35.000	109.571	177.138	107.132	106.826	112.929	5.655	0.046	0.065	0.065	NaN	NaN	NaN	NaN	NaN	NaN	NaN	NaN	NaN	NaN	NaN	66.000	35.000	118.286	181.103	113.833	111.771	117.056	1.054	0.092	0.051	0.011	NaN	NaN	NaN	NaN	NaN	NaN	NaN	NaN	NaN	NaN	NaN
36.000	37.000	36.000	113.407	179.377	109.354	108.806	116.333	2.276	0.249	0.363	0.092	37.000	36.000	113.077	179.377	108.181	106.067	109.769	5.929	0.084	-0.124	-0.124	NaN	NaN	NaN	NaN	NaN	NaN	NaN	NaN	NaN	NaN	NaN	37.000	36.000	112.667	179.377	107.911	107.440	109.208	4.775	-0.880	-0.855	-0.065	NaN	NaN	NaN	NaN	NaN	NaN	NaN	NaN	NaN	NaN	NaN	67.000	36.000	119.128	179.286	115.786	116.867	120.227	1.119	0.065	0.043	0.000	NaN	NaN	NaN	NaN	NaN	NaN	NaN	NaN	NaN	NaN	NaN
37.000	38.000	37.000	112.323	179.125	110.136	109.929	114.941	1.989	-0.287	-0.323	-0.092	38.000	37.000	112.310	179.125	106.914	105.688	110.467	5.531	-0.398	0.083	0.534	NaN	NaN	NaN	NaN	NaN	NaN	NaN	NaN	NaN	NaN	NaN	38.000	37.000	107.667	179.125	106.772	105.720	108.688	4.228	-0.547	-0.065	0.454	NaN	NaN	NaN	NaN	NaN	NaN	NaN	NaN	NaN	NaN	NaN	68.000	37.000	119.238	178.779	114.786	112.647	115.219	0.970	-0.149	-0.036	0.036	NaN	NaN	NaN	NaN	NaN	NaN	NaN	NaN	NaN	NaN	NaN
38.000	39.000	38.000	112.765	179.008	110.378	108.871	114.550	2.747	0.758	0.506	-0.137	39.000	38.000	117.083	179.008	108.255	104.037	111.444	5.596	0.065	-0.101	-0.268	NaN	NaN	NaN	NaN	NaN	NaN	NaN	NaN	NaN	NaN	NaN	39.000	38.000	109.185	179.008	107.492	106.586	112.182	5.422	1.194	1.118	0.065	NaN	NaN	NaN	NaN	NaN	NaN	NaN	NaN	NaN	NaN	NaN	69.000	38.000	117.289	177.923	112.113	111.182	112.600	0.924	-0.046	0.088	0.120	NaN	NaN	NaN	NaN	NaN	NaN	NaN	NaN	NaN	NaN	NaN
39.000	40.000	39.000	113.000	180.208	110.767	109.818	113.500	2.636	-0.111	0.046	0.092	40.000	39.000	114.067	180.208	108.020	105.931	110.333	5.317	-0.279	0.043	0.267	NaN	NaN	NaN	NaN	NaN	NaN	NaN	NaN	NaN	NaN	NaN	40.000	39.000	112.370	180.208	108.115	106.967	109.400	5.395	-0.027	0.007	-0.000	NaN	NaN	NaN	NaN	NaN	NaN	NaN	NaN	NaN	NaN	NaN	70.000	39.000	119.383	178.769	112.675	109.966	113.905	1.211	0.287	0.087	-0.135	NaN	NaN	NaN	NaN	NaN	NaN	NaN	NaN	NaN	NaN	NaN
40.000	41.000	40.000	112.098	180.294	108.512	108.314	113.800	5.357	2.722	2.209	-0.090	41.000	40.000	113.467	180.294	108.061	105.000	109.952	5.087	-0.230	-0.101	0.081	NaN	NaN	NaN	NaN	NaN	NaN	NaN	NaN	NaN	NaN	NaN	41.000	40.000	111.000	180.294	107.601	105.536	109.312	5.039	-0.355	0.032	0.374	NaN	NaN	NaN	NaN	NaN	NaN	NaN	NaN	NaN	NaN	NaN	71.000	40.000	118.780	178.035	113.263	111.645	114.885	1.173	-0.038	0.000	0.015	NaN	NaN	NaN	NaN	NaN	NaN	NaN	NaN	NaN	NaN	NaN
41.000	42.000	41.000	114.844	182.139	109.203	107.472	109.853	5.116	-0.241	9.285E-4	0.137	42.000	41.000	112.515	182.139	106.706	104.143	108.316	4.976	-0.111	-0.124	-0.000	NaN	NaN	NaN	NaN	NaN	NaN	NaN	NaN	NaN	NaN	NaN	42.000	41.000	111.667	182.139	107.297	106.087	110.667	5.169	0.130	-0.000	-0.128	NaN	NaN	NaN	NaN	NaN	NaN	NaN	NaN	NaN	NaN	NaN	72.000	41.000	120.675	175.492	113.745	112.036	118.111	1.257	0.084	0.090	0.000	NaN	NaN	NaN	NaN	NaN	NaN	NaN	NaN	NaN	NaN	NaN
42.000	43.000	42.000	121.241	180.132	110.511	106.767	115.000	5.866	0.750	-0.041	-0.508	43.000	42.000	114.107	180.132	107.617	106.714	112.000	4.578	-0.398	-0.019	0.268	NaN	NaN	NaN	NaN	NaN	NaN	NaN	NaN	NaN	NaN	NaN	43.000	42.000	107.296	180.132	106.773	106.520	114.571	4.420	-0.750	0.128	0.843	NaN	NaN	NaN	NaN	NaN	NaN	NaN	NaN	NaN	NaN	NaN	73.000	42.000	117.722	177.738	112.560	112.033	116.526	0.951	-0.306	-0.091	0.053	NaN	NaN	NaN	NaN	NaN	NaN	NaN	NaN	NaN	NaN	NaN
43.000	44.000	43.000	115.528	180.177	109.778	109.914	124.714	2.441	-3.425	-2.481	0.332	44.000	43.000	112.333	180.177	107.152	104.633	109.533	4.819	0.241	-0.185	-0.206	NaN	NaN	NaN	NaN	NaN	NaN	NaN	NaN	NaN	NaN	NaN	44.000	43.000	110.259	180.177	107.322	106.000	111.000	4.363	-0.057	-0.128	-0.064	NaN	NaN	NaN	NaN	NaN	NaN	NaN	NaN	NaN	NaN	NaN	74.000	43.000	118.139	176.690	113.643	111.448	116.556	1.035	0.084	0.020	-0.035	NaN	NaN	NaN	NaN	NaN	NaN	NaN	NaN	NaN	NaN	NaN
44.000	45.000	44.000	127.733	181.584	111.197	109.857	116.105	3.416	0.975	0.035	-0.536	45.000	44.000	113.244	181.584	107.372	107.867	114.000	4.949	0.130	0.062	-0.062	NaN	NaN	NaN	NaN	NaN	NaN	NaN	NaN	NaN	NaN	NaN	45.000	44.000	110.963	181.584	106.658	105.875	109.429	4.921	0.558	-0.000	-0.514	NaN	NaN	NaN	NaN	NaN	NaN	NaN	NaN	NaN	NaN	NaN	75.000	44.000	117.000	178.336	113.203	113.133	117.889	0.943	-0.092	-0.198	-0.054	NaN	NaN	NaN	NaN	NaN	NaN	NaN	NaN	NaN	NaN	NaN
45.000	46.000	45.000	112.219	181.199	110.237	109.971	118.214	5.078	1.663	2.436	0.512	46.000	45.000	112.051	181.199	107.502	105.519	107.545	4.800	-0.149	0.062	0.124	NaN	NaN	NaN	NaN	NaN	NaN	NaN	NaN	NaN	NaN	NaN	46.000	45.000	108.926	181.199	107.136	105.871	111.706	5.051	0.130	0.055	-0.129	NaN	NaN	NaN	NaN	NaN	NaN	NaN	NaN	NaN	NaN	NaN	76.000	45.000	119.059	175.577	113.521	112.267	119.062	0.970	0.027	0.180	0.180	NaN	NaN	NaN	NaN	NaN	NaN	NaN	NaN	NaN	NaN	NaN
46.000	47.000	46.000	113.472	182.376	108.091	107.870	112.133	3.053	-2.026	-1.870	-0.044	47.000	46.000	114.436	182.376	107.981	103.680	107.357	4.884	0.084	0.021	-0.062	NaN	NaN	NaN	NaN	NaN	NaN	NaN	NaN	NaN	NaN	NaN	47.000	46.000	111.926	182.376	107.416	105.571	109.778	5.766	0.715	0.057	-0.653	NaN	NaN	NaN	NaN	NaN	NaN	NaN	NaN	NaN	NaN	NaN	77.000	46.000	119.364	176.319	111.941	110.767	113.346	0.878	-0.092	0.228	0.114	NaN	NaN	NaN	NaN	NaN	NaN	NaN	NaN	NaN	NaN	NaN
47.000	48.000	47.000	113.214	180.727	109.078	110.031	114.222	2.923	-0.130	-0.400	-0.140	48.000	47.000	115.214	180.727	107.518	106.036	111.800	4.781	-0.103	0.123	0.123	NaN	NaN	NaN	NaN	NaN	NaN	NaN	NaN	NaN	NaN	NaN	48.000	47.000	110.000	180.727	107.348	108.061	112.227	5.265	-0.501	-0.065	0.460	NaN	NaN	NaN	NaN	NaN	NaN	NaN	NaN	NaN	NaN	NaN	78.000	47.000	113.567	174.482	111.024	110.094	115.267	0.970	0.092	0.057	0.057	NaN	NaN	NaN	NaN	NaN	NaN	NaN	NaN	NaN	NaN	NaN
48.000	49.000	48.000	127.226	183.353	110.443	107.938	109.581	3.569	0.647	0.075	-0.530	49.000	48.000	111.963	183.353	106.772	105.750	115.167	4.735	-0.046	0.144	0.206	NaN	NaN	NaN	NaN	NaN	NaN	NaN	NaN	NaN	NaN	NaN	49.000	48.000	112.400	183.353	106.897	106.588	110.350	6.087	0.823	-0.000	-0.646	NaN	NaN	NaN	NaN	NaN	NaN	NaN	NaN	NaN	NaN	NaN	79.000	48.000	120.400	172.598	112.552	108.065	119.875	1.563	0.593	0.145	-0.178	NaN	NaN	NaN	NaN	NaN	NaN	NaN	NaN	NaN	NaN	NaN
49.000	50.000	49.000	117.214	181.879	110.234	108.773	115.750	3.620	0.051	0.338	0.209	50.000	49.000	114.056	181.879	107.776	106.333	110.929	5.263	0.528	0.062	-0.329	NaN	NaN	NaN	NaN	NaN	NaN	NaN	NaN	NaN	NaN	NaN	50.000	49.000	113.444	181.879	107.344	106.964	109.818	6.014	-0.073	0.137	0.065	NaN	NaN	NaN	NaN	NaN	NaN	NaN	NaN	NaN	NaN	NaN	80.000	49.000	117.583	173.838	110.945	108.296	119.750	1.514	-0.049	0.250	0.071	NaN	NaN	NaN	NaN	NaN	NaN	NaN	NaN	NaN	NaN	NaN
50.000	51.000	50.000	118.679	180.780	110.981	108.192	114.059	3.302	-0.318	-0.434	-0.050	51.000	50.000	111.000	180.780	107.139	106.219	112.000	5.087	-0.176	-0.062	0.062	NaN	NaN	NaN	NaN	NaN	NaN	NaN	NaN	NaN	NaN	NaN	51.000	50.000	110.963	180.780	107.423	106.161	109.368	5.739	-0.276	-0.142	0.065	NaN	NaN	NaN	NaN	NaN	NaN	NaN	NaN	NaN	NaN	NaN	81.000	50.000	119.211	173.745	111.325	109.714	124.800	1.744	0.230	0.115	-0.009	NaN	NaN	NaN	NaN	NaN	NaN	NaN	NaN	NaN	NaN	NaN
51.000	52.000	51.000	119.750	180.966	110.526	108.741	114.818	3.459	0.157	0.142	-0.000	52.000	51.000	109.393	180.966	107.508	104.935	107.621	4.892	-0.195	-0.061	0.061	NaN	NaN	NaN	NaN	NaN	NaN	NaN	NaN	NaN	NaN	NaN	52.000	51.000	109.357	180.966	107.459	105.833	110.846	5.750	0.011	-0.009	-0.065	NaN	NaN	NaN	NaN	NaN	NaN	NaN	NaN	NaN	NaN	NaN	82.000	51.000	116.158	172.928	111.838	110.704	118.455	1.671	-0.073	0.052	0.091	NaN	NaN	NaN	NaN	NaN	NaN	NaN	NaN	NaN	NaN	NaN
52.000	53.000	52.000	119.929	180.669	110.875	108.174	114.231	4.546	1.087	0.865	-0.009	53.000	52.000	110.893	180.669	107.362	106.469	110.409	5.244	0.352	0.062	-0.267	NaN	NaN	NaN	NaN	NaN	NaN	NaN	NaN	NaN	NaN	NaN	53.000	52.000	109.333	180.669	107.224	105.194	114.231	5.777	0.027	-0.199	-0.130	NaN	NaN	NaN	NaN	NaN	NaN	NaN	NaN	NaN	NaN	NaN	83.000	52.000	118.295	173.669	111.919	108.357	114.150	1.927	0.257	0.099	-0.126	NaN	NaN	NaN	NaN	NaN	NaN	NaN	NaN	NaN	NaN	NaN
53.000	54.000	53.000	123.103	181.131	110.118	108.429	115.833	3.355	-1.190	-0.945	0.038	54.000	53.000	114.250	181.131	108.658	106.320	116.286	5.485	0.241	-0.123	-0.267	NaN	NaN	NaN	NaN	NaN	NaN	NaN	NaN	NaN	NaN	NaN	54.000	53.000	112.630	181.131	107.806	105.321	110.118	5.574	-0.203	-0.130	-0.000	NaN	NaN	NaN	NaN	NaN	NaN	NaN	NaN	NaN	NaN	NaN	84.000	53.000	120.300	174.101	112.987	112.357	118.562	1.541	-0.387	-0.153	0.061	NaN	NaN	NaN	NaN	NaN	NaN	NaN	NaN	NaN	NaN	NaN
54.000	55.000	54.000	120.370	181.436	109.568	109.939	114.933	5.909	2.553	2.393	0.039	55.000	54.000	112.667	181.436	107.453	104.280	116.667	5.680	0.195	-0.020	-0.267	NaN	NaN	NaN	NaN	NaN	NaN	NaN	NaN	NaN	NaN	NaN	55.000	54.000	110.444	181.436	107.759	104.188	109.125	5.766	0.192	0.062	-0.065	NaN	NaN	NaN	NaN	NaN	NaN	NaN	NaN	NaN	NaN	NaN	NaN	NaN	NaN	NaN	NaN	NaN	NaN	NaN	NaN	NaN	NaN	NaN	NaN	NaN	NaN	NaN	NaN	NaN	NaN	NaN	NaN	NaN
55.000	56.000	55.000	109.633	179.085	108.568	107.944	113.105	5.124	-0.785	0.044	0.525	56.000	55.000	114.815	179.085	107.713	105.577	109.667	5.420	-0.260	-0.206	-0.021	NaN	NaN	NaN	NaN	NaN	NaN	NaN	NaN	NaN	NaN	NaN	56.000	55.000	114.074	179.085	108.155	105.531	112.308	5.712	-0.054	-0.132	-0.130	NaN	NaN	NaN	NaN	NaN	NaN	NaN	NaN	NaN	NaN	NaN	NaN	NaN	NaN	NaN	NaN	NaN	NaN	NaN	NaN	NaN	NaN	NaN	NaN	NaN	NaN	NaN	NaN	NaN	NaN	NaN	NaN	NaN
56.000	57.000	56.000	116.926	180.268	109.672	109.030	115.625	6.231	1.106	0.132	-0.496	57.000	56.000	115.700	180.268	109.116	104.778	110.429	6.039	0.620	0.062	-0.411	NaN	NaN	NaN	NaN	NaN	NaN	NaN	NaN	NaN	NaN	NaN	57.000	56.000	115.000	180.268	108.043	105.607	109.312	5.677	-0.035	-0.065	0.002	NaN	NaN	NaN	NaN	NaN	NaN	NaN	NaN	NaN	NaN	NaN	NaN	NaN	NaN	NaN	NaN	NaN	NaN	NaN	NaN	NaN	NaN	NaN	NaN	NaN	NaN	NaN	NaN	NaN	NaN	NaN	NaN	NaN
57.000	58.000	57.000	117.833	180.495	108.372	106.000	111.045	6.548	0.317	0.041	-0.050	58.000	57.000	117.500	180.495	108.510	107.222	113.500	6.085	0.046	-0.144	-0.144	NaN	NaN	NaN	NaN	NaN	NaN	NaN	NaN	NaN	NaN	NaN	58.000	57.000	110.370	180.495	107.611	109.233	114.600	5.168	-0.509	0.128	0.518	NaN	NaN	NaN	NaN	NaN	NaN	NaN	NaN	NaN	NaN	NaN	NaN	NaN	NaN	NaN	NaN	NaN	NaN	NaN	NaN	NaN	NaN	NaN	NaN	NaN	NaN	NaN	NaN	NaN	NaN	NaN	NaN	NaN
58.000	59.000	58.000	121.690	179.823	109.964	109.778	118.067	6.827	0.279	-0.000	0.028	59.000	58.000	114.806	179.823	108.712	104.645	108.190	5.844	-0.241	-0.000	0.206	NaN	NaN	NaN	NaN	NaN	NaN	NaN	NaN	NaN	NaN	NaN	59.000	58.000	112.643	179.823	107.239	104.030	108.304	5.547	0.379	-0.065	-0.390	NaN	NaN	NaN	NaN	NaN	NaN	NaN	NaN	NaN	NaN	NaN	NaN	NaN	NaN	NaN	NaN	NaN	NaN	NaN	NaN	NaN	NaN	NaN	NaN	NaN	NaN	NaN	NaN	NaN	NaN	NaN	NaN	NaN
59.000	60.000	59.000	119.774	177.975	110.669	108.462	115.818	4.200	-2.626	-2.700	-0.019	60.000	59.000	113.048	177.975	107.769	106.071	109.105	5.661	-0.184	-0.144	0.082	NaN	NaN	NaN	NaN	NaN	NaN	NaN	NaN	NaN	NaN	NaN	60.000	59.000	114.345	177.975	107.814	103.655	107.421	5.463	-0.084	-0.195	-0.130	NaN	NaN	NaN	NaN	NaN	NaN	NaN	NaN	NaN	NaN	NaN	NaN	NaN	NaN	NaN	NaN	NaN	NaN	NaN	NaN	NaN	NaN	NaN	NaN	NaN	NaN	NaN	NaN	NaN	NaN	NaN	NaN	NaN
60.000	61.000	60.000	111.872	179.506	108.138	107.680	111.550	2.712	-1.488	0.231	0.563	61.000	60.000	112.583	179.506	108.881	106.875	113.455	5.393	-0.268	-0.041	0.144	NaN	NaN	NaN	NaN	NaN	NaN	NaN	NaN	NaN	NaN	NaN	61.000	60.000	118.464	179.506	107.490	105.156	112.067	5.601	0.138	-0.067	-0.132	NaN	NaN	NaN	NaN	NaN	NaN	NaN	NaN	NaN	NaN	NaN	NaN	NaN	NaN	NaN	NaN	NaN	NaN	NaN	NaN	NaN	NaN	NaN	NaN	NaN	NaN	NaN	NaN	NaN	NaN	NaN	NaN	NaN
61.000	62.000	61.000	117.321	178.390	109.919	107.080	113.500	5.329	2.617	0.637	-0.467	62.000	61.000	113.917	178.390	108.258	105.152	109.059	5.707	0.314	-0.000	-0.267	NaN	NaN	NaN	NaN	NaN	NaN	NaN	NaN	NaN	NaN	NaN	62.000	61.000	114.138	178.390	107.326	107.357	134.000	5.490	-0.111	-0.065	-0.002	NaN	NaN	NaN	NaN	NaN	NaN	NaN	NaN	NaN	NaN	NaN	NaN	NaN	NaN	NaN	NaN	NaN	NaN	NaN	NaN	NaN	NaN	NaN	NaN	NaN	NaN	NaN	NaN	NaN	NaN	NaN	NaN	NaN
62.000	63.000	62.000	109.909	178.729	109.943	108.208	114.867	2.368	-2.961	-0.458	0.680	63.000	62.000	115.372	178.729	108.702	105.281	111.667	5.661	-0.046	-0.000	0.101	NaN	NaN	NaN	NaN	NaN	NaN	NaN	NaN	NaN	NaN	NaN	63.000	62.000	111.357	178.729	107.455	105.654	113.500	5.444	-0.046	-0.065	0.065	NaN	NaN	NaN	NaN	NaN	NaN	NaN	NaN	NaN	NaN	NaN	NaN	NaN	NaN	NaN	NaN	NaN	NaN	NaN	NaN	NaN	NaN	NaN	NaN	NaN	NaN	NaN	NaN	NaN	NaN	NaN	NaN	NaN
63.000	64.000	63.000	114.448	181.412	110.242	110.458	113.833	5.004	2.636	0.053	-0.473	64.000	63.000	117.077	181.412	108.375	105.800	114.400	5.948	0.287	0.062	-0.247	NaN	NaN	NaN	NaN	NaN	NaN	NaN	NaN	NaN	NaN	NaN	64.000	63.000	113.393	181.412	107.716	107.226	111.733	5.225	-0.219	-0.065	-0.000	NaN	NaN	NaN	NaN	NaN	NaN	NaN	NaN	NaN	NaN	NaN	NaN	NaN	NaN	NaN	NaN	NaN	NaN	NaN	NaN	NaN	NaN	NaN	NaN	NaN	NaN	NaN	NaN	NaN	NaN	NaN	NaN	NaN
64.000	65.000	64.000	116.828	180.522	109.084	109.929	115.923	4.993	-0.011	-0.284	-0.040	65.000	64.000	116.417	180.522	107.962	106.783	110.533	5.661	-0.287	-0.123	0.123	NaN	NaN	NaN	NaN	NaN	NaN	NaN	NaN	NaN	NaN	NaN	65.000	64.000	111.800	180.522	107.597	109.360	114.000	5.176	-0.049	-0.002	0.130	NaN	NaN	NaN	NaN	NaN	NaN	NaN	NaN	NaN	NaN	NaN	NaN	NaN	NaN	NaN	NaN	NaN	NaN	NaN	NaN	NaN	NaN	NaN	NaN	NaN	NaN	NaN	NaN	NaN	NaN	NaN	NaN	NaN
65.000	66.000	65.000	124.848	181.103	109.890	109.286	114.294	6.019	1.026	0.505	-0.088	66.000	65.000	119.974	181.103	108.981	106.080	109.750	6.280	0.620	0.144	-0.453	NaN	NaN	NaN	NaN	NaN	NaN	NaN	NaN	NaN	NaN	NaN	66.000	65.000	112.393	181.103	107.316	105.033	109.000	5.108	-0.068	-0.062	0.065	NaN	NaN	NaN	NaN	NaN	NaN	NaN	NaN	NaN	NaN	NaN	NaN	NaN	NaN	NaN	NaN	NaN	NaN	NaN	NaN	NaN	NaN	NaN	NaN	NaN	NaN	NaN	NaN	NaN	NaN	NaN	NaN	NaN
66.000	67.000	66.000	123.452	179.286	110.242	107.222	109.941	6.366	0.347	0.362	0.091	67.000	66.000	110.833	179.286	108.399	108.581	115.214	5.596	-0.685	-0.082	0.596	NaN	NaN	NaN	NaN	NaN	NaN	NaN	NaN	NaN	NaN	NaN	67.000	66.000	111.243	179.286	107.692	105.538	109.053	5.062	-0.046	-0.195	-0.065	NaN	NaN	NaN	NaN	NaN	NaN	NaN	NaN	NaN	NaN	NaN	NaN	NaN	NaN	NaN	NaN	NaN	NaN	NaN	NaN	NaN	NaN	NaN	NaN	NaN	NaN	NaN	NaN	NaN	NaN	NaN	NaN	NaN
67.000	68.000	67.000	110.484	178.779	109.405	107.226	114.500	2.252	-4.113	-0.162	1.137	68.000	67.000	112.333	178.779	107.764	105.750	111.000	5.909	0.314	0.124	-0.206	NaN	NaN	NaN	NaN	NaN	NaN	NaN	NaN	NaN	NaN	NaN	68.000	67.000	112.111	178.779	107.626	107.115	111.615	4.515	-0.547	-0.130	0.262	NaN	NaN	NaN	NaN	NaN	NaN	NaN	NaN	NaN	NaN	NaN	NaN	NaN	NaN	NaN	NaN	NaN	NaN	NaN	NaN	NaN	NaN	NaN	NaN	NaN	NaN	NaN	NaN	NaN	NaN	NaN	NaN	NaN
68.000	69.000	68.000	112.812	177.923	110.534	108.781	120.571	2.585	0.333	-0.069	-0.337	69.000	68.000	113.417	177.923	107.833	108.556	114.214	5.772	-0.138	-0.206	-0.062	NaN	NaN	NaN	NaN	NaN	NaN	NaN	NaN	NaN	NaN	NaN	69.000	68.000	110.852	177.923	106.717	105.520	110.083	4.296	-0.219	-0.000	0.130	NaN	NaN	NaN	NaN	NaN	NaN	NaN	NaN	NaN	NaN	NaN	NaN	NaN	NaN	NaN	NaN	NaN	NaN	NaN	NaN	NaN	NaN	NaN	NaN	NaN	NaN	NaN	NaN	NaN	NaN	NaN	NaN	NaN
69.000	70.000	69.000	116.581	178.769	111.467	111.273	120.900	2.620	0.035	-0.030	-0.053	70.000	69.000	116.628	178.769	108.480	107.037	112.231	6.208	0.436	-0.000	-0.349	NaN	NaN	NaN	NaN	NaN	NaN	NaN	NaN	NaN	NaN	NaN	70.000	69.000	113.690	178.769	107.979	107.433	110.826	4.504	0.208	-0.065	-0.133	NaN	NaN	NaN	NaN	NaN	NaN	NaN	NaN	NaN	NaN	NaN	NaN	NaN	NaN	NaN	NaN	NaN	NaN	NaN	NaN	NaN	NaN	NaN	NaN	NaN	NaN	NaN	NaN	NaN	NaN	NaN	NaN	NaN
70.000	71.000	70.000	115.171	178.035	110.648	110.000	118.750	2.444	-0.176	0.109	0.180	71.000	70.000	116.750	178.035	108.736	106.433	110.895	5.994	-0.214	-0.000	0.144	NaN	NaN	NaN	NaN	NaN	NaN	NaN	NaN	NaN	NaN	NaN	71.000	70.000	111.321	178.035	107.618	107.393	112.333	4.209	-0.295	-0.065	0.197	NaN	NaN	NaN	NaN	NaN	NaN	NaN	NaN	NaN	NaN	NaN	NaN	NaN	NaN	NaN	NaN	NaN	NaN	NaN	NaN	NaN	NaN	NaN	NaN	NaN	NaN	NaN	NaN	NaN	NaN	NaN	NaN	NaN
71.000	72.000	71.000	110.429	175.492	109.426	106.913	111.462	2.436	-0.008	0.130	0.104	72.000	71.000	115.786	175.492	108.904	108.731	111.556	6.104	0.111	-0.062	-0.124	NaN	NaN	NaN	NaN	NaN	NaN	NaN	NaN	NaN	NaN	NaN	72.000	71.000	110.852	175.492	107.484	106.226	109.667	4.033	-0.176	0.067	0.262	NaN	NaN	NaN	NaN	NaN	NaN	NaN	NaN	NaN	NaN	NaN	NaN	NaN	NaN	NaN	NaN	NaN	NaN	NaN	NaN	NaN	NaN	NaN	NaN	NaN	NaN	NaN	NaN	NaN	NaN	NaN	NaN	NaN
72.000	73.000	72.000	115.378	177.738	111.885	111.243	123.375	2.877	0.441	-0.234	-0.457	73.000	72.000	117.946	177.738	108.225	106.607	111.467	6.326	0.222	-0.000	-0.287	NaN	NaN	NaN	NaN	NaN	NaN	NaN	NaN	NaN	NaN	NaN	73.000	72.000	109.815	177.738	106.818	105.062	110.062	3.960	-0.073	-0.067	-0.067	NaN	NaN	NaN	NaN	NaN	NaN	NaN	NaN	NaN	NaN	NaN	NaN	NaN	NaN	NaN	NaN	NaN	NaN	NaN	NaN	NaN	NaN	NaN	NaN	NaN	NaN	NaN	NaN	NaN	NaN	NaN	NaN	NaN
73.000	74.000	73.000	114.905	176.690	111.163	109.618	127.250	2.655	-0.222	-0.039	0.091	74.000	73.000	117.905	176.690	109.310	105.821	107.960	6.586	0.260	0.124	-0.043	NaN	NaN	NaN	NaN	NaN	NaN	NaN	NaN	NaN	NaN	NaN	74.000	73.000	110.000	176.690	107.366	104.741	107.444	3.616	-0.344	-0.195	0.130	NaN	NaN	NaN	NaN	NaN	NaN	NaN	NaN	NaN	NaN	NaN	NaN	NaN	NaN	NaN	NaN	NaN	NaN	NaN	NaN	NaN	NaN	NaN	NaN	NaN	NaN	NaN	NaN	NaN	NaN	NaN	NaN	NaN
74.000	75.000	74.000	120.481	178.336	111.616	109.769	114.706	4.296	1.641	-0.066	-0.369	75.000	74.000	112.273	178.336	108.402	106.040	108.364	6.254	-0.333	-0.105	0.081	NaN	NaN	NaN	NaN	NaN	NaN	NaN	NaN	NaN	NaN	NaN	75.000	74.000	111.286	178.336	107.957	105.600	111.600	3.624	0.008	0.069	0.130	NaN	NaN	NaN	NaN	NaN	NaN	NaN	NaN	NaN	NaN	NaN	NaN	NaN	NaN	NaN	NaN	NaN	NaN	NaN	NaN	NaN	NaN	NaN	NaN	NaN	NaN	NaN	NaN	NaN	NaN	NaN	NaN	NaN
75.000	76.000	75.000	115.405	175.577	110.198	108.818	119.000	1.965	-2.330	-0.520	0.403	76.000	75.000	111.909	175.577	107.251	106.517	110.000	6.059	-0.195	0.062	0.268	NaN	NaN	NaN	NaN	NaN	NaN	NaN	NaN	NaN	NaN	NaN	76.000	75.000	110.370	175.577	108.824	108.828	116.000	3.432	-0.192	-0.000	0.065	NaN	NaN	NaN	NaN	NaN	NaN	NaN	NaN	NaN	NaN	NaN	NaN	NaN	NaN	NaN	NaN	NaN	NaN	NaN	NaN	NaN	NaN	NaN	NaN	NaN	NaN	NaN	NaN	NaN	NaN	NaN	NaN	NaN
76.000	77.000	76.000	115.389	176.319	112.368	111.150	125.000	2.011	0.046	0.129	-0.014	77.000	76.000	114.385	176.319	109.500	110.778	116.385	6.651	0.593	-0.081	-0.598	NaN	NaN	NaN	NaN	NaN	NaN	NaN	NaN	NaN	NaN	NaN	77.000	76.000	110.148	176.319	106.706	105.133	110.091	3.440	0.008	-0.000	0.065	NaN	NaN	NaN	NaN	NaN	NaN	NaN	NaN	NaN	NaN	NaN	NaN	NaN	NaN	NaN	NaN	NaN	NaN	NaN	NaN	NaN	NaN	NaN	NaN	NaN	NaN	NaN	NaN	NaN	NaN	NaN	NaN	NaN
77.000	78.000	77.000	114.611	174.482	110.392	110.174	116.692	2.658	0.647	0.325	-0.174	78.000	77.000	114.485	174.482	108.609	106.577	113.125	6.808	0.157	0.019	-0.205	NaN	NaN	NaN	NaN	NaN	NaN	NaN	NaN	NaN	NaN	NaN	78.000	77.000	109.519	174.482	108.168	106.040	110.786	3.451	0.011	-0.132	-0.195	NaN	NaN	NaN	NaN	NaN	NaN	NaN	NaN	NaN	NaN	NaN	NaN	NaN	NaN	NaN	NaN	NaN	NaN	NaN	NaN	NaN	NaN	NaN	NaN	NaN	NaN	NaN	NaN	NaN	NaN	NaN	NaN	NaN
78.000	79.000	78.000	114.457	172.598	111.768	108.407	114.333	2.785	0.127	0.274	0.132	79.000	78.000	110.146	172.598	106.477	105.379	107.950	5.967	-0.842	-0.020	0.906	NaN	NaN	NaN	NaN	NaN	NaN	NaN	NaN	NaN	NaN	NaN	79.000	78.000	111.586	172.598	107.664	107.586	112.692	3.784	0.333	0.132	-0.193	NaN	NaN	NaN	NaN	NaN	NaN	NaN	NaN	NaN	NaN	NaN	NaN	NaN	NaN	NaN	NaN	NaN	NaN	NaN	NaN	NaN	NaN	NaN	NaN	NaN	NaN	NaN	NaN	NaN	NaN	NaN	NaN	NaN
79.000	80.000	79.000	115.200	173.838	112.099	110.194	116.857	2.130	-0.655	-0.547	-0.040	80.000	79.000	110.318	173.838	107.366	107.600	112.353	5.967	0.000	-0.042	-0.042	NaN	NaN	NaN	NaN	NaN	NaN	NaN	NaN	NaN	NaN	NaN	80.000	79.000	109.778	173.838	108.293	107.179	112.412	3.784	0.000	-0.000	-0.004	NaN	NaN	NaN	NaN	NaN	NaN	NaN	NaN	NaN	NaN	NaN	NaN	NaN	NaN	NaN	NaN	NaN	NaN	NaN	NaN	NaN	NaN	NaN	NaN	NaN	NaN	NaN	NaN	NaN	NaN	NaN	NaN	NaN
80.000	81.000	80.000	113.852	173.745	110.342	109.824	116.417	4.248	2.118	2.172	0.100	81.000	80.000	112.556	173.745	107.047	106.000	108.316	6.273	0.306	0.042	-0.164	NaN	NaN	NaN	NaN	NaN	NaN	NaN	NaN	NaN	NaN	NaN	81.000	80.000	108.926	173.745	107.263	107.031	117.375	3.903	0.119	-0.002	-0.065	NaN	NaN	NaN	NaN	NaN	NaN	NaN	NaN	NaN	NaN	NaN	NaN	NaN	NaN	NaN	NaN	NaN	NaN	NaN	NaN	NaN	NaN	NaN	NaN	NaN	NaN	NaN	NaN	NaN	NaN	NaN	NaN	NaN
81.000	82.000	81.000	115.500	172.928	110.230	107.226	111.348	4.240	-0.008	-0.091	0.041	82.000	81.000	112.022	172.928	106.535	106.577	109.722	6.234	-0.038	-0.081	-0.062	NaN	NaN	NaN	NaN	NaN	NaN	NaN	NaN	NaN	NaN	NaN	82.000	81.000	108.704	172.928	106.807	104.733	112.231	4.339	0.436	0.068	-0.325	NaN	NaN	NaN	NaN	NaN	NaN	NaN	NaN	NaN	NaN	NaN	NaN	NaN	NaN	NaN	NaN	NaN	NaN	NaN	NaN	NaN	NaN	NaN	NaN	NaN	NaN	NaN	NaN	NaN	NaN	NaN	NaN	NaN
82.000	83.000	82.000	115.667	173.669	110.408	105.742	111.333	4.167	-0.073	-0.050	-0.000	83.000	82.000	116.689	173.669	107.515	104.292	109.333	6.254	0.019	-0.042	-0.062	NaN	NaN	NaN	NaN	NaN	NaN	NaN	NaN	NaN	NaN	NaN	83.000	82.000	113.179	173.669	108.806	107.037	111.294	4.805	0.466	-0.132	-0.650	NaN	NaN	NaN	NaN	NaN	NaN	NaN	NaN	NaN	NaN	NaN	NaN	NaN	NaN	NaN	NaN	NaN	NaN	NaN	NaN	NaN	NaN	NaN	NaN	NaN	NaN	NaN	NaN	NaN	NaN	NaN	NaN	NaN
83.000	84.000	83.000	114.029	174.101	110.545	107.581	113.611	4.175	0.008	-0.000	0.050	84.000	83.000	112.500	174.101	106.836	105.929	109.833	6.254	0.000	-0.000	0.100	NaN	NaN	NaN	NaN	NaN	NaN	NaN	NaN	NaN	NaN	NaN	84.000	83.000	111.481	174.101	107.875	106.939	111.000	4.664	-0.141	0.065	0.260	NaN	NaN	NaN	NaN	NaN	NaN	NaN	NaN	NaN	NaN	NaN	NaN	NaN	NaN	NaN	NaN	NaN	NaN	NaN	NaN	NaN	NaN	NaN	NaN	NaN	NaN	NaN	NaN	NaN	NaN	NaN	NaN	NaN
84.000	85.000	84.000	116.571	172.299	110.460	108.094	114.316	4.248	0.073	0.092	-0.043	85.000	84.000	111.037	172.299	107.154	106.400	109.769	5.274	-0.980	-0.000	0.554	NaN	NaN	NaN	NaN	NaN	NaN	NaN	NaN	NaN	NaN	NaN	85.000	84.000	110.481	172.299	106.910	105.038	109.077	4.862	0.198	0.130	-0.195	NaN	NaN	NaN	NaN	NaN	NaN	NaN	NaN	NaN	NaN	NaN	NaN	NaN	NaN	NaN	NaN	NaN	NaN	NaN	NaN	NaN	NaN	NaN	NaN	NaN	NaN	NaN	NaN	NaN	NaN	NaN	NaN	NaN
85.000	86.000	85.000	113.108	172.906	109.509	105.875	111.300	4.297	0.049	-0.000	0.092	86.000	85.000	109.741	172.906	107.409	109.240	113.200	5.171	-0.103	0.081	0.205	NaN	NaN	NaN	NaN	NaN	NaN	NaN	NaN	NaN	NaN	NaN	86.000	85.000	110.704	172.906	107.857	105.241	110.556	4.740	-0.122	0.065	0.260	NaN	NaN	NaN	NaN	NaN	NaN	NaN	NaN	NaN	NaN	NaN	NaN	NaN	NaN	NaN	NaN	NaN	NaN	NaN	NaN	NaN	NaN	NaN	NaN	NaN	NaN	NaN	NaN	NaN	NaN	NaN	NaN	NaN
86.000	87.000	86.000	116.059	174.402	110.989	106.692	110.333	4.045	-0.252	0.043	0.092	87.000	86.000	108.111	174.402	106.681	104.276	108.300	5.079	-0.092	-0.018	0.062	NaN	NaN	NaN	NaN	NaN	NaN	NaN	NaN	NaN	NaN	NaN	87.000	86.000	108.741	174.402	106.972	105.833	111.889	4.786	0.046	-0.195	-0.260	NaN	NaN	NaN	NaN	NaN	NaN	NaN	NaN	NaN	NaN	NaN	NaN	NaN	NaN	NaN	NaN	NaN	NaN	NaN	NaN	NaN	NaN	NaN	NaN	NaN	NaN	NaN	NaN	NaN	NaN	NaN	NaN	NaN
87.000	88.000	87.000	114.868	174.515	110.510	107.700	110.667	4.126	0.081	-0.000	-0.044	88.000	87.000	110.259	174.515	108.251	106.429	111.222	5.060	-0.019	-0.000	-0.000	NaN	NaN	NaN	NaN	NaN	NaN	NaN	NaN	NaN	NaN	NaN	88.000	87.000	107.741	174.515	107.899	106.667	113.250	5.206	0.420	0.325	-0.130	NaN	NaN	NaN	NaN	NaN	NaN	NaN	NaN	NaN	NaN	NaN	NaN	NaN	NaN	NaN	NaN	NaN	NaN	NaN	NaN	NaN	NaN	NaN	NaN	NaN	NaN	NaN	NaN	NaN	NaN	NaN	NaN	NaN
88.000	89.000	88.000	114.953	174.797	110.656	108.000	112.353	4.110	-0.016	-0.047	0.093	89.000	88.000	109.967	174.797	106.488	104.852	108.211	4.784	-0.276	-0.080	0.205	NaN	NaN	NaN	NaN	NaN	NaN	NaN	NaN	NaN	NaN	NaN	89.000	88.000	116.857	174.797	107.538	105.000	113.200	6.194	0.988	-0.062	-0.912	NaN	NaN	NaN	NaN	NaN	NaN	NaN	NaN	NaN	NaN	NaN	NaN	NaN	NaN	NaN	NaN	NaN	NaN	NaN	NaN	NaN	NaN	NaN	NaN	NaN	NaN	NaN	NaN	NaN	NaN	NaN	NaN	NaN
89.000	90.000	89.000	112.667	176.215	110.527	109.667	113.115	2.596	-1.513	-1.277	0.360	90.000	89.000	107.407	176.215	106.996	105.643	111.000	4.903	0.119	0.080	-0.062	NaN	NaN	NaN	NaN	NaN	NaN	NaN	NaN	NaN	NaN	NaN	90.000	89.000	115.103	176.215	108.201	106.179	111.286	6.262	0.068	-0.130	-0.260	NaN	NaN	NaN	NaN	NaN	NaN	NaN	NaN	NaN	NaN	NaN	NaN	NaN	NaN	NaN	NaN	NaN	NaN	NaN	NaN	NaN	NaN	NaN	NaN	NaN	NaN	NaN	NaN	NaN	NaN	NaN	NaN	NaN
90.000	91.000	90.000	114.140	175.747	111.263	110.192	115.263	2.731	0.135	-0.178	-0.453	91.000	90.000	111.778	175.747	107.628	104.500	108.217	4.968	0.065	-0.000	-0.063	NaN	NaN	NaN	NaN	NaN	NaN	NaN	NaN	NaN	NaN	NaN	91.000	90.000	114.259	175.747	107.298	105.269	107.348	6.324	0.062	0.195	0.191	NaN	NaN	NaN	NaN	NaN	NaN	NaN	NaN	NaN	NaN	NaN	NaN	NaN	NaN	NaN	NaN	NaN	NaN	NaN	NaN	NaN	NaN	NaN	NaN	NaN	NaN	NaN	NaN	NaN	NaN	NaN	NaN	NaN
91.000	92.000	91.000	114.730	175.969	110.799	109.893	120.125	2.701	-0.030	-0.047	-0.137	92.000	91.000	112.433	175.969	106.174	104.960	110.778	4.968	0.000	-0.125	-0.143	NaN	NaN	NaN	NaN	NaN	NaN	NaN	NaN	NaN	NaN	NaN	92.000	91.000	111.879	175.969	107.046	104.679	107.857	6.714	0.390	0.065	-0.260	NaN	NaN	NaN	NaN	NaN	NaN	NaN	NaN	NaN	NaN	NaN	NaN	NaN	NaN	NaN	NaN	NaN	NaN	NaN	NaN	NaN	NaN	NaN	NaN	NaN	NaN	NaN	NaN	NaN	NaN	NaN	NaN	NaN
92.000	93.000	92.000	114.459	174.797	112.375	110.364	121.500	2.720	0.019	0.136	0.088	93.000	92.000	114.370	174.797	106.669	104.320	108.636	5.052	0.084	-0.000	-0.062	NaN	NaN	NaN	NaN	NaN	NaN	NaN	NaN	NaN	NaN	NaN	93.000	92.000	114.185	174.797	106.648	106.160	110.154	6.362	-0.352	-0.198	0.065	NaN	NaN	NaN	NaN	NaN	NaN	NaN	NaN	NaN	NaN	NaN	NaN	NaN	NaN	NaN	NaN	NaN	NaN	NaN	NaN	NaN	NaN	NaN	NaN	NaN	NaN	NaN	NaN	NaN	NaN	NaN	NaN	NaN
93.000	94.000	93.000	116.896	174.581	111.352	109.143	110.950	2.639	-0.081	-0.321	-0.094	94.000	93.000	109.536	174.581	108.342	107.571	110.938	5.366	0.314	0.062	-0.205	NaN	NaN	NaN	NaN	NaN	NaN	NaN	NaN	NaN	NaN	NaN	94.000	93.000	110.704	174.581	107.987	107.440	110.500	5.991	-0.371	-0.191	0.195	NaN	NaN	NaN	NaN	NaN	NaN	NaN	NaN	NaN	NaN	NaN	NaN	NaN	NaN	NaN	NaN	NaN	NaN	NaN	NaN	NaN	NaN	NaN	NaN	NaN	NaN	NaN	NaN	NaN	NaN	NaN	NaN	NaN
94.000	95.000	94.000	116.919	172.862	110.859	108.885	114.190	2.663	0.024	0.238	0.043	95.000	94.000	111.607	172.862	107.316	105.000	107.810	5.588	0.222	-0.000	-0.205	NaN	NaN	NaN	NaN	NaN	NaN	NaN	NaN	NaN	NaN	NaN	95.000	94.000	117.400	172.862	107.868	107.621	113.417	7.242	1.251	-0.130	-1.306	NaN	NaN	NaN	NaN	NaN	NaN	NaN	NaN	NaN	NaN	NaN	NaN	NaN	NaN	NaN	NaN	NaN	NaN	NaN	NaN	NaN	NaN	NaN	NaN	NaN	NaN	NaN	NaN	NaN	NaN	NaN	NaN	NaN
95.000	96.000	95.000	115.065	173.440	110.833	109.067	115.077	2.222	-0.441	-0.643	-0.138	96.000	95.000	113.485	173.440	106.303	105.259	109.778	5.347	-0.241	0.062	0.330	NaN	NaN	NaN	NaN	NaN	NaN	NaN	NaN	NaN	NaN	NaN	96.000	95.000	116.571	173.440	108.718	106.600	111.400	7.150	-0.092	0.077	0.123	NaN	NaN	NaN	NaN	NaN	NaN	NaN	NaN	NaN	NaN	NaN	NaN	NaN	NaN	NaN	NaN	NaN	NaN	NaN	NaN	NaN	NaN	NaN	NaN	NaN	NaN	NaN	NaN	NaN	NaN	NaN	NaN	NaN
96.000	97.000	96.000	116.341	172.082	112.082	109.739	113.692	2.601	0.379	0.313	-0.031	97.000	96.000	117.111	172.082	107.567	106.300	115.333	6.162	0.815	-0.000	-0.679	NaN	NaN	NaN	NaN	NaN	NaN	NaN	NaN	NaN	NaN	NaN	97.000	96.000	112.733	172.082	107.761	106.172	112.250	6.863	-0.287	0.125	0.463	NaN	NaN	NaN	NaN	NaN	NaN	NaN	NaN	NaN	NaN	NaN	NaN	NaN	NaN	NaN	NaN	NaN	NaN	NaN	NaN	NaN	NaN	NaN	NaN	NaN	NaN	NaN	NaN	NaN	NaN	NaN	NaN	NaN
97.000	98.000	97.000	113.467	172.457	110.891	109.857	114.692	1.774	-0.827	-0.218	0.691	98.000	97.000	113.455	172.457	107.367	109.280	168.000	6.032	-0.130	-0.062	-0.019	NaN	NaN	NaN	NaN	NaN	NaN	NaN	NaN	NaN	NaN	NaN	98.000	97.000	110.519	172.457	107.224	106.154	111.333	6.492	-0.371	0.124	0.392	NaN	NaN	NaN	NaN	NaN	NaN	NaN	NaN	NaN	NaN	NaN	NaN	NaN	NaN	NaN	NaN	NaN	NaN	NaN	NaN	NaN	NaN	NaN	NaN	NaN	NaN	NaN	NaN	NaN	NaN	NaN	NaN	NaN
98.000	99.000	98.000	117.711	172.925	111.683	110.909	114.235	2.214	0.441	-0.186	-0.738	99.000	98.000	117.692	172.925	108.743	108.071	113.000	6.873	0.842	0.062	-0.660	NaN	NaN	NaN	NaN	NaN	NaN	NaN	NaN	NaN	NaN	NaN	99.000	98.000	111.667	172.925	107.611	107.846	110.846	7.326	0.834	0.065	-0.458	NaN	NaN	NaN	NaN	NaN	NaN	NaN	NaN	NaN	NaN	NaN	NaN	NaN	NaN	NaN	NaN	NaN	NaN	NaN	NaN	NaN	NaN	NaN	NaN	NaN	NaN	NaN	NaN	NaN	NaN	NaN	NaN	NaN
99.000	100.000	99.000	115.000	171.992	112.162	109.840	122.222	1.671	-0.544	-0.422	-0.000	100.000	99.000	113.282	171.992	107.481	103.833	109.900	6.384	-0.490	-0.124	0.330	NaN	NaN	NaN	NaN	NaN	NaN	NaN	NaN	NaN	NaN	NaN	100.000	99.000	111.513	171.992	107.189	105.966	110.385	7.031	-0.295	-0.065	0.065	NaN	NaN	NaN	NaN	NaN	NaN	NaN	NaN	NaN	NaN	NaN	NaN	NaN	NaN	NaN	NaN	NaN	NaN	NaN	NaN	NaN	NaN	NaN	NaN	NaN	NaN	NaN	NaN	NaN	NaN	NaN	NaN	NaN
100.000	101.000	100.000	116.659	172.743	111.594	110.815	115.222	1.587	-0.084	-0.046	1.292E-15	101.000	100.000	112.262	172.743	107.134	105.172	109.000	6.384	0.000	0.187	0.268	NaN	NaN	NaN	NaN	NaN	NaN	NaN	NaN	NaN	NaN	NaN	101.000	100.000	109.333	172.743	107.082	105.484	109.438	6.874	-0.157	0.325	0.327	NaN	NaN	NaN	NaN	NaN	NaN	NaN	NaN	NaN	NaN	NaN	NaN	NaN	NaN	NaN	NaN	NaN	NaN	NaN	NaN	NaN	NaN	NaN	NaN	NaN	NaN	NaN	NaN	NaN	NaN	NaN	NaN	NaN
101.000	102.000	101.000	114.907	172.954	110.278	106.500	111.909	2.206	0.620	0.531	-0.000	102.000	101.000	110.935	172.954	107.884	107.043	114.500	5.772	-0.612	-0.102	0.308	NaN	NaN	NaN	NaN	NaN	NaN	NaN	NaN	NaN	NaN	NaN	102.000	101.000	113.852	172.954	107.679	104.519	107.300	6.469	-0.404	-0.325	0.195	NaN	NaN	NaN	NaN	NaN	NaN	NaN	NaN	NaN	NaN	NaN	NaN	NaN	NaN	NaN	NaN	NaN	NaN	NaN	NaN	NaN	NaN	NaN	NaN	NaN	NaN	NaN	NaN	NaN	NaN	NaN	NaN	NaN
102.000	103.000	102.000	113.911	171.497	110.353	108.613	110.194	1.992	-0.214	-0.183	0.051	103.000	102.000	110.630	171.497	107.080	106.714	110.600	5.688	-0.084	0.248	0.287	NaN	NaN	NaN	NaN	NaN	NaN	NaN	NaN	NaN	NaN	NaN	103.000	102.000	115.741	171.497	106.432	105.536	109.263	5.230	-1.240	-1.103	-0.000	NaN	NaN	NaN	NaN	NaN	NaN	NaN	NaN	NaN	NaN	NaN	NaN	NaN	NaN	NaN	NaN	NaN	NaN	NaN	NaN	NaN	NaN	NaN	NaN	NaN	NaN	NaN	NaN	NaN	NaN	NaN	NaN	NaN
103.000	104.000	103.000	116.375	171.663	111.534	110.583	113.333	1.770	-0.222	1.289E-15	0.092	104.000	103.000	111.074	171.663	107.108	106.080	108.750	5.615	-0.073	0.082	0.144	NaN	NaN	NaN	NaN	NaN	NaN	NaN	NaN	NaN	NaN	NaN	104.000	103.000	112.667	171.663	108.164	106.682	112.182	6.183	0.953	1.104	0.260	NaN	NaN	NaN	NaN	NaN	NaN	NaN	NaN	NaN	NaN	NaN	NaN	NaN	NaN	NaN	NaN	NaN	NaN	NaN	NaN	NaN	NaN	NaN	NaN	NaN	NaN	NaN	NaN	NaN	NaN	NaN	NaN	NaN
104.000	105.000	104.000	127.906	173.487	113.425	109.700	114.333	3.489	1.718	0.261	-0.751	105.000	104.000	109.107	173.487	107.124	106.088	113.727	5.420	-0.195	-0.062	0.144	NaN	NaN	NaN	NaN	NaN	NaN	NaN	NaN	NaN	NaN	NaN	105.000	104.000	109.259	173.487	107.353	106.320	108.812	5.983	-0.200	-0.132	-0.065	NaN	NaN	NaN	NaN	NaN	NaN	NaN	NaN	NaN	NaN	NaN	NaN	NaN	NaN	NaN	NaN	NaN	NaN	NaN	NaN	NaN	NaN	NaN	NaN	NaN	NaN	NaN	NaN	NaN	NaN	NaN	NaN	NaN
105.000	106.000	105.000	114.174	169.570	108.972	106.000	110.714	2.425	-1.064	0.367	0.636	106.000	105.000	111.963	169.570	107.399	108.000	119.857	4.976	-0.444	-0.082	0.329	NaN	NaN	NaN	NaN	NaN	NaN	NaN	NaN	NaN	NaN	NaN	106.000	105.000	109.333	169.570	108.110	106.571	109.750	5.298	-0.685	-0.970	-0.325	NaN	NaN	NaN	NaN	NaN	NaN	NaN	NaN	NaN	NaN	NaN	NaN	NaN	NaN	NaN	NaN	NaN	NaN	NaN	NaN	NaN	NaN	NaN	NaN	NaN	NaN	NaN	NaN	NaN	NaN	NaN	NaN	NaN
106.000	107.000	106.000	114.860	169.878	109.517	109.292	114.571	1.625	-0.800	-0.822	-0.000	107.000	106.000	108.556	169.878	107.679	106.107	108.958	4.800	-0.176	-0.000	0.143	NaN	NaN	NaN	NaN	NaN	NaN	NaN	NaN	NaN	NaN	NaN	107.000	106.000	115.028	169.878	107.859	105.385	111.111	6.993	1.695	0.971	-0.461	NaN	NaN	NaN	NaN	NaN	NaN	NaN	NaN	NaN	NaN	NaN	NaN	NaN	NaN	NaN	NaN	NaN	NaN	NaN	NaN	NaN	NaN	NaN	NaN	NaN	NaN	NaN	NaN	NaN	NaN	NaN	NaN	NaN
107.000	108.000	107.000	113.550	171.995	109.883	110.640	115.692	2.899	1.274	1.195	0.002	108.000	107.000	111.156	171.995	107.161	105.889	110.643	5.320	0.520	-0.080	-0.376	NaN	NaN	NaN	NaN	NaN	NaN	NaN	NaN	NaN	NaN	NaN	108.000	107.000	116.667	171.995	107.240	106.259	111.667	6.833	-0.160	-0.065	0.065	NaN	NaN	NaN	NaN	NaN	NaN	NaN	NaN	NaN	NaN	NaN	NaN	NaN	NaN	NaN	NaN	NaN	NaN	NaN	NaN	NaN	NaN	NaN	NaN	NaN	NaN	NaN	NaN	NaN	NaN	NaN	NaN	NaN
108.000	109.000	108.000	113.500	171.261	108.995	107.238	112.000	2.509	-0.390	-0.414	-0.092	109.000	108.000	116.487	171.261	107.957	107.731	111.053	5.136	-0.184	-0.063	0.063	NaN	NaN	NaN	NaN	NaN	NaN	NaN	NaN	NaN	NaN	NaN	109.000	108.000	112.679	171.261	107.454	108.290	114.214	6.821	-0.011	0.065	0.065	NaN	NaN	NaN	NaN	NaN	NaN	NaN	NaN	NaN	NaN	NaN	NaN	NaN	NaN	NaN	NaN	NaN	NaN	NaN	NaN	NaN	NaN	NaN	NaN	NaN	NaN	NaN	NaN	NaN	NaN	NaN	NaN	NaN
109.000	110.000	109.000	124.767	172.559	111.987	110.115	115.100	2.623	0.114	-0.850	-0.737	110.000	109.000	114.972	172.559	107.733	106.241	116.750	5.274	0.138	0.143	-0.000	NaN	NaN	NaN	NaN	NaN	NaN	NaN	NaN	NaN	NaN	NaN	110.000	109.000	115.037	172.559	107.190	104.867	108.167	6.787	-0.035	0.065	0.065	NaN	NaN	NaN	NaN	NaN	NaN	NaN	NaN	NaN	NaN	NaN	NaN	NaN	NaN	NaN	NaN	NaN	NaN	NaN	NaN	NaN	NaN	NaN	NaN	NaN	NaN	NaN	NaN	NaN	NaN	NaN	NaN	NaN
110.000	111.000	110.000	118.074	172.247	110.945	106.208	112.000	3.516	0.892	0.860	0.106	111.000	110.000	113.359	172.247	107.335	107.897	112.375	5.385	0.111	-0.125	-0.205	NaN	NaN	NaN	NaN	NaN	NaN	NaN	NaN	NaN	NaN	NaN	111.000	110.000	112.067	172.247	107.506	106.966	110.529	7.001	0.214	0.065	-0.130	NaN	NaN	NaN	NaN	NaN	NaN	NaN	NaN	NaN	NaN	NaN	NaN	NaN	NaN	NaN	NaN	NaN	NaN	NaN	NaN	NaN	NaN	NaN	NaN	NaN	NaN	NaN	NaN	NaN	NaN	NaN	NaN	NaN
111.000	112.000	111.000	124.000	173.127	110.410	106.690	111.316	3.221	-0.295	-0.386	-0.315	112.000	111.000	114.905	173.127	107.064	105.423	111.182	5.553	0.168	-0.000	-0.125	NaN	NaN	NaN	NaN	NaN	NaN	NaN	NaN	NaN	NaN	NaN	112.000	111.000	114.000	173.127	107.381	105.071	108.500	6.844	-0.157	-0.000	0.065	NaN	NaN	NaN	NaN	NaN	NaN	NaN	NaN	NaN	NaN	NaN	NaN	NaN	NaN	NaN	NaN	NaN	NaN	NaN	NaN	NaN	NaN	NaN	NaN	NaN	NaN	NaN	NaN	NaN	NaN	NaN	NaN	NaN
112.000	113.000	112.000	124.516	173.372	110.505	106.885	115.800	3.535	0.314	0.234	0.145	113.000	112.000	111.433	173.372	106.935	105.900	110.067	5.431	-0.122	0.125	0.125	NaN	NaN	NaN	NaN	NaN	NaN	NaN	NaN	NaN	NaN	NaN	113.000	112.000	111.704	173.372	107.399	105.214	111.778	6.909	0.065	0.069	-0.000	NaN	NaN	NaN	NaN	NaN	NaN	NaN	NaN	NaN	NaN	NaN	NaN	NaN	NaN	NaN	NaN	NaN	NaN	NaN	NaN	NaN	NaN	NaN	NaN	NaN	NaN	NaN	NaN	NaN	NaN	NaN	NaN	NaN
113.000	114.000	113.000	123.448	172.865	109.525	106.667	110.824	5.847	2.313	2.139	0.038	114.000	113.000	112.214	172.865	106.865	106.370	110.455	5.718	0.287	-0.125	-0.268	NaN	NaN	NaN	NaN	NaN	NaN	NaN	NaN	NaN	NaN	NaN	114.000	113.000	112.036	172.865	107.041	105.333	109.765	7.326	0.417	0.190	-0.195	NaN	NaN	NaN	NaN	NaN	NaN	NaN	NaN	NaN	NaN	NaN	NaN	NaN	NaN	NaN	NaN	NaN	NaN	NaN	NaN	NaN	NaN	NaN	NaN	NaN	NaN	NaN	NaN	NaN	NaN	NaN	NaN	NaN
114.000	115.000	114.000	125.933	171.724	109.983	106.154	112.231	5.774	-0.073	-0.091	-0.053	115.000	114.000	109.179	171.724	107.639	105.433	110.176	5.504	-0.214	0.125	0.125	NaN	NaN	NaN	NaN	NaN	NaN	NaN	NaN	NaN	NaN	NaN	115.000	114.000	113.444	171.724	107.259	105.071	113.300	7.039	-0.287	-0.062	0.195	NaN	NaN	NaN	NaN	NaN	NaN	NaN	NaN	NaN	NaN	NaN	NaN	NaN	NaN	NaN	NaN	NaN	NaN	NaN	NaN	NaN	NaN	NaN	NaN	NaN	NaN	NaN	NaN	NaN	NaN	NaN	NaN	NaN
115.000	116.000	115.000	130.645	175.343	110.056	104.931	112.600	5.671	-0.103	-0.053	-0.091	116.000	115.000	111.300	175.343	106.710	106.040	112.500	5.718	0.214	-0.124	-0.268	NaN	NaN	NaN	NaN	NaN	NaN	NaN	NaN	NaN	NaN	NaN	116.000	115.000	115.036	175.343	107.581	106.125	109.062	7.421	0.382	-0.067	-0.455	NaN	NaN	NaN	NaN	NaN	NaN	NaN	NaN	NaN	NaN	NaN	NaN	NaN	NaN	NaN	NaN	NaN	NaN	NaN	NaN	NaN	NaN	NaN	NaN	NaN	NaN	NaN	NaN	NaN	NaN	NaN	NaN	NaN
116.000	117.000	116.000	125.857	175.618	110.453	106.167	109.192	5.484	-0.187	-0.143	0.143	117.000	116.000	114.897	175.618	107.325	104.920	108.368	6.273	0.555	-0.080	-0.536	NaN	NaN	NaN	NaN	NaN	NaN	NaN	NaN	NaN	NaN	NaN	117.000	116.000	112.926	175.618	107.236	105.857	109.667	4.767	-2.654	-2.329	0.259	NaN	NaN	NaN	NaN	NaN	NaN	NaN	NaN	NaN	NaN	NaN	NaN	NaN	NaN	NaN	NaN	NaN	NaN	NaN	NaN	NaN	NaN	NaN	NaN	NaN	NaN	NaN	NaN	NaN	NaN	NaN	NaN	NaN
117.000	118.000	117.000	126.094	175.466	110.150	107.517	111.294	5.698	0.214	0.106	-0.181	118.000	117.000	113.949	175.466	107.401	105.966	108.111	6.319	0.046	0.081	0.062	NaN	NaN	NaN	NaN	NaN	NaN	NaN	NaN	NaN	NaN	NaN	118.000	117.000	113.889	175.466	107.716	106.607	111.231	5.788	1.021	1.038	-0.000	NaN	NaN	NaN	NaN	NaN	NaN	NaN	NaN	NaN	NaN	NaN	NaN	NaN	NaN	NaN	NaN	NaN	NaN	NaN	NaN	NaN	NaN	NaN	NaN	NaN	NaN	NaN	NaN	NaN	NaN	NaN	NaN	NaN
118.000	119.000	118.000	125.586	175.662	110.092	107.321	120.000	5.709	0.011	0.053	-0.000	119.000	118.000	114.538	175.662	107.845	106.783	114.125	6.651	0.333	-0.000	-0.349	NaN	NaN	NaN	NaN	NaN	NaN	NaN	NaN	NaN	NaN	NaN	119.000	118.000	112.333	175.662	107.396	107.214	110.889	7.158	1.370	0.973	-0.263	NaN	NaN	NaN	NaN	NaN	NaN	NaN	NaN	NaN	NaN	NaN	NaN	NaN	NaN	NaN	NaN	NaN	NaN	NaN	NaN	NaN	NaN	NaN	NaN	NaN	NaN	NaN	NaN	NaN	NaN	NaN	NaN	NaN
119.000	120.000	119.000	113.786	175.888	111.514	110.870	119.000	2.176	-3.533	-2.344	0.369	120.000	119.000	115.089	175.888	107.856	106.160	109.174	7.244	0.593	-0.062	-0.535	NaN	NaN	NaN	NaN	NaN	NaN	NaN	NaN	NaN	NaN	NaN	120.000	119.000	115.250	175.888	108.974	107.000	110.000	7.536	0.379	0.128	-0.192	NaN	NaN	NaN	NaN	NaN	NaN	NaN	NaN	NaN	NaN	NaN	NaN	NaN	NaN	NaN	NaN	NaN	NaN	NaN	NaN	NaN	NaN	NaN	NaN	NaN	NaN	NaN	NaN	NaN	NaN	NaN	NaN	NaN
120.000	121.000	120.000	117.000	170.298	108.646	105.481	111.091	4.837	2.661	2.342	-0.092	121.000	120.000	114.182	170.298	106.799	104.273	108.727	6.716	-0.528	-0.019	0.330	NaN	NaN	NaN	NaN	NaN	NaN	NaN	NaN	NaN	NaN	NaN	121.000	120.000	112.143	170.298	106.892	105.600	108.562	6.630	-0.907	-0.130	0.714	NaN	NaN	NaN	NaN	NaN	NaN	NaN	NaN	NaN	NaN	NaN	NaN	NaN	NaN	NaN	NaN	NaN	NaN	NaN	NaN	NaN	NaN	NaN	NaN	NaN	NaN	NaN	NaN	NaN	NaN	NaN	NaN	NaN
