dT	T (0)	dT (0)	Base Mean (0)	Body Mean (0)	Proj Mean (0)	Tip Mean (0)	Tip Th Mean (0)	Length (0)	dL (0)	DCTM (0)	DCBM (0)	T (1)	dT (1)	Base Mean (1)	Body Mean (1)	Proj Mean (1)	Tip Mean (1)	Tip Th Mean (1)	Length (1)	dL (1)	DCTM (1)	DCBM (1)	T (2)	dT (2)	Base Mean (2)	Body Mean (2)	Proj Mean (2)	Tip Mean (2)	Tip Th Mean (2)	Length (2)	dL (2)	DCTM (2)	DCBM (2)	T (3)	dT (3)	Base Mean (3)	Body Mean (3)	Proj Mean (3)	Tip Mean (3)	Tip Th Mean (3)	Length (3)	dL (3)	DCTM (3)	DCBM (3)	T (4)	dT (4)	Base Mean (4)	Body Mean (4)	Proj Mean (4)	Tip Mean (4)	Tip Th Mean (4)	Length (4)	dL (4)	DCTM (4)	DCBM (4)	T (5)	dT (5)	Base Mean (5)	Body Mean (5)	Proj Mean (5)	Tip Mean (5)	Tip Th Mean (5)	Length (5)	dL (5)	DCTM (5)	DCBM (5)	T (6)	dT (6)	Base Mean (6)	Body Mean (6)	Proj Mean (6)	Tip Mean (6)	Tip Th Mean (6)	Length (6)	dL (6)	DCTM (6)	DCBM (6)	T (7)	dT (7)	Base Mean (7)	Body Mean (7)	Proj Mean (7)	Tip Mean (7)	Tip Th Mean (7)	Length (7)	dL (7)	DCTM (7)	DCBM (7)	T (8)	dT (8)	Base Mean (8)	Body Mean (8)	Proj Mean (8)	Tip Mean (8)	Tip Th Mean (8)	Length (8)	dL (8)	DCTM (8)	DCBM (8)
-20.000	NaN	NaN	NaN	NaN	NaN	NaN	NaN	NaN	NaN	NaN	NaN	NaN	NaN	NaN	NaN	NaN	NaN	NaN	NaN	NaN	NaN	NaN	NaN	NaN	NaN	NaN	NaN	NaN	NaN	NaN	NaN	NaN	NaN	NaN	NaN	NaN	NaN	NaN	NaN	NaN	NaN	NaN	NaN	NaN	NaN	NaN	NaN	NaN	NaN	NaN	NaN	NaN	NaN	NaN	NaN	NaN	NaN	NaN	NaN	NaN	NaN	NaN	NaN	NaN	NaN	NaN	NaN	NaN	NaN	NaN	NaN	NaN	NaN	NaN	NaN	NaN	NaN	NaN	NaN	NaN	NaN	NaN	NaN	NaN	NaN	NaN	NaN	NaN	56.000	-20.000	485.227	1143.807	NaN	NaN	NaN	NaN	NaN	NaN	NaN
-19.000	NaN	NaN	NaN	NaN	NaN	NaN	NaN	NaN	NaN	NaN	NaN	NaN	NaN	NaN	NaN	NaN	NaN	NaN	NaN	NaN	NaN	NaN	NaN	NaN	NaN	NaN	NaN	NaN	NaN	NaN	NaN	NaN	NaN	NaN	NaN	NaN	NaN	NaN	NaN	NaN	NaN	NaN	NaN	NaN	NaN	NaN	NaN	NaN	NaN	NaN	NaN	NaN	NaN	NaN	NaN	NaN	NaN	NaN	NaN	NaN	NaN	NaN	NaN	NaN	NaN	NaN	NaN	NaN	NaN	NaN	NaN	NaN	NaN	NaN	NaN	NaN	NaN	NaN	NaN	NaN	NaN	NaN	NaN	NaN	NaN	NaN	NaN	NaN	57.000	-19.000	488.958	1138.557	NaN	NaN	NaN	NaN	NaN	NaN	NaN
-18.000	NaN	NaN	NaN	NaN	NaN	NaN	NaN	NaN	NaN	NaN	NaN	NaN	NaN	NaN	NaN	NaN	NaN	NaN	NaN	NaN	NaN	NaN	NaN	NaN	NaN	NaN	NaN	NaN	NaN	NaN	NaN	NaN	NaN	NaN	NaN	NaN	NaN	NaN	NaN	NaN	NaN	NaN	NaN	NaN	NaN	NaN	NaN	NaN	NaN	NaN	NaN	NaN	NaN	NaN	NaN	NaN	NaN	NaN	NaN	NaN	NaN	NaN	NaN	NaN	NaN	NaN	NaN	NaN	NaN	NaN	NaN	NaN	NaN	NaN	NaN	NaN	NaN	NaN	NaN	NaN	NaN	NaN	NaN	NaN	NaN	NaN	NaN	NaN	58.000	-18.000	463.789	1139.029	NaN	NaN	NaN	NaN	NaN	NaN	NaN
-17.000	NaN	NaN	NaN	NaN	NaN	NaN	NaN	NaN	NaN	NaN	NaN	NaN	NaN	NaN	NaN	NaN	NaN	NaN	NaN	NaN	NaN	NaN	NaN	NaN	NaN	NaN	NaN	NaN	NaN	NaN	NaN	NaN	NaN	NaN	NaN	NaN	NaN	NaN	NaN	NaN	NaN	NaN	NaN	NaN	NaN	NaN	NaN	NaN	NaN	NaN	NaN	NaN	NaN	NaN	NaN	NaN	NaN	NaN	NaN	NaN	NaN	NaN	NaN	NaN	NaN	NaN	NaN	NaN	NaN	NaN	NaN	NaN	NaN	NaN	NaN	NaN	NaN	NaN	NaN	NaN	NaN	NaN	NaN	NaN	NaN	NaN	NaN	NaN	59.000	-17.000	459.033	1135.052	NaN	NaN	NaN	NaN	NaN	NaN	NaN
-16.000	NaN	NaN	NaN	NaN	NaN	NaN	NaN	NaN	NaN	NaN	NaN	NaN	NaN	NaN	NaN	NaN	NaN	NaN	NaN	NaN	NaN	NaN	NaN	NaN	NaN	NaN	NaN	NaN	NaN	NaN	NaN	NaN	NaN	NaN	NaN	NaN	NaN	NaN	NaN	NaN	NaN	NaN	NaN	NaN	NaN	NaN	NaN	NaN	NaN	NaN	NaN	NaN	NaN	NaN	NaN	NaN	NaN	NaN	NaN	NaN	NaN	NaN	NaN	NaN	NaN	NaN	NaN	NaN	NaN	NaN	NaN	NaN	NaN	NaN	NaN	NaN	NaN	NaN	NaN	NaN	NaN	NaN	NaN	NaN	NaN	NaN	NaN	NaN	60.000	-16.000	470.321	1128.578	NaN	NaN	NaN	NaN	NaN	NaN	NaN
-15.000	NaN	NaN	NaN	NaN	NaN	NaN	NaN	NaN	NaN	NaN	NaN	NaN	NaN	NaN	NaN	NaN	NaN	NaN	NaN	NaN	NaN	NaN	NaN	NaN	NaN	NaN	NaN	NaN	NaN	NaN	NaN	NaN	NaN	NaN	NaN	NaN	NaN	NaN	NaN	NaN	NaN	NaN	NaN	NaN	NaN	NaN	NaN	NaN	NaN	NaN	NaN	NaN	NaN	NaN	NaN	NaN	NaN	NaN	NaN	NaN	NaN	NaN	NaN	NaN	NaN	NaN	NaN	NaN	NaN	NaN	NaN	NaN	NaN	NaN	NaN	NaN	NaN	NaN	NaN	NaN	NaN	NaN	NaN	NaN	NaN	NaN	NaN	NaN	61.000	-15.000	529.633	1123.374	NaN	NaN	NaN	NaN	NaN	NaN	NaN
-14.000	NaN	NaN	NaN	NaN	NaN	NaN	NaN	NaN	NaN	NaN	NaN	NaN	NaN	NaN	NaN	NaN	NaN	NaN	NaN	NaN	NaN	NaN	NaN	NaN	NaN	NaN	NaN	NaN	NaN	NaN	NaN	NaN	NaN	NaN	NaN	NaN	NaN	NaN	NaN	NaN	NaN	NaN	NaN	NaN	NaN	NaN	NaN	NaN	NaN	NaN	NaN	NaN	NaN	NaN	NaN	NaN	NaN	NaN	NaN	NaN	NaN	NaN	NaN	NaN	NaN	NaN	NaN	NaN	NaN	NaN	NaN	NaN	NaN	NaN	NaN	NaN	NaN	NaN	NaN	NaN	NaN	NaN	NaN	NaN	NaN	NaN	NaN	NaN	62.000	-14.000	512.143	1128.036	NaN	NaN	NaN	NaN	NaN	NaN	NaN
-13.000	NaN	NaN	NaN	NaN	NaN	NaN	NaN	NaN	NaN	NaN	NaN	NaN	NaN	NaN	NaN	NaN	NaN	NaN	NaN	NaN	NaN	NaN	NaN	NaN	NaN	NaN	NaN	NaN	NaN	NaN	NaN	NaN	NaN	NaN	NaN	NaN	NaN	NaN	NaN	NaN	NaN	NaN	NaN	NaN	NaN	NaN	NaN	NaN	NaN	NaN	NaN	NaN	NaN	NaN	NaN	NaN	NaN	NaN	NaN	NaN	NaN	NaN	NaN	NaN	NaN	NaN	NaN	NaN	NaN	NaN	NaN	NaN	NaN	NaN	NaN	NaN	NaN	NaN	NaN	NaN	NaN	NaN	NaN	NaN	NaN	NaN	NaN	NaN	63.000	-13.000	475.333	1128.656	NaN	NaN	NaN	NaN	NaN	NaN	NaN
-12.000	NaN	NaN	NaN	NaN	NaN	NaN	NaN	NaN	NaN	NaN	NaN	NaN	NaN	NaN	NaN	NaN	NaN	NaN	NaN	NaN	NaN	NaN	NaN	NaN	NaN	NaN	NaN	NaN	NaN	NaN	NaN	NaN	NaN	NaN	NaN	NaN	NaN	NaN	NaN	NaN	NaN	NaN	NaN	NaN	NaN	NaN	NaN	NaN	NaN	NaN	NaN	NaN	NaN	NaN	NaN	NaN	NaN	NaN	NaN	NaN	NaN	NaN	NaN	NaN	NaN	NaN	NaN	NaN	NaN	NaN	NaN	NaN	NaN	NaN	NaN	NaN	NaN	NaN	NaN	NaN	NaN	NaN	NaN	NaN	NaN	NaN	NaN	NaN	64.000	-12.000	452.867	1135.928	NaN	NaN	NaN	NaN	NaN	NaN	NaN
-11.000	NaN	NaN	NaN	NaN	NaN	NaN	NaN	NaN	NaN	NaN	NaN	NaN	NaN	NaN	NaN	NaN	NaN	NaN	NaN	NaN	NaN	NaN	NaN	NaN	NaN	NaN	NaN	NaN	NaN	NaN	NaN	NaN	NaN	NaN	NaN	NaN	NaN	NaN	NaN	NaN	NaN	NaN	NaN	NaN	NaN	NaN	NaN	NaN	NaN	NaN	NaN	NaN	NaN	NaN	NaN	NaN	NaN	NaN	NaN	NaN	NaN	NaN	NaN	NaN	NaN	NaN	NaN	NaN	NaN	NaN	NaN	NaN	NaN	NaN	NaN	NaN	NaN	NaN	NaN	NaN	NaN	NaN	NaN	NaN	NaN	NaN	NaN	NaN	65.000	-11.000	475.500	1136.218	NaN	NaN	NaN	NaN	NaN	NaN	NaN
-10.000	NaN	NaN	NaN	NaN	NaN	NaN	NaN	NaN	NaN	NaN	NaN	NaN	NaN	NaN	NaN	NaN	NaN	NaN	NaN	NaN	NaN	NaN	NaN	NaN	NaN	NaN	NaN	NaN	NaN	NaN	NaN	NaN	NaN	NaN	NaN	NaN	NaN	NaN	NaN	NaN	NaN	NaN	NaN	NaN	NaN	NaN	NaN	NaN	NaN	NaN	NaN	NaN	NaN	NaN	NaN	NaN	NaN	NaN	NaN	NaN	NaN	NaN	NaN	NaN	NaN	NaN	NaN	NaN	NaN	NaN	NaN	NaN	NaN	NaN	NaN	NaN	NaN	NaN	NaN	NaN	NaN	NaN	NaN	NaN	NaN	NaN	NaN	NaN	66.000	-10.000	476.100	1132.538	NaN	NaN	NaN	NaN	NaN	NaN	NaN
-9.000	NaN	NaN	NaN	NaN	NaN	NaN	NaN	NaN	NaN	NaN	NaN	NaN	NaN	NaN	NaN	NaN	NaN	NaN	NaN	NaN	NaN	NaN	NaN	NaN	NaN	NaN	NaN	NaN	NaN	NaN	NaN	NaN	NaN	NaN	NaN	NaN	NaN	NaN	NaN	NaN	NaN	NaN	NaN	NaN	NaN	NaN	NaN	NaN	NaN	NaN	NaN	NaN	NaN	NaN	NaN	NaN	NaN	NaN	NaN	NaN	NaN	NaN	NaN	NaN	NaN	NaN	NaN	NaN	NaN	NaN	NaN	NaN	NaN	NaN	NaN	NaN	NaN	NaN	NaN	NaN	NaN	NaN	NaN	NaN	NaN	NaN	NaN	NaN	67.000	-9.000	479.519	1119.986	NaN	NaN	NaN	NaN	NaN	NaN	NaN
-8.000	NaN	NaN	NaN	NaN	NaN	NaN	NaN	NaN	NaN	NaN	NaN	NaN	NaN	NaN	NaN	NaN	NaN	NaN	NaN	NaN	NaN	NaN	NaN	NaN	NaN	NaN	NaN	NaN	NaN	NaN	NaN	NaN	NaN	NaN	NaN	NaN	NaN	NaN	NaN	NaN	NaN	NaN	NaN	NaN	NaN	NaN	NaN	NaN	NaN	NaN	NaN	NaN	NaN	NaN	NaN	NaN	NaN	NaN	NaN	NaN	NaN	NaN	NaN	NaN	NaN	NaN	NaN	NaN	NaN	NaN	NaN	NaN	NaN	NaN	NaN	NaN	NaN	NaN	NaN	NaN	NaN	NaN	NaN	NaN	NaN	NaN	NaN	NaN	68.000	-8.000	468.533	1120.919	NaN	NaN	NaN	NaN	NaN	NaN	NaN
-7.000	NaN	NaN	NaN	NaN	NaN	NaN	NaN	NaN	NaN	NaN	NaN	NaN	NaN	NaN	NaN	NaN	NaN	NaN	NaN	NaN	NaN	NaN	NaN	NaN	NaN	NaN	NaN	NaN	NaN	NaN	NaN	NaN	NaN	NaN	NaN	NaN	NaN	NaN	NaN	NaN	NaN	NaN	NaN	NaN	NaN	NaN	NaN	NaN	NaN	NaN	NaN	NaN	NaN	NaN	NaN	NaN	NaN	NaN	NaN	NaN	NaN	NaN	NaN	NaN	NaN	NaN	NaN	NaN	NaN	NaN	NaN	NaN	NaN	NaN	NaN	NaN	NaN	NaN	NaN	NaN	NaN	NaN	NaN	NaN	NaN	NaN	NaN	NaN	69.000	-7.000	478.667	1109.125	NaN	NaN	NaN	NaN	NaN	NaN	NaN
-6.000	NaN	NaN	NaN	NaN	NaN	NaN	NaN	NaN	NaN	NaN	NaN	NaN	NaN	NaN	NaN	NaN	NaN	NaN	NaN	NaN	NaN	NaN	NaN	NaN	NaN	NaN	NaN	NaN	NaN	NaN	NaN	NaN	NaN	NaN	NaN	NaN	NaN	NaN	NaN	NaN	NaN	NaN	NaN	NaN	NaN	NaN	NaN	NaN	NaN	NaN	NaN	NaN	NaN	NaN	NaN	NaN	NaN	NaN	NaN	NaN	NaN	NaN	NaN	NaN	NaN	NaN	NaN	NaN	NaN	NaN	NaN	NaN	NaN	NaN	NaN	NaN	NaN	NaN	NaN	NaN	NaN	NaN	NaN	NaN	NaN	NaN	NaN	NaN	70.000	-6.000	469.533	1093.001	NaN	NaN	NaN	NaN	NaN	NaN	NaN
-5.000	NaN	NaN	NaN	NaN	NaN	NaN	NaN	NaN	NaN	NaN	NaN	NaN	NaN	NaN	NaN	NaN	NaN	NaN	NaN	NaN	NaN	NaN	NaN	NaN	NaN	NaN	NaN	NaN	NaN	NaN	NaN	NaN	NaN	NaN	NaN	NaN	NaN	NaN	NaN	NaN	NaN	NaN	NaN	NaN	NaN	NaN	NaN	NaN	NaN	NaN	NaN	NaN	NaN	NaN	NaN	NaN	NaN	NaN	NaN	NaN	NaN	NaN	NaN	NaN	NaN	NaN	NaN	NaN	NaN	NaN	NaN	NaN	NaN	NaN	NaN	NaN	NaN	NaN	NaN	NaN	NaN	NaN	NaN	NaN	NaN	NaN	NaN	NaN	71.000	-5.000	414.310	1097.359	NaN	NaN	NaN	NaN	NaN	NaN	NaN
-4.000	NaN	NaN	NaN	NaN	NaN	NaN	NaN	NaN	NaN	NaN	NaN	NaN	NaN	NaN	NaN	NaN	NaN	NaN	NaN	NaN	NaN	NaN	NaN	NaN	NaN	NaN	NaN	NaN	NaN	NaN	NaN	NaN	NaN	NaN	NaN	NaN	NaN	NaN	NaN	NaN	NaN	NaN	NaN	NaN	NaN	NaN	NaN	NaN	NaN	NaN	NaN	NaN	NaN	NaN	NaN	NaN	NaN	NaN	NaN	NaN	NaN	NaN	NaN	NaN	NaN	NaN	NaN	NaN	NaN	NaN	NaN	NaN	NaN	NaN	NaN	NaN	NaN	NaN	NaN	NaN	NaN	NaN	NaN	NaN	NaN	NaN	NaN	NaN	72.000	-4.000	471.000	1110.866	NaN	NaN	NaN	NaN	NaN	NaN	NaN
-3.000	NaN	NaN	NaN	NaN	NaN	NaN	NaN	NaN	NaN	NaN	NaN	NaN	NaN	NaN	NaN	NaN	NaN	NaN	NaN	NaN	NaN	NaN	NaN	NaN	NaN	NaN	NaN	NaN	NaN	NaN	NaN	NaN	NaN	NaN	NaN	NaN	NaN	NaN	NaN	NaN	NaN	NaN	NaN	NaN	NaN	NaN	NaN	NaN	NaN	NaN	NaN	NaN	NaN	NaN	NaN	NaN	NaN	NaN	NaN	NaN	NaN	NaN	NaN	NaN	NaN	NaN	NaN	NaN	NaN	NaN	NaN	NaN	NaN	NaN	NaN	NaN	NaN	NaN	NaN	NaN	NaN	NaN	NaN	NaN	NaN	NaN	NaN	NaN	73.000	-3.000	424.767	1103.833	NaN	NaN	NaN	NaN	NaN	NaN	NaN
-2.000	NaN	NaN	NaN	NaN	NaN	NaN	NaN	NaN	NaN	NaN	NaN	NaN	NaN	NaN	NaN	NaN	NaN	NaN	NaN	NaN	NaN	NaN	NaN	NaN	NaN	NaN	NaN	NaN	NaN	NaN	NaN	NaN	NaN	NaN	NaN	NaN	NaN	NaN	NaN	NaN	NaN	NaN	NaN	NaN	NaN	NaN	NaN	NaN	NaN	NaN	NaN	NaN	NaN	NaN	NaN	NaN	NaN	NaN	NaN	NaN	NaN	NaN	NaN	NaN	NaN	NaN	NaN	NaN	NaN	NaN	NaN	NaN	NaN	NaN	NaN	NaN	NaN	NaN	NaN	NaN	NaN	NaN	NaN	NaN	NaN	NaN	NaN	NaN	74.000	-2.000	377.793	1093.193	NaN	NaN	NaN	NaN	NaN	NaN	NaN
-1.000	NaN	NaN	NaN	NaN	NaN	NaN	NaN	NaN	NaN	NaN	NaN	NaN	NaN	NaN	NaN	NaN	NaN	NaN	NaN	NaN	NaN	NaN	NaN	NaN	NaN	NaN	NaN	NaN	NaN	NaN	NaN	NaN	NaN	NaN	NaN	NaN	NaN	NaN	NaN	NaN	NaN	NaN	NaN	NaN	NaN	NaN	NaN	NaN	NaN	NaN	NaN	NaN	NaN	NaN	NaN	NaN	NaN	NaN	NaN	NaN	NaN	NaN	NaN	NaN	NaN	NaN	NaN	NaN	NaN	NaN	NaN	NaN	NaN	NaN	NaN	NaN	NaN	NaN	NaN	NaN	NaN	NaN	NaN	NaN	NaN	NaN	NaN	NaN	75.000	-1.000	372.643	1085.698	NaN	NaN	NaN	NaN	NaN	NaN	NaN
0.000	1.000	0.000	538.129	1280.720	304.595	198.552	220.556	3.832	0.000	NaN	NaN	1.000	0.000	530.167	1280.720	243.861	179.038	204.917	10.169	0.000	NaN	NaN	1.000	0.000	433.963	1280.720	278.329	183.821	211.133	8.399	0.000	NaN	NaN	1.000	0.000	512.485	1280.720	373.574	222.774	266.211	4.565	0.000	NaN	NaN	1.000	0.000	582.229	1280.720	371.370	226.241	267.417	2.536	0.000	NaN	NaN	1.000	0.000	662.979	1280.720	327.817	201.200	222.500	5.177	0.000	NaN	NaN	1.000	0.000	452.600	1280.720	239.348	176.000	198.750	10.052	0.000	NaN	NaN	1.000	0.000	578.300	1280.720	278.698	177.714	206.727	6.895	0.000	NaN	NaN	76.000	0.000	435.938	1069.452	292.583	295.100	334.750	0.476	0.476	NaN	NaN
1.000	2.000	1.000	556.767	1254.485	322.966	215.429	260.500	3.878	0.046	0.000	-0.062	2.000	1.000	584.333	1254.485	255.314	166.000	192.333	10.177	0.008	0.049	-0.000	2.000	1.000	427.750	1254.485	281.556	186.448	205.950	8.713	0.314	0.145	-0.086	2.000	1.000	517.500	1254.485	352.584	216.200	256.111	4.611	0.046	0.145	0.087	2.000	1.000	569.773	1254.485	332.435	228.533	258.733	2.241	-0.295	-0.024	0.290	2.000	1.000	619.536	1254.485	319.339	194.903	224.133	4.779	-0.398	0.068	0.133	2.000	1.000	458.971	1254.485	237.145	180.100	228.667	10.106	0.054	0.127	-0.000	2.000	1.000	596.600	1254.485	277.800	163.793	193.538	7.006	0.111	-0.064	-0.129	77.000	1.000	380.781	1054.477	283.846	279.636	309.200	0.476	1.998E-15	0.090	0.090
2.000	3.000	2.000	540.444	1258.239	307.430	214.857	242.833	3.722	-0.157	0.000	0.124	3.000	2.000	541.250	1258.239	251.528	170.821	183.696	10.150	-0.027	0.092	0.141	3.000	2.000	420.357	1258.239	282.967	196.433	228.688	8.870	0.157	0.145	0.000	3.000	2.000	554.676	1258.239	356.632	235.469	291.471	4.748	0.138	0.291	0.116	3.000	2.000	621.000	1258.239	339.896	216.567	256.000	2.490	0.249	0.060	-0.145	3.000	2.000	732.867	1258.239	331.658	195.516	224.750	5.093	0.314	0.130	-0.130	3.000	2.000	489.278	1258.239	240.478	172.286	202.417	10.198	0.092	0.107	-0.000	3.000	2.000	578.750	1258.239	270.590	169.333	193.750	7.006	0.000	0.064	-0.010	78.000	2.000	358.929	1055.430	258.300	257.778	269.333	0.429	-0.047	0.103	0.123
3.000	4.000	3.000	513.935	1247.249	309.437	214.640	247.444	3.871	0.149	0.000	-0.125	4.000	3.000	529.444	1247.249	253.284	174.760	213.727	10.031	-0.119	-0.049	0.092	4.000	3.000	446.267	1247.249	279.293	188.759	228.200	9.184	0.314	0.086	-0.204	4.000	3.000	473.857	1247.249	333.506	229.765	301.333	4.676	-0.073	0.204	0.378	4.000	3.000	669.064	1247.249	369.585	231.833	291.909	2.815	0.325	0.024	-0.265	4.000	3.000	633.300	1247.249	317.253	198.032	224.688	5.131	0.038	0.130	0.067	4.000	3.000	521.949	1247.249	247.670	171.464	204.500	10.125	-0.073	-0.000	0.107	4.000	3.000	621.367	1247.249	277.798	171.464	200.800	7.144	0.138	0.000	-0.075	79.000	3.000	327.036	1044.659	243.333	241.667	264.000	0.522	0.093	0.090	0.054
4.000	5.000	4.000	499.556	1241.456	310.892	211.880	241.071	3.676	-0.195	0.000	0.124	5.000	4.000	525.697	1241.456	252.369	174.312	209.118	9.955	-0.076	0.049	0.049	5.000	4.000	438.467	1241.456	286.116	198.567	234.125	9.368	0.184	0.086	-0.086	5.000	4.000	497.523	1241.456	343.415	243.062	324.400	5.108	0.433	0.263	-0.088	5.000	4.000	692.622	1241.456	410.029	223.548	267.182	2.991	0.176	0.043	-0.105	5.000	4.000	520.966	1241.456	301.481	205.367	243.909	4.836	-0.295	-0.000	0.257	5.000	4.000	546.886	1241.456	247.860	170.714	201.889	10.209	0.084	0.107	0.144	5.000	4.000	594.893	1241.456	270.626	171.600	190.000	7.247	0.103	0.000	-0.128	80.000	4.000	314.889	1034.129	239.520	243.522	286.375	0.525	0.003	3.408E-15	-0.047
5.000	6.000	5.000	507.000	1243.492	310.958	209.100	233.824	3.905	0.230	0.000	-0.144	6.000	5.000	545.459	1243.492	253.952	180.111	223.417	9.874	-0.081	-0.049	0.092	6.000	5.000	448.974	1243.492	276.151	198.423	224.750	10.090	0.723	0.118	-0.409	6.000	5.000	516.238	1243.492	364.778	255.367	320.812	5.422	0.314	0.291	-0.058	6.000	5.000	718.979	1243.492	388.013	216.714	246.800	3.232	0.241	0.000	-0.288	6.000	5.000	490.750	1243.492	300.370	191.483	227.000	4.679	-0.157	0.130	0.256	6.000	5.000	600.267	1243.492	250.141	173.143	204.818	10.328	0.119	0.180	-0.018	6.000	5.000	644.968	1243.492	269.967	168.966	202.125	7.293	0.046	-0.064	-0.075	81.000	5.000	305.821	1019.570	233.889	229.933	262.500	0.503	-0.022	-0.036	-0.018
6.000	7.000	6.000	500.793	1239.891	297.141	210.033	237.214	3.840	-0.065	0.000	0.040	7.000	6.000	521.853	1239.891	246.525	173.667	224.286	9.809	-0.065	0.049	-0.000	7.000	6.000	423.111	1239.891	271.708	197.920	229.538	10.293	0.203	0.059	-0.205	7.000	6.000	543.222	1239.891	365.380	243.226	303.800	5.874	0.452	0.233	-0.145	7.000	6.000	658.953	1239.891	359.825	214.133	258.273	3.278	0.046	0.022	0.000	7.000	6.000	568.207	1239.891	295.501	194.700	219.412	5.012	0.333	0.199	-0.130	7.000	6.000	595.163	1239.891	248.514	176.000	208.267	10.431	0.103	0.090	0.036	7.000	6.000	588.036	1239.891	270.993	161.893	184.833	7.228	-0.065	0.064	0.128	82.000	6.000	346.333	1011.757	255.167	250.615	326.929	0.793	0.290	0.067	-0.078
7.000	8.000	7.000	482.724	1231.333	292.775	206.080	221.000	3.767	-0.073	-0.061	0.000	8.000	7.000	502.852	1231.333	245.301	176.129	218.923	9.522	-0.287	-0.183	0.097	8.000	7.000	441.600	1231.333	265.766	183.613	210.947	10.458	0.165	0.145	-0.059	8.000	7.000	529.667	1231.333	349.205	219.214	261.824	6.142	0.268	0.176	-0.057	8.000	7.000	563.294	1231.333	323.911	211.148	236.824	2.715	-0.563	-0.081	0.368	8.000	7.000	541.286	1231.333	276.433	192.500	225.083	4.901	-0.111	0.061	0.195	8.000	7.000	524.125	1231.333	253.270	171.160	202.385	10.312	-0.119	0.054	0.125	8.000	7.000	622.567	1231.333	276.647	175.231	199.333	7.301	0.073	0.000	-0.076	83.000	7.000	394.391	1008.817	256.379	216.552	281.273	1.196	0.404	0.169	-0.104
8.000	9.000	8.000	518.941	1230.055	299.973	201.120	221.706	3.989	0.222	0.000	-0.144	9.000	8.000	505.286	1230.055	260.005	174.467	207.176	9.511	-0.011	-0.135	-0.183	9.000	8.000	448.583	1230.055	274.250	209.615	235.048	10.913	0.455	0.171	-0.178	9.000	8.000	536.744	1230.055	336.363	195.800	236.929	6.391	0.249	0.233	-0.088	9.000	8.000	513.939	1230.055	314.113	218.100	240.294	2.723	0.008	0.000	-0.021	9.000	8.000	541.821	1230.055	288.207	188.448	239.000	4.912	0.011	0.065	0.003	9.000	8.000	543.700	1230.055	256.567	170.154	208.556	10.423	0.111	-0.000	-0.090	9.000	8.000	611.107	1230.055	270.274	179.333	213.900	7.282	-0.019	-0.064	-0.013	84.000	8.000	443.674	995.180	288.103	235.200	290.727	1.334	0.138	-0.010	-0.193
9.000	10.000	9.000	547.147	1235.612	311.593	207.759	238.000	4.035	0.046	0.000	0.000	10.000	9.000	500.083	1235.612	254.641	172.414	203.333	9.327	-0.184	-0.000	0.237	10.000	9.000	409.769	1235.612	267.251	193.452	212.773	10.653	-0.260	0.119	0.409	10.000	9.000	487.974	1235.612	322.519	192.393	224.154	6.391	0.000	0.291	0.321	10.000	9.000	547.697	1235.612	325.743	221.464	258.733	2.926	0.203	0.000	-0.206	10.000	9.000	556.074	1235.612	290.165	196.069	235.273	4.847	-0.065	0.065	0.132	10.000	9.000	468.674	1235.612	249.840	171.654	196.133	10.258	-0.165	0.109	0.324	10.000	9.000	616.111	1235.612	265.388	161.750	188.786	7.374	0.092	0.064	-0.013	85.000	9.000	438.256	994.035	302.817	242.481	315.091	1.426	0.092	0.179	0.044
10.000	11.000	10.000	533.270	1228.971	306.765	193.857	214.000	4.081	0.046	0.061	0.000	11.000	10.000	510.310	1228.971	250.338	160.231	196.300	9.311	-0.016	-0.048	0.092	11.000	10.000	406.103	1228.971	272.260	197.233	225.765	10.607	-0.046	0.027	0.059	11.000	10.000	517.977	1228.971	332.301	194.033	229.933	6.677	0.287	0.145	-0.058	11.000	10.000	580.871	1228.971	330.312	207.069	241.000	3.194	0.268	0.083	-0.206	11.000	10.000	558.963	1228.971	282.171	190.355	217.118	4.920	0.073	0.130	0.065	11.000	10.000	467.706	1228.971	247.327	162.808	185.929	9.833	-0.425	0.055	0.358	11.000	10.000	625.571	1228.971	270.438	179.037	200.250	7.382	0.008	0.000	-0.014	86.000	10.000	487.370	988.582	319.315	229.968	290.143	1.886	0.460	0.143	-0.228
11.000	12.000	11.000	545.257	1223.591	310.872	185.821	213.538	4.108	0.027	0.000	-0.023	12.000	11.000	506.163	1223.591	253.541	174.346	185.619	9.246	-0.065	-0.000	0.043	12.000	11.000	408.974	1223.591	270.943	188.000	222.857	10.745	0.138	0.145	0.000	12.000	11.000	448.261	1223.591	314.553	194.517	227.867	6.429	-0.249	-0.000	0.203	12.000	11.000	538.933	1223.591	333.168	209.071	235.684	3.423	0.230	0.061	-0.167	12.000	11.000	501.556	1223.591	277.693	189.067	219.000	4.725	-0.195	0.130	0.325	12.000	11.000	466.806	1223.591	255.479	174.679	202.909	9.584	-0.249	-0.000	0.179	12.000	11.000	468.867	1223.591	250.546	173.600	195.733	7.114	-0.268	0.000	0.317	87.000	11.000	491.733	981.524	312.356	220.857	278.583	2.181	0.295	0.324	0.000
12.000	13.000	12.000	528.436	1235.923	307.276	199.214	224.188	4.173	0.065	0.000	-0.040	13.000	12.000	519.425	1235.923	256.730	166.250	209.714	9.403	0.157	0.049	-0.148	13.000	12.000	418.189	1235.923	274.528	186.923	205.700	10.561	-0.184	0.000	0.145	13.000	12.000	443.931	1235.923	306.933	193.808	230.357	6.226	-0.203	0.028	0.058	13.000	12.000	540.111	1235.923	335.048	214.103	248.188	3.588	0.165	0.086	0.007	13.000	12.000	553.370	1235.923	283.463	178.300	197.158	4.920	0.195	0.130	-0.065	13.000	12.000	451.200	1235.923	261.772	167.538	195.923	9.909	0.325	-0.055	-0.111	13.000	12.000	491.107	1235.923	258.740	170.310	185.158	6.865	-0.249	0.000	0.154	88.000	12.000	434.558	980.125	284.466	206.483	242.588	2.318	0.138	0.284	0.091
13.000	14.000	13.000	528.703	1234.857	310.626	197.143	229.636	4.127	-0.046	-0.021	-0.021	14.000	13.000	538.314	1234.857	256.036	166.720	193.000	9.441	0.038	-0.049	-0.099	14.000	13.000	402.000	1234.857	271.478	183.296	205.438	10.458	-0.103	0.000	0.059	14.000	13.000	452.862	1234.857	312.343	186.040	211.600	6.272	0.046	-0.058	-0.145	14.000	13.000	538.471	1234.857	349.675	219.310	255.000	3.393	-0.195	-0.145	0.031	14.000	13.000	569.074	1234.857	288.486	193.935	218.133	5.023	0.103	-0.000	-0.130	14.000	13.000	504.667	1234.857	268.784	183.138	215.938	10.047	0.138	0.089	-0.089	14.000	13.000	524.138	1234.857	259.381	172.138	202.273	6.903	0.038	0.000	-0.051	89.000	13.000	494.044	971.568	303.784	209.759	255.909	2.870	0.552	0.274	-0.233
14.000	15.000	14.000	544.941	1244.755	317.043	197.871	216.950	4.051	-0.076	0.024	0.097	15.000	14.000	508.379	1244.755	255.854	161.160	187.125	9.192	-0.249	-0.000	0.190	15.000	14.000	430.444	1244.755	285.609	194.207	236.000	10.791	0.333	0.000	-0.291	15.000	14.000	420.556	1244.755	313.683	183.893	220.667	6.345	0.073	-0.029	-0.000	15.000	14.000	575.306	1244.755	369.570	220.500	260.294	3.401	0.008	-0.116	-0.087	15.000	14.000	523.034	1244.755	282.456	181.556	197.333	5.169	0.146	0.064	-0.000	15.000	14.000	505.818	1244.755	263.772	172.556	201.462	10.185	0.138	-0.000	-0.090	15.000	14.000	495.429	1244.755	255.301	171.536	195.533	6.903	0.000	0.000	0.012	90.000	14.000	489.533	967.204	299.422	208.000	258.000	2.954	0.084	0.142	0.091
15.000	16.000	15.000	510.000	1234.744	305.311	192.963	224.364	4.116	0.065	-0.024	-0.084	16.000	15.000	506.976	1234.744	263.455	162.185	192.909	9.452	0.260	0.049	-0.000	16.000	15.000	436.583	1234.744	277.594	188.385	213.211	11.097	0.306	-0.086	-0.350	16.000	15.000	481.241	1234.744	327.975	193.897	240.167	6.704	0.360	-0.058	-0.466	16.000	15.000	583.140	1234.744	360.648	210.400	233.350	3.439	0.038	0.145	0.171	16.000	15.000	442.889	1234.744	288.093	177.300	201.000	5.104	-0.065	0.130	0.195	16.000	15.000	597.711	1234.744	280.874	184.889	230.769	10.748	0.563	0.055	-0.468	16.000	15.000	495.519	1234.744	265.384	172.536	201.091	6.903	0.000	0.000	-0.064	91.000	15.000	454.045	963.173	283.375	197.667	234.900	3.092	0.138	0.143	0.000
16.000	17.000	16.000	549.757	1234.078	316.312	208.655	235.800	4.135	0.019	0.024	0.024	17.000	16.000	526.558	1234.078	274.168	165.154	192.875	9.548	0.095	-0.049	-0.049	17.000	16.000	403.722	1234.078	269.131	180.172	205.667	10.764	-0.333	0.059	0.350	17.000	16.000	444.758	1234.078	321.715	193.926	241.111	6.880	0.176	0.058	-0.000	17.000	16.000	503.477	1234.078	298.662	217.250	253.143	2.720	-0.720	-0.058	0.581	17.000	16.000	364.704	1234.078	272.707	192.138	223.867	4.836	-0.268	0.131	0.390	17.000	16.000	579.047	1234.078	270.382	184.379	223.714	10.913	0.165	0.090	-0.179	17.000	16.000	598.900	1234.078	272.941	166.536	194.182	7.163	0.260	0.000	-0.246	92.000	16.000	480.182	962.925	285.346	186.077	220.118	3.314	0.222	0.183	0.000
17.000	18.000	17.000	572.053	1241.851	318.224	201.071	233.692	4.154	0.019	-0.022	-0.061	18.000	17.000	574.349	1241.851	281.116	160.321	178.125	9.528	-0.019	-0.000	-0.000	18.000	17.000	389.476	1241.851	269.174	179.440	219.500	11.051	0.287	0.000	-0.205	18.000	17.000	453.524	1241.851	312.592	185.931	216.750	7.045	0.165	0.176	0.057	18.000	17.000	527.711	1241.851	319.677	215.286	246.684	2.647	-0.073	0.000	0.058	18.000	17.000	506.607	1241.851	287.757	198.882	224.611	5.540	0.704	0.131	-0.456	18.000	17.000	573.750	1241.851	267.631	179.231	205.286	11.115	0.203	0.090	-0.090	18.000	17.000	623.893	1241.851	282.525	167.926	188.353	7.385	0.222	0.000	-0.203	93.000	17.000	489.222	975.804	286.845	181.840	214.667	3.460	0.146	0.183	0.000
18.000	19.000	18.000	552.919	1245.454	305.554	205.893	226.000	4.062	-0.092	0.000	0.083	19.000	18.000	497.758	1245.454	285.396	169.833	187.476	9.028	-0.501	-0.000	0.281	19.000	18.000	404.487	1245.454	268.872	172.769	203.091	11.162	0.111	0.145	0.026	19.000	18.000	457.950	1245.454	323.872	198.074	226.944	7.286	0.241	0.114	-0.119	19.000	18.000	524.044	1245.454	322.447	205.567	238.789	2.582	-0.065	-0.087	0.000	19.000	18.000	472.111	1245.454	282.692	195.806	229.357	5.548	0.008	0.260	0.195	19.000	18.000	530.750	1245.454	266.479	182.115	232.500	10.958	-0.157	-0.000	0.145	19.000	18.000	678.062	1245.454	287.819	175.167	202.200	7.580	0.195	-0.064	-0.128	94.000	18.000	483.114	962.498	285.856	190.429	235.000	3.716	0.257	0.091	-0.183
19.000	20.000	19.000	557.758	1243.096	314.654	212.538	237.000	3.878	-0.184	-0.040	0.166	20.000	19.000	499.405	1243.096	287.966	168.423	197.364	9.093	0.065	-0.000	-0.000	20.000	19.000	347.704	1243.096	266.128	171.120	212.833	10.672	-0.490	0.119	0.409	20.000	19.000	453.071	1243.096	304.871	195.133	232.286	7.711	0.425	0.291	-0.086	20.000	19.000	521.595	1243.096	309.632	205.964	235.647	2.544	-0.038	0.087	0.028	20.000	19.000	398.556	1243.096	264.897	189.103	215.467	5.291	-0.257	0.002	0.193	20.000	19.000	510.441	1243.096	256.913	174.069	201.714	10.874	-0.084	-0.000	-0.000	20.000	19.000	672.576	1243.096	285.200	172.143	198.000	7.718	0.138	0.064	-0.151	95.000	19.000	495.609	969.739	294.264	182.679	216.000	4.712	0.995	-0.131	-1.066
20.000	21.000	20.000	514.233	1249.589	288.581	203.038	235.462	3.878	0.000	0.000	-0.083	21.000	20.000	496.250	1249.589	288.552	163.643	189.600	8.963	-0.130	-0.000	0.092	21.000	20.000	359.926	1249.589	256.941	172.913	206.167	10.894	0.222	0.060	-0.145	21.000	20.000	481.641	1249.589	300.216	182.586	211.067	8.117	0.406	0.175	-0.203	21.000	20.000	551.156	1249.589	315.766	207.400	241.722	2.831	0.287	0.145	-0.087	21.000	20.000	332.519	1249.589	248.426	196.000	225.706	5.226	-0.065	0.260	0.325	21.000	20.000	457.733	1249.589	244.712	169.931	187.222	10.783	-0.092	-0.055	0.013	21.000	20.000	586.586	1249.589	275.862	169.607	201.900	7.320	-0.398	0.000	0.331	96.000	20.000	502.467	965.956	286.518	193.100	237.750	5.026	0.314	0.000	-0.377
21.000	22.000	21.000	452.407	1244.134	282.951	199.556	225.769	3.787	-0.092	0.045	0.053	22.000	21.000	567.487	1244.134	301.193	164.520	202.455	9.203	0.241	-0.000	-0.190	22.000	21.000	344.444	1244.134	251.015	165.926	185.267	10.902	0.008	0.086	0.059	22.000	21.000	495.194	1244.134	295.052	182.038	200.300	8.423	0.306	0.291	-0.029	22.000	21.000	573.364	1244.134	313.863	200.200	228.000	3.052	0.222	0.059	-0.118	22.000	21.000	543.750	1244.134	266.111	191.258	217.722	6.255	1.029	0.263	-0.718	22.000	21.000	429.889	1244.134	238.402	171.731	205.500	10.626	-0.157	-0.055	0.055	22.000	21.000	566.724	1244.134	270.858	170.148	200.714	7.098	-0.222	0.000	0.214	97.000	21.000	515.500	966.070	287.154	198.600	254.714	5.202	0.176	-0.273	-0.325
22.000	23.000	22.000	480.750	1256.100	275.284	199.714	232.143	4.081	0.295	0.021	-0.247	23.000	22.000	599.977	1256.100	305.009	163.846	185.438	9.215	0.011	-0.000	0.092	23.000	22.000	345.519	1256.100	245.432	160.407	182.077	11.308	0.406	0.000	-0.376	23.000	22.000	502.486	1256.100	299.193	174.357	194.944	8.763	0.341	0.203	-0.175	23.000	22.000	565.750	1256.100	320.149	216.774	272.182	3.320	0.268	0.117	-0.088	23.000	22.000	507.933	1256.100	260.229	186.484	218.385	6.366	0.111	0.195	0.130	23.000	22.000	411.000	1256.100	233.074	172.889	194.615	10.855	0.230	0.200	-0.000	23.000	22.000	596.941	1256.100	275.702	180.367	206.133	6.968	-0.130	-0.064	0.128	98.000	22.000	484.936	970.723	280.101	184.613	219.438	5.293	0.092	-0.143	-0.182
23.000	24.000	23.000	465.966	1240.989	271.404	196.800	214.444	4.081	0.000	0.000	-0.022	24.000	23.000	486.429	1240.989	271.826	160.040	177.737	8.701	-0.513	-0.000	0.561	24.000	23.000	379.370	1240.989	241.623	162.593	185.667	11.335	0.027	0.000	-0.027	24.000	23.000	569.590	1240.989	284.449	179.793	202.188	9.215	0.452	0.088	-0.233	24.000	23.000	593.381	1240.989	362.872	213.357	245.722	3.393	0.073	0.117	-0.059	24.000	23.000	488.000	1240.989	247.753	186.567	211.188	6.109	-0.257	0.130	0.259	24.000	23.000	380.667	1240.989	224.774	169.200	190.083	10.718	-0.138	-0.055	-0.000	24.000	23.000	532.393	1240.989	274.949	184.893	210.882	6.394	-0.574	-0.203	0.256	99.000	23.000	548.204	968.343	291.348	186.370	220.188	5.488	0.195	-0.039	-0.234
24.000	25.000	24.000	437.655	1239.727	265.207	211.233	240.312	4.192	0.111	0.000	0.000	25.000	24.000	465.500	1239.727	263.996	162.083	181.529	8.544	-0.157	-0.000	0.140	25.000	24.000	347.630	1239.727	241.390	170.273	184.400	11.289	-0.046	-0.027	0.032	25.000	24.000	578.619	1239.727	292.259	185.286	216.312	9.613	0.398	0.262	-0.116	25.000	24.000	624.167	1239.727	409.210	207.467	264.333	3.393	0.000	0.087	0.058	25.000	24.000	423.286	1239.727	240.080	184.233	214.727	5.933	-0.176	0.195	0.325	25.000	24.000	372.222	1239.727	221.566	168.036	188.235	10.698	-0.019	-0.000	0.055	25.000	24.000	513.676	1239.727	273.375	175.786	201.733	6.245	-0.149	0.000	0.179	100.000	24.000	484.467	966.256	279.064	194.586	234.235	5.404	-0.084	-0.052	-0.052
25.000	26.000	25.000	484.536	1235.809	258.912	206.000	222.444	4.211	0.019	0.042	-0.062	26.000	25.000	533.524	1235.809	284.058	155.625	178.091	9.172	0.628	-0.092	-0.564	26.000	25.000	337.148	1235.809	240.719	158.826	173.818	11.316	0.027	0.145	0.118	26.000	25.000	608.957	1235.809	283.097	172.821	195.333	9.854	0.241	0.174	0.029	26.000	25.000	515.761	1235.809	296.508	220.000	273.000	2.230	-1.163	-0.028	1.221	26.000	25.000	368.179	1235.809	235.089	182.467	205.667	5.830	-0.103	0.130	0.260	26.000	25.000	397.111	1235.809	225.960	181.536	209.333	11.077	0.379	0.055	-0.289	26.000	25.000	507.724	1235.809	267.924	171.370	189.375	6.004	-0.241	0.000	0.204	101.000	25.000	499.000	963.273	275.992	193.679	225.706	5.301	-0.103	0.041	0.152
26.000	27.000	26.000	431.394	1236.923	265.997	201.310	235.583	4.322	0.111	-0.042	-0.042	27.000	26.000	547.095	1236.923	284.225	154.417	173.929	9.318	0.146	-0.092	-0.141	27.000	26.000	377.759	1236.923	240.056	152.720	162.941	11.648	0.333	0.000	-0.291	27.000	26.000	590.359	1236.923	279.145	174.577	208.125	9.992	0.138	0.117	-0.058	27.000	26.000	501.952	1236.923	289.714	211.633	247.462	2.314	0.084	0.000	-0.204	27.000	26.000	413.897	1236.923	228.186	172.800	200.583	5.979	0.149	-7.471E-4	-0.066	27.000	26.000	385.167	1236.923	220.188	172.074	182.773	11.261	0.184	0.055	-0.090	27.000	26.000	512.875	1236.923	264.755	174.966	192.471	5.886	-0.119	-0.064	0.076	102.000	26.000	511.372	973.900	265.278	173.207	196.778	5.217	-0.084	-0.091	-0.041
27.000	28.000	27.000	426.750	1230.838	262.128	190.448	217.417	4.276	-0.046	-0.020	0.062	28.000	27.000	515.667	1230.838	270.899	155.500	191.600	9.280	-0.038	-0.000	-0.134	28.000	27.000	362.519	1230.838	235.664	162.556	177.200	11.323	-0.325	0.087	0.349	28.000	27.000	639.353	1230.838	278.927	168.360	192.385	10.279	0.287	0.117	-0.261	28.000	27.000	514.341	1230.838	302.323	208.074	235.550	2.528	0.214	-0.026	-0.145	28.000	27.000	348.321	1230.838	219.872	167.167	194.667	5.524	-0.455	0.065	0.455	28.000	27.000	404.258	1230.838	221.515	179.607	195.167	11.215	-0.046	-0.055	-0.035	28.000	27.000	494.862	1230.838	256.452	179.448	196.556	5.645	-0.241	0.000	0.203	103.000	27.000	545.739	971.414	275.382	184.808	233.000	5.374	0.157	0.000	-0.133
28.000	29.000	28.000	464.000	1236.849	263.071	189.560	229.727	4.184	-0.092	-0.042	0.020	29.000	28.000	525.515	1236.849	261.053	157.000	182.778	9.211	-0.068	-0.000	-0.275	29.000	28.000	344.750	1236.849	226.143	159.320	176.385	10.834	-0.490	-0.145	0.379	29.000	28.000	618.394	1236.849	279.601	175.571	203.933	10.463	0.184	0.058	-0.088	29.000	28.000	531.842	1236.849	307.246	216.071	243.875	2.647	0.119	0.145	-0.060	29.000	28.000	351.677	1236.849	225.163	169.367	187.938	5.567	0.043	0.065	0.195	29.000	28.000	426.448	1236.849	213.808	163.320	181.583	11.188	-0.027	-0.090	-0.090	29.000	28.000	537.548	1236.849	258.136	167.607	179.800	5.507	-0.138	0.000	0.148	104.000	28.000	561.659	959.094	269.142	185.677	216.526	5.585	0.211	0.000	-0.233
29.000	30.000	29.000	481.370	1225.352	245.377	179.720	194.941	3.832	-0.352	0.000	0.206	30.000	29.000	473.107	1225.352	264.255	153.391	173.600	9.035	-0.176	-0.000	0.141	30.000	29.000	373.583	1225.352	231.965	163.207	183.526	10.677	-0.157	-0.204	0.000	30.000	29.000	600.970	1225.352	267.265	163.333	182.824	10.509	0.046	-0.029	-0.058	30.000	29.000	556.023	1225.352	311.601	207.844	232.389	2.758	0.111	-0.025	-0.025	30.000	29.000	396.552	1225.352	228.150	174.828	210.000	5.280	-0.287	-0.065	0.129	30.000	29.000	393.621	1225.352	216.633	169.120	194.615	11.031	-0.157	-0.145	-0.000	30.000	29.000	509.536	1225.352	241.027	164.259	180.333	5.358	-0.149	0.000	0.128	105.000	29.000	463.957	960.266	249.353	184.692	212.500	5.163	-0.422	0.092	0.557
30.000	31.000	30.000	460.933	1227.303	247.867	173.192	185.600	4.165	0.333	0.000	-0.226	31.000	30.000	532.034	1227.303	253.454	155.333	225.500	9.154	0.119	0.043	-0.049	31.000	30.000	320.929	1227.303	224.101	177.115	234.400	10.263	-0.414	-0.232	0.055	31.000	30.000	505.367	1227.303	258.202	166.000	202.778	10.463	-0.046	0.145	0.145	31.000	30.000	528.756	1227.303	294.793	204.259	226.190	2.482	-0.276	-0.119	0.085	31.000	30.000	363.667	1227.303	222.705	167.767	185.857	4.809	-0.471	-0.130	0.258	31.000	30.000	394.533	1227.303	211.140	165.760	188.400	11.096	0.065	-0.000	-0.021	31.000	30.000	517.000	1227.303	243.696	161.038	185.444	5.247	-0.111	0.000	0.074	106.000	30.000	493.000	950.133	260.093	180.267	209.222	5.420	0.257	0.183	-0.050
31.000	32.000	31.000	446.821	1225.742	241.459	187.222	198.842	3.924	-0.241	-0.021	0.123	32.000	31.000	548.452	1225.742	258.817	158.458	172.737	9.043	-0.111	-0.043	0.049	32.000	31.000	317.074	1225.742	224.137	190.400	233.000	10.006	-0.257	-0.343	-0.119	32.000	31.000	623.571	1225.742	260.164	166.815	194.357	10.765	0.303	0.233	-0.087	32.000	31.000	529.436	1225.742	290.952	211.321	233.941	2.268	-0.214	-0.145	0.000	32.000	31.000	408.536	1225.742	227.092	167.103	185.750	4.771	-0.038	-0.130	-0.064	32.000	31.000	408.767	1225.742	208.200	158.440	172.947	11.207	0.111	0.055	-0.000	32.000	31.000	504.857	1225.742	238.721	158.346	176.917	5.182	-0.065	0.000	0.064	107.000	31.000	445.341	945.699	258.211	176.724	211.444	5.447	0.027	0.275	0.141
32.000	33.000	32.000	462.643	1217.135	244.215	176.185	195.333	4.203	0.279	0.000	-0.248	33.000	32.000	453.600	1217.135	210.047	152.833	168.333	8.622	-0.422	-0.000	0.604	33.000	32.000	324.704	1217.135	231.095	213.355	257.737	9.723	-0.284	-0.340	-0.035	33.000	32.000	541.472	1217.135	256.936	163.160	184.941	10.895	0.130	0.088	0.058	33.000	32.000	479.692	1217.135	281.494	206.840	231.733	2.130	-0.138	-0.060	0.085	33.000	32.000	424.500	1217.135	235.261	171.517	190.188	4.603	-0.168	0.003	0.192	33.000	32.000	410.786	1217.135	206.257	157.321	171.765	11.299	0.092	0.145	-0.034	33.000	32.000	511.897	1217.135	243.400	168.296	178.190	5.071	-0.111	0.000	0.117	108.000	32.000	473.021	947.408	269.868	181.964	211.353	5.761	0.314	0.092	-0.141
33.000	34.000	33.000	470.929	1216.507	231.068	175.885	197.667	4.268	0.065	0.020	-0.062	34.000	33.000	406.968	1216.507	203.856	147.500	161.833	8.454	-0.168	-0.000	-0.044	34.000	33.000	313.407	1216.507	228.354	181.655	219.909	9.547	-0.176	-0.299	-0.180	34.000	33.000	583.606	1216.507	255.527	179.654	196.000	10.960	0.065	-0.030	-0.087	34.000	33.000	546.762	1216.507	288.629	214.929	238.333	2.157	0.027	0.088	0.085	34.000	33.000	406.000	1216.507	228.889	161.120	170.833	4.327	-0.276	-0.002	0.195	34.000	33.000	411.879	1216.507	203.843	164.609	182.917	11.594	0.295	0.124	-0.110	34.000	33.000	534.545	1216.507	251.929	157.269	187.375	4.849	-0.222	0.000	0.219	109.000	33.000	469.340	952.452	263.407	184.700	230.455	5.466	-0.295	-0.092	0.133
34.000	35.000	34.000	422.552	1216.659	236.796	183.600	195.000	4.368	0.100	0.061	-0.043	35.000	34.000	459.034	1216.659	205.861	148.391	168.231	8.573	0.119	-0.000	-0.189	35.000	34.000	341.926	1216.659	233.881	179.519	209.750	9.631	0.084	-0.290	-0.325	35.000	34.000	502.333	1216.659	248.650	173.583	192.714	10.979	0.019	0.030	0.030	35.000	34.000	573.545	1216.659	291.799	214.767	244.875	2.287	0.130	0.058	0.000	35.000	34.000	396.931	1216.659	225.644	167.778	178.588	4.140	-0.187	0.065	0.261	35.000	34.000	421.281	1216.659	204.487	156.115	166.350	11.705	0.111	0.111	0.034	35.000	34.000	493.067	1216.659	239.481	165.115	178.368	4.497	-0.352	0.000	0.322	110.000	34.000	463.156	955.706	257.570	183.900	211.278	5.466	0.000	-0.091	-0.142
35.000	36.000	35.000	405.207	1204.454	233.697	167.828	182.278	4.349	-0.019	0.000	0.061	36.000	35.000	490.690	1204.454	216.309	157.083	177.929	9.100	0.528	-0.000	-0.373	36.000	35.000	307.296	1204.454	237.670	174.857	204.333	9.417	-0.214	-0.265	-0.111	36.000	35.000	474.897	1204.454	246.248	170.458	195.833	10.991	0.011	0.030	0.029	36.000	35.000	601.429	1204.454	304.958	205.655	227.211	2.471	0.184	0.086	-0.177	36.000	35.000	351.444	1204.454	217.475	167.533	186.688	3.807	-0.333	-0.061	0.256	36.000	35.000	390.643	1204.454	203.863	167.357	183.643	11.724	0.019	0.055	-0.034	36.000	35.000	478.857	1204.454	235.280	162.154	175.278	4.348	-0.149	0.000	0.137	111.000	35.000	477.167	964.849	262.625	202.367	248.000	5.715	0.249	-0.092	-0.225
36.000	37.000	36.000	389.069	1202.275	245.906	180.480	198.889	4.303	-0.046	0.000	0.061	37.000	36.000	488.483	1202.275	210.917	153.037	174.833	8.932	-0.168	0.043	0.092	37.000	36.000	340.571	1202.275	239.309	192.214	221.938	9.444	0.027	-0.383	-0.350	37.000	36.000	434.394	1202.275	244.863	172.880	189.438	10.899	-0.092	0.058	0.087	37.000	36.000	591.933	1202.275	322.974	212.833	241.875	2.739	0.268	0.029	-0.145	37.000	36.000	371.357	1202.275	218.621	160.536	174.833	3.723	-0.084	-0.001	0.066	37.000	36.000	372.964	1202.275	205.880	153.148	168.733	11.770	0.046	0.089	0.034	37.000	36.000	402.536	1202.275	226.350	164.655	184.333	4.061	-0.287	0.000	0.297	112.000	36.000	426.955	967.606	249.501	209.724	242.667	5.255	-0.460	0.101	0.508
37.000	38.000	37.000	379.379	1200.686	239.132	169.852	182.842	4.311	0.008	-0.022	-0.022	38.000	37.000	560.938	1200.686	220.086	163.083	187.000	9.062	0.130	-0.043	-0.141	38.000	37.000	347.036	1200.686	247.529	185.633	224.154	9.417	-0.027	-0.376	-0.350	38.000	37.000	431.051	1200.686	244.447	177.120	194.312	10.872	-0.027	-0.000	0.087	38.000	37.000	585.778	1200.686	321.398	211.808	244.429	2.804	0.065	0.059	0.000	38.000	37.000	388.571	1200.686	225.758	170.067	181.222	3.723	0.000	-0.065	-0.065	38.000	37.000	369.889	1200.686	203.340	169.040	194.000	11.781	0.011	-0.056	-0.056	38.000	37.000	420.571	1200.686	229.735	170.481	187.615	3.939	-0.122	0.000	0.114	113.000	37.000	449.023	966.149	264.264	207.156	269.941	5.320	0.065	0.051	0.051
38.000	39.000	38.000	361.724	1197.938	237.014	178.926	198.062	4.219	-0.092	0.000	0.083	39.000	38.000	595.276	1197.938	221.811	155.348	166.467	9.127	0.065	-0.000	-0.049	39.000	38.000	332.182	1197.938	253.832	184.690	207.778	9.325	-0.092	-0.231	-0.085	39.000	38.000	479.433	1197.938	245.593	175.000	189.727	10.891	0.019	-0.028	-0.118	39.000	38.000	561.154	1197.938	304.453	205.793	235.000	2.720	-0.084	0.087	0.087	39.000	38.000	416.310	1197.938	229.006	170.516	191.000	3.620	-0.103	-0.064	0.064	39.000	38.000	367.714	1197.938	202.993	152.333	179.250	11.789	0.008	-0.000	-0.034	39.000	38.000	399.531	1197.938	226.222	167.069	185.938	4.050	0.111	0.015	0.048	114.000	38.000	425.930	972.821	276.457	199.966	264.909	5.366	0.046	0.000	-0.051
39.000	40.000	39.000	366.643	1184.297	238.812	179.520	199.429	4.211	-0.008	0.021	-0.040	40.000	39.000	560.690	1184.297	216.083	155.750	173.000	9.016	-0.111	-0.000	0.049	40.000	39.000	366.481	1184.297	246.497	167.357	188.400	9.425	0.100	0.060	-0.171	40.000	39.000	487.074	1184.297	245.208	166.040	183.500	10.910	0.019	0.028	-0.059	40.000	39.000	595.489	1184.297	313.425	216.033	273.714	2.850	0.130	0.000	-0.087	40.000	39.000	413.586	1184.297	231.160	176.594	193.190	3.444	-0.176	-0.130	0.130	40.000	39.000	365.103	1184.297	202.455	157.375	179.273	11.762	-0.027	-0.089	-0.056	40.000	39.000	408.289	1184.297	232.923	161.808	188.286	4.207	0.157	-0.015	-0.078	115.000	39.000	460.814	965.516	284.885	190.731	226.800	5.496	0.130	0.051	-0.091
40.000	41.000	40.000	346.185	1177.182	230.644	176.107	186.826	4.073	-0.138	-0.017	0.115	41.000	40.000	557.107	1177.182	215.448	150.833	173.900	8.905	-0.111	-0.000	0.097	41.000	40.000	358.250	1177.182	247.797	174.724	196.684	9.119	-0.306	-0.236	0.118	41.000	40.000	476.321	1177.182	239.734	171.207	192.000	11.186	0.276	0.059	-0.145	41.000	40.000	573.217	1177.182	313.938	216.172	260.385	2.777	-0.073	0.118	0.291	41.000	40.000	353.148	1177.182	224.090	175.846	193.941	3.112	-0.333	-0.130	0.127	41.000	40.000	361.607	1177.182	202.678	168.000	188.333	11.862	0.100	0.055	-0.034	41.000	40.000	380.868	1177.182	221.246	160.154	171.643	3.947	-0.260	0.063	0.252	116.000	40.000	439.186	964.608	282.343	203.615	249.353	5.615	0.119	0.041	-0.091
41.000	42.000	41.000	338.536	1177.121	231.168	179.500	200.583	4.177	0.103	0.019	-0.081	42.000	41.000	516.107	1177.121	218.336	149.080	167.944	8.813	-0.092	-0.048	0.092	42.000	41.000	356.963	1177.121	249.434	169.433	199.714	9.249	0.130	0.000	-0.118	42.000	41.000	532.071	1177.121	251.326	177.414	204.875	11.583	0.398	0.145	-0.204	42.000	41.000	533.902	1177.121	309.945	225.156	259.059	2.666	-0.111	0.242	0.229	42.000	41.000	424.214	1177.121	227.800	167.387	191.700	3.425	0.314	0.130	-0.198	42.000	41.000	373.143	1177.121	205.201	161.583	185.333	11.881	0.019	0.034	-0.000	42.000	41.000	371.756	1177.121	219.562	159.200	172.214	3.790	-0.157	-0.063	0.142	117.000	41.000	432.295	967.965	283.311	242.182	315.000	5.899	0.284	0.142	-0.132
42.000	43.000	42.000	324.179	1173.975	223.911	172.857	200.571	4.035	-0.141	-0.020	0.104	43.000	42.000	538.393	1173.975	222.717	166.043	190.222	8.794	-0.019	0.049	-0.000	43.000	42.000	415.172	1173.975	241.577	164.500	192.455	9.471	0.222	-0.060	-0.298	43.000	42.000	483.593	1173.975	246.921	167.500	200.417	11.576	-0.008	0.059	0.027	43.000	42.000	569.511	1173.975	342.199	207.034	240.688	2.907	0.241	0.111	-0.060	43.000	42.000	365.630	1173.975	221.077	173.138	187.944	3.326	-0.100	0.130	0.192	43.000	42.000	374.833	1173.975	203.046	157.444	175.750	11.862	-0.019	-0.034	0.034	43.000	42.000	407.182	1173.975	240.043	167.160	199.714	3.855	0.065	0.000	-0.063	118.000	42.000	451.356	966.120	297.807	221.600	307.857	6.148	0.249	-0.008	-0.183
43.000	44.000	43.000	349.931	1174.447	231.779	181.571	205.818	4.192	0.157	0.000	-0.082	44.000	43.000	498.607	1174.447	221.454	153.958	167.312	8.748	-0.046	-0.000	0.092	44.000	43.000	449.138	1174.447	237.745	176.667	213.300	9.926	0.455	0.155	-0.265	44.000	43.000	443.222	1174.447	241.839	159.875	181.333	11.243	-0.333	0.173	0.436	44.000	43.000	421.610	1174.447	277.982	229.300	258.059	1.491	-1.416	0.057	1.273	44.000	43.000	401.500	1174.447	225.759	180.667	213.250	3.352	0.027	0.195	0.195	44.000	43.000	369.793	1174.447	204.001	155.320	181.615	11.835	-0.027	0.034	0.089	44.000	43.000	428.447	1174.447	257.869	168.923	189.182	3.920	0.065	0.000	-0.063	119.000	43.000	446.375	962.618	295.528	196.679	255.625	6.313	0.165	0.134	-0.141
44.000	45.000	44.000	356.143	1162.398	239.228	181.192	191.952	4.062	-0.130	0.000	0.062	45.000	44.000	548.290	1162.398	228.190	159.680	173.579	8.943	0.195	-0.049	-0.140	45.000	44.000	396.857	1162.398	238.039	179.867	207.000	9.585	-0.341	0.060	0.374	45.000	44.000	532.214	1162.398	248.949	166.800	179.550	11.622	0.379	0.059	-0.291	45.000	44.000	430.395	1162.398	300.914	243.688	281.800	1.491	0.000	0.181	0.208	45.000	44.000	374.571	1162.398	225.523	174.533	190.800	3.295	-0.057	0.196	0.260	45.000	44.000	377.643	1162.398	199.783	154.846	176.375	11.954	0.119	0.089	-0.034	45.000	44.000	433.727	1162.398	263.958	176.280	192.938	3.717	-0.203	0.000	0.205	120.000	44.000	404.459	953.807	294.025	191.567	232.600	6.313	0.000	0.091	0.031
45.000	46.000	45.000	371.839	1156.865	244.227	180.600	205.000	4.238	0.176	0.022	-0.061	46.000	45.000	542.000	1156.865	237.637	157.500	177.727	9.112	0.168	0.049	-0.092	46.000	45.000	376.857	1156.865	224.101	181.071	213.200	9.604	0.019	0.121	0.084	46.000	45.000	505.444	1156.865	250.100	155.808	166.000	11.545	-0.076	-0.000	0.059	46.000	45.000	484.283	1156.865	336.732	243.656	293.357	1.705	0.214	0.101	0.000	46.000	45.000	394.630	1156.865	228.000	167.333	196.250	3.536	0.241	0.069	-0.134	46.000	45.000	378.464	1156.865	199.981	161.107	180.000	11.935	-0.019	-0.000	-0.034	46.000	45.000	377.379	1156.865	234.162	167.552	184.929	3.197	-0.520	0.078	0.410	121.000	45.000	434.860	973.949	293.577	183.233	214.579	6.664	0.352	-0.040	-0.246
46.000	47.000	46.000	340.107	1158.029	223.082	169.111	179.368	4.127	-0.111	0.041	0.062	47.000	46.000	609.293	1158.029	236.607	151.522	160.211	9.268	0.157	-0.000	-0.099	47.000	46.000	429.448	1158.029	227.366	179.484	197.111	9.956	0.352	0.084	-0.205	47.000	46.000	456.321	1158.029	249.931	167.593	184.600	11.453	-0.092	-0.000	0.145	47.000	46.000	457.778	1158.029	292.098	216.964	254.846	1.632	-0.073	0.249	0.268	47.000	46.000	347.000	1158.029	220.020	170.500	185.294	3.517	-0.019	0.200	0.194	47.000	46.000	383.607	1158.029	197.547	153.458	167.800	12.065	0.130	0.145	-0.000	47.000	46.000	382.973	1158.029	234.885	174.800	201.500	3.503	0.306	-0.063	-0.268	NaN	NaN	NaN	NaN	NaN	NaN	NaN	NaN	NaN	NaN	NaN
47.000	48.000	47.000	351.865	1146.608	226.128	168.481	180.235	4.387	0.260	0.000	-0.124	48.000	47.000	602.000	1146.608	237.267	152.478	166.125	9.223	-0.046	-0.049	0.049	48.000	47.000	361.519	1146.608	228.905	185.727	209.438	9.872	-0.084	-0.024	0.036	48.000	47.000	487.357	1146.608	248.724	170.630	179.000	11.648	0.195	0.059	-0.118	48.000	47.000	453.289	1146.608	289.257	205.200	255.000	1.946	0.314	0.125	-0.143	48.000	47.000	362.786	1146.608	227.148	175.926	184.833	3.647	0.130	0.065	-0.061	48.000	47.000	388.759	1146.608	202.761	161.792	175.353	12.249	0.184	0.090	-0.055	48.000	47.000	368.034	1146.608	224.440	167.103	198.818	3.373	-0.130	0.063	0.126	NaN	NaN	NaN	NaN	NaN	NaN	NaN	NaN	NaN	NaN	NaN
48.000	49.000	48.000	342.286	1148.232	233.142	179.615	202.583	4.008	-0.379	-0.040	0.206	49.000	48.000	630.500	1148.232	244.146	150.409	170.333	9.276	0.054	0.049	-0.092	49.000	48.000	385.793	1148.232	233.636	163.520	185.846	9.677	-0.195	-0.241	-0.060	49.000	48.000	487.185	1148.232	251.883	162.560	178.556	11.281	-0.368	-0.145	0.145	49.000	48.000	457.865	1148.232	300.012	211.897	239.833	1.938	-0.008	0.063	-0.063	49.000	48.000	388.433	1148.232	228.936	172.467	201.455	3.896	0.249	0.065	-0.134	49.000	48.000	348.897	1148.232	200.367	157.320	179.500	12.268	0.019	0.055	0.055	49.000	48.000	359.071	1148.232	233.250	174.100	207.500	3.744	0.371	0.000	-0.268	NaN	NaN	NaN	NaN	NaN	NaN	NaN	NaN	NaN	NaN	NaN
49.000	50.000	49.000	353.643	1153.078	238.387	179.667	199.000	3.982	-0.027	0.000	0.020	50.000	49.000	679.375	1153.078	263.666	153.957	177.556	9.154	-0.122	-0.049	0.049	50.000	49.000	368.250	1153.078	234.363	161.519	181.923	9.815	0.138	0.060	-0.085	50.000	49.000	565.143	1153.078	255.864	156.714	177.462	11.354	0.073	-0.258	-0.344	50.000	49.000	439.419	1153.078	305.883	201.567	225.278	2.187	0.249	0.286	0.000	50.000	49.000	333.741	1153.078	217.971	168.533	194.600	3.915	0.019	0.072	0.058	50.000	49.000	361.429	1153.078	197.327	155.692	170.706	12.046	-0.222	-0.055	0.110	50.000	49.000	359.400	1153.078	244.109	178.345	198.286	3.790	0.046	0.063	-0.063	NaN	NaN	NaN	NaN	NaN	NaN	NaN	NaN	NaN	NaN	NaN
50.000	51.000	50.000	340.679	1148.427	236.595	172.259	186.188	3.813	-0.168	-0.020	0.124	51.000	50.000	619.730	1148.427	277.058	153.826	174.125	8.913	-0.241	-0.000	0.188	51.000	50.000	396.893	1148.427	237.719	174.577	195.600	9.880	0.065	-0.060	-0.025	51.000	50.000	640.452	1148.427	263.881	170.893	186.474	11.097	-0.257	-0.546	-0.239	51.000	50.000	480.838	1148.427	311.463	205.069	225.474	2.780	0.593	0.330	-0.143	51.000	50.000	389.778	1148.427	227.179	169.310	197.636	4.435	0.520	0.065	-0.453	51.000	50.000	386.517	1148.427	201.748	161.208	181.583	12.165	0.119	0.090	-0.000	51.000	50.000	356.448	1148.427	238.364	164.857	184.091	4.161	0.371	0.000	-0.395	NaN	NaN	NaN	NaN	NaN	NaN	NaN	NaN	NaN	NaN	NaN
51.000	52.000	51.000	344.286	1153.908	233.946	170.704	185.625	3.878	0.065	0.000	-0.062	52.000	51.000	661.619	1153.908	265.595	151.542	166.333	8.867	-0.046	0.048	0.092	52.000	51.000	373.556	1153.908	238.795	165.720	189.625	9.582	-0.298	-0.119	0.119	52.000	51.000	457.733	1153.908	251.858	163.444	184.182	10.626	-0.471	-0.205	0.264	52.000	51.000	408.364	1153.908	274.580	198.567	221.875	2.826	0.046	0.375	0.312	52.000	51.000	407.333	1153.908	239.964	169.786	192.214	4.695	0.260	-0.129	-0.388	52.000	51.000	402.071	1153.908	202.178	168.083	187.400	12.119	-0.046	-0.000	-0.000	52.000	51.000	413.727	1153.908	247.541	168.862	180.111	4.865	0.704	0.000	-0.473	NaN	NaN	NaN	NaN	NaN	NaN	NaN	NaN	NaN	NaN	NaN
52.000	53.000	52.000	342.483	1156.711	237.738	182.786	192.571	3.905	0.027	0.000	0.041	53.000	52.000	679.000	1156.711	265.301	154.440	179.800	8.970	0.103	-0.048	-0.048	53.000	52.000	368.407	1156.711	245.051	156.778	201.200	9.693	0.111	0.026	-0.060	53.000	52.000	390.846	1156.711	250.669	160.276	172.722	10.412	-0.214	0.059	0.355	53.000	52.000	453.225	1156.711	274.450	185.286	213.727	3.408	0.582	0.349	-0.143	53.000	52.000	382.926	1156.711	229.378	168.379	180.353	4.473	-0.222	-0.070	0.130	53.000	52.000	395.414	1156.711	202.994	170.143	190.562	12.119	0.000	0.055	0.145	53.000	52.000	404.444	1156.711	245.856	169.906	195.333	5.113	0.249	0.127	-0.063	NaN	NaN	NaN	NaN	NaN	NaN	NaN	NaN	NaN	NaN	NaN
53.000	54.000	53.000	346.935	1145.141	238.370	177.600	196.583	3.989	0.084	0.022	-0.061	54.000	53.000	388.578	1145.141	209.019	151.087	164.929	7.891	-1.079	-0.000	1.016	54.000	53.000	384.370	1145.141	246.332	172.720	199.250	9.620	-0.073	-0.085	0.025	54.000	53.000	361.917	1145.141	239.679	169.034	187.438	10.217	-0.195	0.145	0.263	54.000	53.000	451.879	1145.141	257.298	187.462	210.455	3.538	0.130	0.206	0.062	54.000	53.000	422.000	1145.141	241.096	170.840	188.727	4.641	0.168	-0.133	-0.322	54.000	53.000	401.795	1145.141	201.301	168.962	191.824	12.517	0.398	0.179	-0.076	54.000	53.000	390.385	1145.141	238.160	168.828	195.769	5.022	-0.092	0.078	0.063	NaN	NaN	NaN	NaN	NaN	NaN	NaN	NaN	NaN	NaN	NaN
54.000	55.000	54.000	344.828	1148.822	231.466	172.852	192.538	3.997	0.008	-0.022	-0.022	55.000	54.000	445.689	1148.822	208.547	152.500	163.056	8.186	0.295	-0.000	-0.278	55.000	54.000	397.536	1148.822	247.807	169.214	181.640	9.803	0.184	0.060	-0.205	55.000	54.000	288.056	1148.822	229.192	165.897	186.933	9.643	-0.574	-0.000	0.525	55.000	54.000	424.733	1148.822	244.863	185.000	204.625	3.722	0.184	0.268	0.000	55.000	54.000	407.103	1148.822	231.967	169.080	189.462	4.798	0.157	0.000	-0.130	55.000	54.000	406.207	1148.822	197.504	175.679	202.143	12.387	-0.130	0.110	0.110	55.000	54.000	382.136	1148.822	236.667	173.100	195.214	5.197	0.176	-0.077	-0.190	NaN	NaN	NaN	NaN	NaN	NaN	NaN	NaN	NaN	NaN	NaN
55.000	56.000	55.000	345.393	1143.807	230.431	173.000	187.800	3.943	-0.054	0.022	0.022	56.000	55.000	499.848	1143.807	214.277	154.522	174.333	8.343	0.157	-0.000	-0.187	56.000	55.000	415.481	1143.807	252.208	174.680	219.375	9.861	0.057	-0.060	-0.145	56.000	55.000	307.905	1143.807	232.873	162.517	173.750	9.551	-0.092	-0.204	-0.059	56.000	55.000	410.545	1143.807	239.939	173.900	196.615	4.146	0.425	0.227	-0.083	56.000	55.000	360.074	1143.807	219.711	168.172	182.800	4.641	-0.157	-0.065	0.065	56.000	55.000	419.714	1143.807	197.270	159.593	177.722	12.295	-0.092	-0.055	-0.000	56.000	55.000	434.929	1143.807	246.941	167.481	192.167	5.392	0.195	-0.064	-0.458	NaN	NaN	NaN	NaN	NaN	NaN	NaN	NaN	NaN	NaN	NaN
56.000	57.000	56.000	344.750	1138.557	230.782	193.680	206.400	3.924	-0.019	0.000	0.000	57.000	56.000	507.050	1138.557	220.732	151.423	182.727	8.408	0.065	-0.000	-0.096	57.000	56.000	394.214	1138.557	222.295	167.040	194.375	9.455	-0.406	0.060	0.615	57.000	56.000	303.513	1138.557	234.510	163.931	177.600	9.173	-0.379	-0.000	0.349	57.000	56.000	416.100	1138.557	243.290	183.120	202.824	4.211	0.065	-0.082	-0.206	57.000	56.000	305.815	1138.557	217.403	174.667	200.067	4.435	-0.206	-0.130	0.130	57.000	56.000	410.250	1138.557	199.854	169.857	188.579	12.230	-0.065	-0.000	0.034	57.000	56.000	472.188	1138.557	253.771	164.621	187.000	5.484	0.092	-0.127	-0.205	NaN	NaN	NaN	NaN	NaN	NaN	NaN	NaN	NaN	NaN	NaN
57.000	58.000	57.000	342.107	1139.029	233.767	188.923	208.333	4.027	0.103	0.000	-0.061	58.000	57.000	489.047	1139.029	214.621	156.087	167.438	8.408	0.000	0.049	0.043	58.000	57.000	432.467	1139.029	234.767	170.565	187.533	9.972	0.517	0.000	-0.435	58.000	57.000	327.595	1139.029	236.399	172.517	186.208	9.413	0.241	-0.059	-0.263	58.000	57.000	453.889	1139.029	239.334	168.036	192.500	4.376	0.165	0.144	-0.083	58.000	57.000	362.259	1139.029	222.859	167.677	183.062	4.844	0.409	-0.063	-0.522	58.000	57.000	422.333	1139.029	200.944	158.280	177.231	12.341	0.111	0.179	0.090	58.000	57.000	430.156	1139.029	249.742	155.828	171.222	5.622	0.138	0.000	-0.032	NaN	NaN	NaN	NaN	NaN	NaN	NaN	NaN	NaN	NaN	NaN
58.000	59.000	58.000	343.571	1135.052	240.353	188.654	216.800	3.917	-0.111	0.000	0.082	59.000	58.000	607.609	1135.052	230.015	157.480	175.316	8.825	0.417	-0.049	-0.330	59.000	58.000	406.267	1135.052	237.298	163.276	189.929	10.083	0.111	0.026	-0.060	59.000	58.000	399.000	1135.052	244.914	168.679	194.583	9.505	0.092	-0.027	-0.263	59.000	58.000	446.893	1135.052	245.833	171.733	187.350	4.468	0.092	0.061	0.000	59.000	58.000	384.444	1135.052	224.104	183.656	208.600	4.928	0.084	-0.116	-0.199	59.000	58.000	412.857	1135.052	198.855	156.840	181.375	12.203	-0.138	-0.090	0.020	59.000	58.000	435.206	1135.052	248.718	170.379	188.143	5.519	-0.103	0.063	0.189	NaN	NaN	NaN	NaN	NaN	NaN	NaN	NaN	NaN	NaN	NaN
59.000	60.000	59.000	365.310	1128.578	241.644	176.786	194.933	4.035	0.119	0.000	-0.083	60.000	59.000	483.500	1128.578	217.075	154.174	176.545	8.546	-0.279	0.049	0.098	60.000	59.000	408.800	1128.578	229.898	181.360	199.722	9.612	-0.471	-0.025	0.230	60.000	59.000	445.615	1128.578	250.951	169.679	188.500	9.876	0.371	0.027	-0.177	60.000	59.000	430.310	1128.578	234.103	171.607	192.467	4.376	-0.092	0.082	0.164	60.000	59.000	380.519	1128.578	220.491	181.781	198.391	5.177	0.249	0.005	-0.194	60.000	59.000	438.833	1128.578	197.572	158.704	170.750	12.505	0.303	0.145	-0.055	60.000	59.000	390.800	1128.578	235.387	168.345	188.294	5.067	-0.452	-0.063	0.298	NaN	NaN	NaN	NaN	NaN	NaN	NaN	NaN	NaN	NaN	NaN
60.000	61.000	60.000	356.976	1123.374	247.649	186.000	197.650	4.295	0.260	0.044	-0.044	61.000	60.000	508.750	1123.374	219.230	153.864	171.125	8.630	0.084	-0.000	-0.098	61.000	60.000	374.786	1123.374	226.586	173.923	209.615	9.390	-0.222	0.026	0.205	61.000	60.000	474.805	1123.374	257.818	166.786	188.071	9.857	-0.019	-0.086	-0.086	61.000	60.000	343.259	1123.374	233.362	174.071	192.167	4.062	-0.314	0.144	0.411	61.000	60.000	407.054	1123.374	222.456	178.433	200.882	5.659	0.482	0.065	-0.272	61.000	60.000	467.172	1123.374	202.260	156.160	179.500	12.498	-0.008	-0.000	-0.055	61.000	60.000	414.407	1123.374	245.718	172.786	198.182	5.022	-0.046	0.064	0.014	NaN	NaN	NaN	NaN	NaN	NaN	NaN	NaN	NaN	NaN	NaN
61.000	62.000	61.000	366.862	1128.036	239.890	182.667	200.643	4.008	-0.287	-0.062	0.103	62.000	61.000	469.926	1128.036	221.733	158.000	167.824	8.427	-0.203	-0.000	0.183	62.000	61.000	395.103	1128.036	238.487	169.148	197.385	9.398	0.008	0.000	0.000	62.000	61.000	385.513	1128.036	249.897	162.750	180.083	9.192	-0.666	-0.145	0.467	62.000	61.000	396.000	1128.036	241.295	173.560	197.818	4.368	0.306	0.062	-0.206	62.000	61.000	423.457	1128.036	236.938	189.000	226.455	6.049	0.390	0.124	-0.130	62.000	61.000	463.862	1128.036	204.731	168.346	205.385	12.536	0.038	-0.089	-0.055	62.000	61.000	432.889	1128.036	251.911	187.000	220.444	5.125	0.103	0.000	-0.064	NaN	NaN	NaN	NaN	NaN	NaN	NaN	NaN	NaN	NaN	NaN
62.000	63.000	62.000	338.704	1128.656	241.629	193.038	215.571	3.917	-0.092	0.019	0.039	63.000	62.000	533.690	1128.656	225.593	155.833	182.889	8.519	0.092	-0.049	-0.092	63.000	62.000	427.171	1128.656	233.022	166.875	183.500	9.547	0.149	0.000	-0.035	63.000	62.000	402.538	1128.656	255.432	166.071	195.083	9.505	0.314	-0.000	-0.291	63.000	62.000	377.556	1128.656	247.220	177.833	192.733	4.747	0.379	0.083	-0.144	63.000	62.000	391.161	1128.656	224.864	178.581	199.643	5.743	-0.306	0.065	0.134	63.000	62.000	431.786	1128.656	205.256	178.667	214.923	12.517	-0.019	-0.000	-0.000	63.000	62.000	454.074	1128.656	248.202	179.367	210.800	5.262	0.138	-0.063	-0.204	NaN	NaN	NaN	NaN	NaN	NaN	NaN	NaN	NaN	NaN	NaN
63.000	64.000	63.000	354.963	1135.928	248.587	198.857	239.300	3.989	0.073	0.062	0.000	64.000	63.000	547.000	1135.928	224.553	154.750	174.000	8.473	-0.046	-0.000	0.049	64.000	63.000	406.259	1135.928	241.925	177.040	205.333	9.390	-0.157	0.000	0.034	64.000	63.000	555.919	1135.928	269.794	166.370	192.400	9.911	0.406	-0.059	-0.523	64.000	63.000	363.333	1135.928	240.460	175.033	199.312	4.709	-0.038	0.084	0.122	64.000	63.000	392.467	1135.928	227.172	173.172	188.556	5.735	-0.008	-0.070	-0.134	64.000	63.000	404.643	1135.928	205.736	168.038	207.167	12.425	-0.092	-0.089	-0.034	64.000	63.000	449.172	1135.928	253.161	183.867	210.714	5.381	0.119	0.000	-0.032	NaN	NaN	NaN	NaN	NaN	NaN	NaN	NaN	NaN	NaN	NaN
64.000	65.000	64.000	342.393	1136.218	249.222	194.269	217.846	3.982	-0.008	0.000	-0.020	65.000	64.000	469.296	1136.218	223.852	153.913	170.364	8.389	-0.084	-0.000	0.049	65.000	64.000	388.200	1136.218	236.204	163.857	185.118	9.620	0.230	0.060	-0.145	65.000	64.000	533.913	1136.218	269.176	173.625	213.143	9.800	-0.111	0.029	0.233	65.000	64.000	350.296	1136.218	233.961	175.393	196.053	4.698	-0.011	0.290	0.181	65.000	64.000	389.200	1136.218	214.174	161.714	176.294	6.003	0.268	0.191	-0.065	65.000	64.000	401.429	1136.218	210.829	166.360	197.889	12.444	0.019	-0.000	-0.022	65.000	64.000	467.219	1136.218	244.202	170.034	180.773	5.538	0.157	0.000	-0.142	NaN	NaN	NaN	NaN	NaN	NaN	NaN	NaN	NaN	NaN	NaN
65.000	66.000	65.000	355.333	1132.538	243.701	192.962	218.467	4.138	0.157	0.000	-0.062	66.000	65.000	425.556	1132.538	217.688	154.556	173.643	8.324	-0.065	-0.000	0.048	66.000	65.000	383.370	1132.538	237.424	179.448	207.118	9.371	-0.249	-0.060	0.145	66.000	65.000	533.932	1132.538	258.180	161.083	180.071	9.559	-0.241	-0.000	0.203	66.000	65.000	382.407	1132.538	232.601	169.259	183.882	5.058	0.360	0.181	-0.169	66.000	65.000	426.000	1132.538	230.003	172.786	187.050	6.420	0.417	0.130	-0.069	66.000	65.000	383.107	1132.538	211.456	168.893	190.765	12.509	0.065	-0.089	-0.145	66.000	65.000	500.864	1132.538	252.464	169.846	184.235	5.871	0.333	0.000	-0.160	NaN	NaN	NaN	NaN	NaN	NaN	NaN	NaN	NaN	NaN	NaN
66.000	67.000	66.000	369.296	1119.986	252.448	190.885	224.333	3.982	-0.157	0.000	0.081	67.000	66.000	497.162	1119.986	224.807	147.652	158.429	8.741	0.417	-0.000	-0.239	67.000	66.000	376.667	1119.986	227.985	166.517	197.700	9.344	-0.027	0.000	0.025	67.000	66.000	505.884	1119.986	259.770	180.714	204.071	9.299	-0.260	-0.175	0.028	67.000	66.000	360.296	1119.986	234.246	172.633	194.842	5.001	-0.057	0.026	0.092	67.000	66.000	405.048	1119.986	225.834	168.966	194.308	6.439	0.019	-0.000	-0.000	67.000	66.000	371.379	1119.986	209.940	175.769	207.688	12.463	-0.046	-0.089	-0.000	67.000	66.000	497.114	1119.986	249.072	172.000	183.524	5.584	-0.287	-0.063	0.080	NaN	NaN	NaN	NaN	NaN	NaN	NaN	NaN	NaN	NaN	NaN
67.000	68.000	67.000	378.226	1120.919	249.292	173.320	197.167	4.138	0.157	0.000	-0.144	68.000	67.000	474.545	1120.919	229.020	149.833	162.444	8.603	-0.138	-0.000	0.042	68.000	67.000	388.500	1120.919	236.493	179.640	207.000	9.363	0.019	-0.025	0.000	68.000	67.000	492.435	1120.919	248.104	172.867	209.143	9.069	-0.230	-0.203	0.115	68.000	67.000	387.407	1120.919	234.611	169.889	187.053	5.230	0.230	0.145	-0.086	68.000	67.000	382.175	1120.919	225.847	175.167	198.786	6.317	-0.122	-0.000	0.130	68.000	67.000	375.900	1120.919	205.695	159.923	180.706	11.973	-0.490	-0.200	0.255	68.000	67.000	494.379	1120.919	247.746	171.900	193.062	5.270	-0.314	0.063	0.235	NaN	NaN	NaN	NaN	NaN	NaN	NaN	NaN	NaN	NaN	NaN
68.000	69.000	68.000	350.357	1109.125	241.933	171.037	188.267	3.989	-0.149	-0.020	0.103	69.000	68.000	410.282	1109.125	208.792	151.739	165.400	7.945	-0.658	-0.000	0.560	69.000	68.000	393.036	1109.125	228.607	171.759	191.556	9.409	0.046	0.025	-0.060	69.000	68.000	320.455	1109.125	240.806	184.172	223.000	7.719	-1.351	-0.145	0.986	69.000	68.000	402.167	1109.125	234.826	168.074	187.778	5.590	0.360	0.172	-0.118	69.000	68.000	419.588	1109.125	227.012	171.069	192.200	6.068	-0.249	-0.000	0.130	69.000	68.000	349.333	1109.125	200.866	161.200	183.667	11.410	-0.563	-0.324	0.145	69.000	68.000	440.444	1109.125	242.030	162.714	176.421	5.113	-0.157	0.000	0.141	NaN	NaN	NaN	NaN	NaN	NaN	NaN	NaN	NaN	NaN	NaN
69.000	70.000	69.000	345.000	1093.001	252.529	176.760	200.000	3.989	0.000	0.021	0.000	70.000	69.000	401.220	1093.001	205.473	155.783	181.000	8.259	0.314	-0.000	-0.276	70.000	69.000	391.929	1093.001	230.570	176.857	203.333	9.566	0.157	-0.025	-0.145	70.000	69.000	420.911	1093.001	242.348	168.276	198.467	8.404	0.685	-0.088	-0.639	70.000	69.000	411.400	1093.001	233.220	170.759	192.692	5.682	0.092	0.232	0.117	70.000	69.000	459.966	1093.001	229.538	161.586	177.167	6.095	0.027	-0.004	-0.065	70.000	69.000	375.393	1093.001	202.725	156.231	194.600	11.272	-0.138	-0.179	-0.034	70.000	69.000	426.724	1093.001	239.396	167.828	184.750	4.865	-0.249	-0.064	0.165	NaN	NaN	NaN	NaN	NaN	NaN	NaN	NaN	NaN	NaN	NaN
70.000	71.000	70.000	357.893	1097.359	242.845	171.240	214.250	4.073	0.084	0.000	-0.062	71.000	70.000	472.021	1097.359	207.919	148.783	166.583	8.768	0.509	-0.000	-0.381	71.000	70.000	387.714	1097.359	228.602	172.167	198.300	9.715	0.149	0.000	-0.120	71.000	70.000	287.176	1097.359	233.390	174.120	198.857	7.164	-1.240	-0.056	0.919	71.000	70.000	417.000	1097.359	240.741	174.357	199.538	5.885	0.203	0.118	-0.059	71.000	70.000	440.703	1097.359	231.140	177.969	194.211	6.125	0.030	-0.060	-0.065	71.000	70.000	327.741	1097.359	200.480	155.261	172.846	10.985	-0.287	-0.055	0.179	71.000	70.000	471.143	1097.359	237.736	163.667	180.810	4.819	-0.046	0.000	0.085	NaN	NaN	NaN	NaN	NaN	NaN	NaN	NaN	NaN	NaN	NaN
71.000	72.000	71.000	365.286	1110.866	242.495	173.160	195.769	4.073	0.000	0.000	0.000	72.000	71.000	496.220	1110.866	216.043	158.583	179.778	8.924	0.157	-0.000	-0.189	72.000	71.000	383.821	1110.866	241.437	179.400	217.500	9.466	-0.249	0.000	0.229	72.000	71.000	308.143	1110.866	234.268	161.536	188.000	7.727	0.563	0.057	-0.347	72.000	71.000	389.037	1110.866	238.768	184.385	205.700	6.088	0.203	0.145	-0.057	72.000	71.000	469.775	1110.866	239.245	181.167	202.176	6.282	0.157	0.061	-0.000	72.000	71.000	587.929	1110.866	260.837	157.192	167.952	14.181	3.196	-0.000	-1.819	72.000	71.000	506.097	1110.866	255.575	184.500	207.333	4.819	0.000	0.000	0.000	NaN	NaN	NaN	NaN	NaN	NaN	NaN	NaN	NaN	NaN	NaN
72.000	73.000	72.000	361.786	1103.833	283.497	184.800	201.067	3.936	-0.138	0.000	0.180	73.000	72.000	477.794	1103.833	219.379	151.913	176.091	8.878	-0.046	-0.000	-0.007	73.000	72.000	393.714	1103.833	232.981	170.280	194.900	9.466	0.000	0.000	0.000	73.000	72.000	371.535	1103.833	251.827	166.815	198.154	7.876	0.149	-0.177	-0.322	73.000	72.000	445.552	1103.833	237.166	170.414	201.778	6.337	0.249	0.030	-0.174	73.000	72.000	440.625	1103.833	234.010	169.567	192.214	6.244	-0.038	0.065	0.133	73.000	72.000	594.696	1103.833	268.059	155.885	172.286	14.319	0.138	-0.000	-0.036	73.000	72.000	488.900	1103.833	249.433	168.233	190.706	4.884	0.065	0.000	-0.075	NaN	NaN	NaN	NaN	NaN	NaN	NaN	NaN	NaN	NaN	NaN
73.000	74.000	73.000	445.762	1093.193	275.421	177.741	188.000	3.787	-0.149	-0.019	0.249	74.000	73.000	485.943	1093.193	214.918	147.542	166.500	8.898	0.019	-0.000	0.042	74.000	73.000	338.429	1093.193	237.628	172.440	193.231	9.466	0.000	0.000	0.000	74.000	73.000	402.163	1093.193	255.506	175.483	200.667	7.949	0.073	-0.057	-0.145	74.000	73.000	421.571	1093.193	245.313	164.444	182.429	6.207	-0.130	0.116	0.203	74.000	73.000	409.926	1093.193	225.440	175.897	195.071	5.578	-0.666	-0.065	0.328	74.000	73.000	573.400	1093.193	258.067	156.481	176.933	14.143	-0.176	-0.000	0.036	74.000	73.000	395.964	1093.193	242.778	174.767	217.889	4.023	-0.861	0.000	0.791	NaN	NaN	NaN	NaN	NaN	NaN	NaN	NaN	NaN	NaN	NaN
74.000	75.000	74.000	416.795	1085.698	300.507	175.560	189.765	4.100	0.314	0.000	-0.287	75.000	74.000	428.828	1085.698	211.762	161.074	180.533	8.676	-0.222	-0.000	0.141	75.000	74.000	406.000	1085.698	237.944	176.840	214.750	9.615	0.149	0.000	-0.182	75.000	74.000	417.149	1085.698	257.471	167.821	186.000	8.106	0.157	-0.000	-0.089	75.000	74.000	442.054	1085.698	244.341	166.967	192.375	6.502	0.295	0.203	-0.004	75.000	74.000	428.778	1085.698	229.210	171.862	184.211	5.651	0.073	0.002	-0.065	75.000	74.000	553.439	1085.698	254.418	175.440	196.000	14.292	0.149	0.090	-0.036	75.000	74.000	368.148	1085.698	231.561	173.207	188.913	3.476	-0.547	0.000	0.523	NaN	NaN	NaN	NaN	NaN	NaN	NaN	NaN	NaN	NaN	NaN
75.000	76.000	75.000	399.381	1069.452	275.824	176.037	184.435	4.100	0.000	0.000	0.000	76.000	75.000	409.034	1069.452	210.911	154.375	171.364	8.676	0.000	-0.000	-0.000	76.000	75.000	381.200	1069.452	239.023	164.560	175.609	9.504	-0.111	0.000	0.145	76.000	75.000	427.128	1069.452	268.631	180.500	212.714	7.995	-0.111	-0.145	-0.057	76.000	75.000	445.067	1069.452	239.379	169.000	182.438	6.555	0.054	0.145	0.193	76.000	75.000	365.370	1069.452	218.205	175.667	194.000	5.261	-0.390	-0.130	0.260	76.000	75.000	351.259	1069.452	201.440	158.500	187.000	11.207	-3.085	-0.089	1.699	76.000	75.000	360.500	1069.452	228.240	173.786	190.353	3.143	-0.333	0.064	0.342	NaN	NaN	NaN	NaN	NaN	NaN	NaN	NaN	NaN	NaN	NaN
76.000	77.000	76.000	371.324	1054.477	270.742	170.708	190.333	3.989	-0.111	-0.039	-0.022	77.000	76.000	412.618	1054.477	214.429	161.148	192.100	8.878	0.203	-0.000	-0.141	77.000	76.000	398.081	1054.477	236.229	167.280	188.000	9.607	0.103	-0.084	-0.099	77.000	76.000	463.432	1054.477	270.299	199.414	267.643	7.340	-0.655	-0.581	0.056	77.000	76.000	386.956	1054.477	245.478	174.846	195.562	5.840	-0.715	0.074	0.678	77.000	76.000	409.074	1054.477	228.237	167.536	188.923	5.391	0.130	-0.000	-0.130	77.000	76.000	353.607	1054.477	197.215	154.731	172.846	11.169	-0.038	-0.000	-0.034	77.000	76.000	390.400	1054.477	220.180	169.966	183.227	2.504	-0.639	-0.006	0.600	NaN	NaN	NaN	NaN	NaN	NaN	NaN	NaN	NaN	NaN	NaN
77.000	78.000	77.000	398.023	1055.430	261.754	175.679	195.529	4.089	0.100	-0.023	-0.046	78.000	77.000	405.576	1055.430	212.505	153.885	175.077	8.813	-0.065	-0.000	0.049	78.000	77.000	398.485	1055.430	238.808	161.519	197.200	9.837	0.230	0.084	-0.168	78.000	77.000	515.229	1055.430	279.344	195.424	233.778	6.961	-0.379	-0.177	0.113	78.000	77.000	370.125	1055.430	238.382	168.720	191.400	5.190	-0.650	0.129	0.627	78.000	77.000	394.148	1055.430	233.751	169.367	193.769	5.429	0.038	-0.002	-0.000	78.000	77.000	339.857	1055.430	198.398	152.304	163.778	11.142	-0.027	-0.000	-0.000	78.000	77.000	344.962	1055.430	218.745	176.034	197.529	1.670	-0.834	0.003	0.788	NaN	NaN	NaN	NaN	NaN	NaN	NaN	NaN	NaN	NaN	NaN
78.000	79.000	78.000	459.933	1044.659	257.340	180.840	201.500	4.016	-0.073	0.024	0.145	79.000	78.000	419.818	1044.659	214.638	156.654	175.200	8.813	0.000	-0.000	-0.000	79.000	78.000	426.727	1044.659	251.159	173.714	190.619	10.319	0.482	0.000	-0.366	79.000	78.000	427.976	1044.659	280.731	202.444	251.000	6.096	-0.865	-0.176	0.643	79.000	78.000	332.931	1044.659	233.583	170.034	208.556	4.857	-0.333	0.136	0.323	79.000	78.000	456.464	1044.659	239.617	170.156	185.056	5.659	0.230	0.003	-0.198	79.000	78.000	363.667	1044.659	202.840	157.261	173.583	11.142	0.000	-0.055	0.034	79.000	78.000	371.963	1044.659	252.069	203.194	227.833	1.116	-0.555	-0.060	0.449	NaN	NaN	NaN	NaN	NaN	NaN	NaN	NaN	NaN	NaN	NaN
79.000	80.000	79.000	427.811	1034.129	254.392	185.880	209.750	3.886	-0.130	0.000	0.000	80.000	79.000	389.107	1034.129	217.394	154.636	169.750	8.611	-0.203	0.049	0.141	80.000	79.000	425.850	1034.129	247.510	169.143	188.842	10.633	0.314	0.000	-0.312	80.000	79.000	467.957	1034.129	285.378	192.259	238.125	5.812	-0.284	-0.000	0.350	80.000	79.000	359.067	1034.129	235.562	187.345	209.783	5.241	0.383	0.044	-0.372	80.000	79.000	402.778	1034.129	240.774	178.964	197.143	5.383	-0.276	-8.333E-4	0.197	80.000	79.000	386.143	1034.129	204.593	156.042	179.273	11.096	-0.046	-0.000	-0.035	80.000	79.000	356.414	1034.129	246.757	179.900	200.353	1.467	0.352	0.068	-0.263	NaN	NaN	NaN	NaN	NaN	NaN	NaN	NaN	NaN	NaN	NaN
80.000	81.000	80.000	436.343	1019.570	252.886	186.640	203.053	3.913	0.027	0.000	0.000	81.000	80.000	432.036	1019.570	220.439	161.593	182.923	8.683	0.073	-0.049	-0.092	81.000	80.000	442.778	1019.570	258.291	173.786	197.143	11.195	0.563	0.000	-0.458	81.000	80.000	461.283	1019.570	278.576	197.133	247.308	5.536	-0.276	-0.059	0.229	81.000	80.000	325.621	1019.570	234.456	175.714	205.917	5.084	-0.157	-0.092	-0.049	81.000	80.000	465.759	1019.570	238.809	170.333	191.750	5.686	0.303	-0.065	-0.200	81.000	80.000	370.407	1019.570	204.482	162.259	180.059	11.123	0.027	-0.000	0.034	81.000	80.000	372.839	1019.570	247.881	193.156	210.800	1.643	0.176	0.000	-0.195	NaN	NaN	NaN	NaN	NaN	NaN	NaN	NaN	NaN	NaN	NaN
81.000	82.000	81.000	384.675	1011.757	249.447	183.077	216.556	4.127	0.214	0.000	-0.145	82.000	81.000	459.607	1011.757	225.709	160.481	186.133	8.840	0.157	-0.000	-0.141	82.000	81.000	439.967	1011.757	249.795	173.385	202.429	10.908	-0.287	-0.060	0.060	82.000	81.000	430.851	1011.757	270.142	173.607	197.500	5.444	-0.092	0.059	0.086	82.000	81.000	324.000	1011.757	226.424	180.923	213.167	5.252	0.168	0.184	0.184	82.000	81.000	448.273	1011.757	238.449	173.710	194.933	5.735	0.049	0.067	0.002	82.000	81.000	385.333	1011.757	200.374	154.375	168.188	11.188	0.065	-0.000	-0.090	82.000	81.000	355.815	1011.757	239.549	186.276	210.929	1.532	-0.111	0.071	0.194	NaN	NaN	NaN	NaN	NaN	NaN	NaN	NaN	NaN	NaN	NaN
82.000	83.000	82.000	367.000	1008.817	236.714	177.444	191.222	3.783	-0.344	0.037	0.266	83.000	82.000	457.630	1008.817	221.991	153.000	166.500	8.813	-0.027	-0.000	0.049	83.000	82.000	431.048	1008.817	246.661	177.731	195.522	11.038	0.130	0.000	0.000	83.000	82.000	423.364	1008.817	271.934	164.179	194.818	5.379	-0.065	-0.000	-0.000	83.000	82.000	318.625	1008.817	223.424	165.517	189.923	5.601	0.349	0.324	-0.092	83.000	82.000	396.667	1008.817	237.103	178.100	201.417	5.161	-0.574	-0.066	0.326	83.000	82.000	364.464	1008.817	197.940	149.250	174.250	11.188	0.000	-0.000	-0.000	83.000	82.000	334.704	1008.817	232.366	181.345	205.500	1.532	0.000	-0.065	-0.065	NaN	NaN	NaN	NaN	NaN	NaN	NaN	NaN	NaN	NaN	NaN
83.000	84.000	83.000	351.556	995.180	239.780	176.320	202.000	3.913	0.130	0.024	-0.060	84.000	83.000	454.944	995.180	218.696	159.885	185.071	8.878	0.065	-0.000	0.043	84.000	83.000	380.643	995.180	238.097	178.357	204.286	10.511	-0.528	0.060	0.350	84.000	83.000	386.375	995.180	271.827	178.640	196.800	5.001	-0.379	0.028	0.349	84.000	83.000	320.655	995.180	218.701	162.536	180.667	5.739	0.138	0.134	-0.006	84.000	83.000	411.500	995.180	231.940	173.200	191.000	5.253	0.092	-0.000	-0.065	84.000	83.000	407.871	995.180	198.070	149.160	178.455	11.272	0.084	-0.034	-0.055	84.000	83.000	333.000	995.180	224.595	171.517	187.200	1.597	0.065	0.000	-0.065	NaN	NaN	NaN	NaN	NaN	NaN	NaN	NaN	NaN	NaN	NaN
84.000	85.000	84.000	329.633	994.035	249.319	194.000	209.500	3.848	-0.065	0.000	0.023	85.000	84.000	460.275	994.035	218.225	162.400	181.071	8.779	-0.100	-0.092	0.084	85.000	84.000	408.152	994.035	226.528	166.846	192.250	10.568	0.057	-0.061	0.024	85.000	84.000	407.302	994.035	262.632	170.759	193.222	5.157	0.157	-0.028	-0.145	85.000	84.000	316.586	994.035	221.286	160.429	187.462	5.988	0.249	0.233	0.000	85.000	84.000	412.926	994.035	232.507	171.172	199.000	5.329	0.076	0.065	-0.065	85.000	84.000	385.857	994.035	197.138	157.583	198.000	11.207	-0.065	0.035	0.020	85.000	84.000	354.333	994.035	245.677	204.897	233.941	1.662	0.065	0.065	0.000	NaN	NaN	NaN	NaN	NaN	NaN	NaN	NaN	NaN	NaN	NaN
85.000	86.000	85.000	338.425	988.582	246.867	188.357	198.125	3.802	-0.046	-0.024	0.097	86.000	85.000	432.775	988.582	226.519	159.750	177.933	8.603	-0.176	0.092	0.190	86.000	85.000	407.500	988.582	230.816	169.107	192.231	10.373	-0.195	0.061	0.145	86.000	85.000	380.543	988.582	265.380	180.821	208.706	5.157	0.000	-0.000	0.059	86.000	85.000	334.219	988.582	223.352	168.385	201.000	6.171	0.184	0.092	-0.087	86.000	85.000	449.111	988.582	236.076	164.407	183.818	5.310	-0.019	-0.260	-0.262	86.000	85.000	391.107	988.582	199.296	157.333	170.308	11.188	-0.019	-0.000	0.034	86.000	85.000	344.786	988.582	246.173	205.767	231.238	1.727	0.065	0.065	0.003	NaN	NaN	NaN	NaN	NaN	NaN	NaN	NaN	NaN	NaN	NaN
86.000	87.000	86.000	331.976	981.524	249.454	189.440	227.143	3.913	0.111	0.025	-0.085	87.000	86.000	452.595	981.524	222.072	154.731	173.500	8.438	-0.165	-0.092	0.092	87.000	86.000	383.593	981.524	225.051	163.962	193.214	10.151	-0.222	-0.060	0.121	87.000	86.000	376.189	981.524	253.369	172.360	197.333	5.138	-0.019	0.029	-0.087	87.000	86.000	336.812	981.524	227.405	163.417	181.400	6.336	0.165	0.184	0.000	87.000	86.000	430.778	981.524	241.270	162.690	188.900	5.356	0.046	-0.000	-0.000	87.000	86.000	357.556	981.524	196.906	153.769	165.882	11.050	-0.138	-0.034	0.145	87.000	86.000	314.704	981.524	248.868	209.559	253.062	1.708	-0.019	0.065	0.059	NaN	NaN	NaN	NaN	NaN	NaN	NaN	NaN	NaN	NaN	NaN
87.000	88.000	87.000	307.333	980.125	248.510	190.286	205.095	4.013	0.100	0.000	-0.027	88.000	87.000	441.881	980.125	216.984	157.480	171.353	8.871	0.433	0.092	-0.275	88.000	87.000	355.897	980.125	220.896	170.880	201.818	10.170	0.019	0.061	0.084	88.000	87.000	377.974	980.125	258.891	164.667	192.909	5.211	0.073	-0.000	-0.000	88.000	87.000	344.267	980.125	215.519	163.893	179.765	6.631	0.295	0.092	-0.190	88.000	87.000	456.448	980.125	246.531	173.400	188.765	5.421	0.065	-0.065	-0.072	88.000	87.000	377.250	980.125	201.408	150.917	166.286	11.096	0.046	0.035	-0.090	88.000	87.000	358.481	980.125	258.290	223.562	279.200	1.995	0.287	0.000	-0.259	NaN	NaN	NaN	NaN	NaN	NaN	NaN	NaN	NaN	NaN	NaN
88.000	89.000	88.000	336.267	971.568	244.020	193.034	217.500	4.097	0.084	0.000	-0.060	89.000	88.000	416.321	971.568	218.956	148.955	160.857	8.557	-0.314	-0.000	0.098	89.000	88.000	392.931	971.568	222.135	159.929	191.364	9.975	-0.195	-0.061	0.084	89.000	88.000	385.100	971.568	251.689	169.480	184.056	5.525	0.314	-0.000	-0.320	89.000	88.000	360.759	971.568	219.484	161.143	176.812	6.409	-0.222	0.000	0.188	89.000	88.000	465.698	971.568	241.660	158.464	170.850	5.838	0.417	0.065	-0.199	89.000	88.000	359.393	971.568	200.232	157.833	170.882	11.031	-0.065	-0.000	0.055	89.000	88.000	383.964	971.568	296.943	228.750	265.500	1.643	-0.352	-0.195	0.130	NaN	NaN	NaN	NaN	NaN	NaN	NaN	NaN	NaN	NaN	NaN
89.000	90.000	89.000	369.435	967.204	242.912	196.069	213.882	4.051	-0.046	0.000	0.059	90.000	89.000	427.815	967.204	217.636	152.542	163.667	8.519	-0.038	-0.043	-0.043	90.000	89.000	390.222	967.204	227.739	180.185	207.625	9.688	-0.287	0.000	0.242	90.000	89.000	394.884	967.204	250.961	164.107	176.444	5.923	0.398	-0.056	-0.408	90.000	89.000	340.714	967.204	224.831	167.458	182.176	5.976	-0.433	-0.276	0.096	90.000	89.000	440.162	967.204	247.434	169.571	188.471	5.288	-0.550	-0.513	-0.000	90.000	89.000	350.259	967.204	193.607	153.739	173.600	11.169	0.138	0.055	-0.055	90.000	89.000	408.258	967.204	329.875	208.667	243.647	1.762	0.119	0.000	0.000	NaN	NaN	NaN	NaN	NaN	NaN	NaN	NaN	NaN	NaN	NaN
90.000	91.000	90.000	398.750	963.173	258.708	192.148	216.800	4.373	0.322	0.000	-0.348	91.000	90.000	426.533	963.173	230.605	151.680	176.562	8.611	0.092	-0.048	-0.044	91.000	90.000	395.148	963.173	226.849	168.542	195.444	9.485	-0.203	0.000	0.205	91.000	90.000	395.650	963.173	244.209	161.138	180.588	6.164	0.241	0.027	-0.177	91.000	90.000	317.071	963.173	225.501	169.042	188.500	4.873	-1.103	-0.363	0.716	91.000	90.000	453.677	963.173	243.949	171.033	195.786	5.204	-0.084	-0.065	-0.000	91.000	90.000	396.179	963.173	198.627	153.917	179.375	11.529	0.360	-0.055	-0.414	91.000	90.000	339.448	963.173	232.600	210.828	244.056	0.661	-1.102	-0.009	0.947	NaN	NaN	NaN	NaN	NaN	NaN	NaN	NaN	NaN	NaN	NaN
91.000	92.000	91.000	406.289	962.925	261.900	198.500	220.143	4.151	-0.222	-0.028	0.145	92.000	91.000	430.881	962.925	219.575	158.864	182.000	8.657	0.046	0.092	0.096	92.000	91.000	372.667	962.925	224.761	168.200	199.750	9.550	0.065	0.000	-0.060	92.000	91.000	400.730	962.925	256.184	170.077	199.000	6.275	0.111	-0.000	-0.145	92.000	91.000	319.000	962.925	235.772	164.958	183.929	4.735	-0.138	-0.184	-0.044	92.000	91.000	428.649	962.925	244.048	176.448	199.538	5.280	0.076	0.065	-0.000	92.000	91.000	374.357	962.925	202.659	155.200	179.091	11.640	0.111	-0.000	-0.090	92.000	91.000	333.250	962.925	231.353	199.700	243.545	0.791	0.130	0.014	-0.127	NaN	NaN	NaN	NaN	NaN	NaN	NaN	NaN	NaN	NaN	NaN
92.000	93.000	92.000	401.833	975.804	250.871	191.107	216.267	4.235	0.084	0.031	-0.005	93.000	92.000	469.911	975.804	224.651	158.077	174.933	8.840	0.184	-0.000	-0.140	93.000	92.000	393.185	975.804	227.334	168.679	207.000	9.661	0.111	0.000	-0.121	93.000	92.000	387.590	975.804	252.887	171.960	194.750	6.551	0.276	0.029	-0.174	93.000	92.000	393.500	975.804	340.176	173.400	199.286	8.630	3.895	-0.147	-2.484	93.000	92.000	413.758	975.804	243.116	166.667	198.125	5.012	-0.268	-0.000	0.264	93.000	92.000	347.214	975.804	198.979	152.519	169.312	11.529	-0.111	-0.034	0.090	NaN	NaN	NaN	NaN	NaN	NaN	NaN	NaN	NaN	NaN	NaN	NaN	NaN	NaN	NaN	NaN	NaN	NaN	NaN	NaN	NaN	NaN
93.000	94.000	93.000	390.000	962.498	260.771	206.400	241.727	4.346	0.111	0.000	-0.028	94.000	93.000	492.413	962.498	224.874	156.840	186.769	9.062	0.222	-0.000	-0.184	94.000	93.000	358.556	962.498	234.804	170.786	196.375	9.420	-0.241	-0.168	0.037	94.000	93.000	424.941	962.498	261.356	165.667	188.083	6.662	0.111	-0.028	-0.232	94.000	93.000	370.467	962.498	231.539	163.348	201.500	4.716	-3.914	-0.368	1.930	94.000	93.000	437.000	962.498	238.575	164.414	174.300	5.315	0.303	-0.000	-0.264	94.000	93.000	389.000	962.498	204.567	155.708	183.875	11.437	-0.092	0.035	0.145	NaN	NaN	NaN	NaN	NaN	NaN	NaN	NaN	NaN	NaN	NaN	NaN	NaN	NaN	NaN	NaN	NaN	NaN	NaN	NaN	NaN	NaN
94.000	95.000	94.000	383.814	969.739	267.286	206.655	224.905	4.189	-0.157	0.000	0.055	95.000	94.000	471.814	969.739	221.014	155.840	190.400	8.683	-0.379	-0.092	0.231	95.000	94.000	328.148	969.739	232.838	161.286	188.818	9.493	0.073	0.000	-0.049	95.000	94.000	456.261	969.739	270.836	175.889	200.125	7.132	0.471	-0.000	-0.291	95.000	94.000	348.172	969.739	233.016	166.414	199.333	4.884	0.168	-0.227	-0.285	95.000	94.000	406.838	969.739	241.704	172.724	207.000	5.334	0.019	-0.000	-0.006	95.000	94.000	409.966	969.739	210.341	154.333	174.867	11.502	0.065	-0.000	-0.055	NaN	NaN	NaN	NaN	NaN	NaN	NaN	NaN	NaN	NaN	NaN	NaN	NaN	NaN	NaN	NaN	NaN	NaN	NaN	NaN	NaN	NaN
95.000	96.000	95.000	397.146	965.956	264.249	198.759	232.182	4.078	-0.111	0.000	0.086	96.000	95.000	507.205	965.956	218.193	151.923	174.400	8.951	0.268	0.092	-0.195	96.000	95.000	322.185	965.956	245.002	175.036	203.583	9.382	-0.111	-0.085	0.000	96.000	95.000	515.457	965.956	277.136	171.793	188.375	7.408	0.276	-0.000	-0.262	96.000	95.000	323.143	965.956	225.970	164.542	205.750	4.865	-0.019	0.000	-0.049	96.000	95.000	392.172	965.956	236.277	172.103	194.385	4.993	-0.341	-0.065	0.135	96.000	95.000	410.935	965.956	211.844	151.962	165.000	11.548	0.046	-0.034	-0.055	NaN	NaN	NaN	NaN	NaN	NaN	NaN	NaN	NaN	NaN	NaN	NaN	NaN	NaN	NaN	NaN	NaN	NaN	NaN	NaN	NaN	NaN
96.000	97.000	96.000	416.220	966.070	269.293	191.923	216.643	4.005	-0.073	-0.059	0.000	97.000	96.000	554.977	966.070	225.744	151.000	166.250	8.924	-0.027	-0.043	0.049	97.000	96.000	370.848	966.070	217.152	166.464	195.545	8.494	-0.888	0.000	1.090	97.000	96.000	471.488	966.070	274.572	163.042	193.125	7.316	-0.092	0.029	0.029	97.000	96.000	303.067	966.070	231.841	165.852	182.059	5.003	0.138	0.000	-0.099	97.000	96.000	408.828	966.070	239.646	164.276	186.600	5.104	0.111	0.065	-0.065	97.000	96.000	415.143	966.070	212.805	155.222	175.000	11.502	-0.046	-0.000	-0.000	NaN	NaN	NaN	NaN	NaN	NaN	NaN	NaN	NaN	NaN	NaN	NaN	NaN	NaN	NaN	NaN	NaN	NaN	NaN	NaN	NaN	NaN
97.000	98.000	97.000	423.511	970.723	277.877	187.600	223.875	4.235	0.230	0.059	-0.119	98.000	97.000	540.652	970.723	229.653	155.667	183.000	8.943	0.019	0.044	0.048	98.000	97.000	379.977	970.723	229.878	176.179	206.067	8.697	0.203	0.000	-0.264	98.000	97.000	480.595	970.723	273.539	173.250	200.667	7.389	0.073	0.029	-0.087	98.000	97.000	292.037	970.723	231.667	168.692	191.250	4.689	-0.314	-0.048	0.188	98.000	97.000	378.483	970.723	238.862	166.759	171.864	5.001	-0.103	0.065	0.194	98.000	97.000	478.600	970.723	221.334	158.241	181.722	12.325	0.823	-0.000	-0.524	NaN	NaN	NaN	NaN	NaN	NaN	NaN	NaN	NaN	NaN	NaN	NaN	NaN	NaN	NaN	NaN	NaN	NaN	NaN	NaN	NaN	NaN
98.000	99.000	98.000	432.647	968.343	279.572	201.172	224.857	4.484	0.249	0.000	-0.202	99.000	98.000	541.638	968.343	223.813	154.731	176.000	8.840	-0.103	-0.000	0.048	99.000	98.000	434.681	968.343	243.289	164.440	186.923	9.160	0.463	0.000	-0.410	99.000	98.000	534.233	968.343	273.789	167.615	192.625	7.714	0.325	0.087	-0.117	99.000	98.000	316.258	968.343	232.662	170.385	186.318	4.624	-0.065	-0.184	-0.090	99.000	98.000	406.432	968.343	248.744	180.793	193.000	5.104	0.103	-0.065	-0.130	99.000	98.000	499.644	968.343	225.667	158.625	179.154	12.325	0.000	0.034	-0.000	NaN	NaN	NaN	NaN	NaN	NaN	NaN	NaN	NaN	NaN	NaN	NaN	NaN	NaN	NaN	NaN	NaN	NaN	NaN	NaN	NaN	NaN
99.000	100.000	99.000	406.048	966.256	266.736	194.160	212.538	4.300	-0.184	-0.057	0.084	100.000	99.000	470.750	966.256	216.002	152.120	172.688	8.492	-0.349	-0.092	0.227	100.000	99.000	397.111	966.256	232.303	167.000	182.632	9.290	0.130	0.000	-0.060	100.000	99.000	488.310	966.256	264.599	171.107	192.786	7.630	-0.084	0.174	0.260	100.000	99.000	299.031	966.256	234.173	168.500	199.222	4.544	-0.081	-0.046	0.092	100.000	99.000	434.450	966.256	244.615	172.250	182.087	5.288	0.184	0.065	-0.000	100.000	99.000	440.698	966.256	218.947	150.458	171.600	12.011	-0.314	-0.000	0.234	NaN	NaN	NaN	NaN	NaN	NaN	NaN	NaN	NaN	NaN	NaN	NaN	NaN	NaN	NaN	NaN	NaN	NaN	NaN	NaN	NaN	NaN
100.000	101.000	100.000	407.769	963.273	258.080	187.036	218.000	4.400	0.100	0.057	-0.088	101.000	100.000	506.535	963.273	224.872	161.259	179.786	8.638	0.146	0.092	-0.044	101.000	100.000	423.614	963.273	238.264	175.571	198.278	9.244	-0.046	0.000	-0.035	101.000	100.000	521.044	963.273	278.928	175.621	199.235	7.982	0.352	0.204	-0.059	101.000	100.000	303.484	963.273	220.772	163.192	186.400	4.306	-0.238	-0.044	0.223	101.000	100.000	378.519	963.273	232.963	168.103	180.500	4.557	-0.731	-0.065	0.397	101.000	100.000	577.644	963.273	227.993	162.292	174.667	12.352	0.341	-0.000	-0.269	NaN	NaN	NaN	NaN	NaN	NaN	NaN	NaN	NaN	NaN	NaN	NaN	NaN	NaN	NaN	NaN	NaN	NaN	NaN	NaN	NaN	NaN
101.000	102.000	101.000	397.513	973.900	260.633	192.207	218.643	4.446	0.046	0.000	-0.058	102.000	101.000	500.523	973.900	222.852	161.280	186.000	8.630	-0.008	-0.092	-0.092	102.000	101.000	411.632	973.900	233.416	178.480	205.846	9.125	-0.119	0.000	0.048	102.000	101.000	522.256	973.900	280.235	172.556	193.786	8.066	0.084	-0.027	-0.178	102.000	101.000	325.861	973.900	239.948	159.893	190.182	7.473	3.167	-0.139	-1.480	102.000	101.000	394.815	973.900	233.113	166.786	185.714	4.687	0.130	-0.000	-0.130	102.000	101.000	503.600	973.900	219.909	160.037	179.467	12.176	-0.176	-0.034	0.145	NaN	NaN	NaN	NaN	NaN	NaN	NaN	NaN	NaN	NaN	NaN	NaN	NaN	NaN	NaN	NaN	NaN	NaN	NaN	NaN	NaN	NaN
102.000	103.000	102.000	436.042	971.414	271.239	192.069	218.562	4.844	0.398	0.058	-0.233	103.000	102.000	520.068	971.414	225.704	158.375	170.643	8.787	0.157	-0.000	-0.140	103.000	102.000	407.850	971.414	233.562	174.036	210.600	9.052	-0.073	0.000	0.107	103.000	102.000	604.357	971.414	298.333	183.654	211.933	8.234	0.168	-0.205	-0.324	103.000	102.000	299.963	971.414	243.681	165.833	189.909	7.603	0.130	-0.275	-0.329	103.000	102.000	371.148	971.414	220.597	164.897	176.778	4.714	0.027	-0.000	-0.000	103.000	102.000	640.085	971.414	242.835	157.957	181.182	12.811	0.636	0.035	-0.594	NaN	NaN	NaN	NaN	NaN	NaN	NaN	NaN	NaN	NaN	NaN	NaN	NaN	NaN	NaN	NaN	NaN	NaN	NaN	NaN	NaN	NaN
103.000	104.000	103.000	422.146	959.094	265.610	191.966	226.727	4.660	-0.184	0.000	0.202	104.000	103.000	553.098	959.094	228.228	163.429	174.240	8.932	0.146	-0.000	-0.140	104.000	103.000	377.273	959.094	233.347	169.741	197.400	8.922	-0.130	0.000	0.061	104.000	103.000	615.697	959.094	292.274	168.440	189.231	8.031	-0.203	-0.059	-0.059	104.000	103.000	300.852	959.094	246.585	163.107	180.800	8.285	0.682	-0.049	-0.289	104.000	103.000	387.071	959.094	219.528	166.200	177.267	4.790	0.076	-0.065	-0.134	104.000	103.000	678.128	959.094	243.215	152.846	165.600	12.922	0.111	-0.035	-0.090	NaN	NaN	NaN	NaN	NaN	NaN	NaN	NaN	NaN	NaN	NaN	NaN	NaN	NaN	NaN	NaN	NaN	NaN	NaN	NaN	NaN	NaN
104.000	105.000	104.000	412.105	960.266	256.545	190.448	212.688	4.262	-0.398	-0.059	0.173	105.000	104.000	557.366	960.266	236.045	157.346	187.444	8.859	-0.073	-0.000	0.043	105.000	104.000	399.476	960.266	233.855	158.250	180.067	9.339	0.417	0.000	-0.327	105.000	104.000	587.268	960.266	297.999	163.167	179.400	8.134	0.103	-0.085	-0.035	105.000	104.000	313.333	960.266	258.514	160.552	179.000	8.656	0.371	-0.457	-0.386	105.000	104.000	391.679	960.266	225.588	164.767	185.923	4.882	0.092	0.065	-0.000	105.000	104.000	576.267	960.266	234.246	146.565	164.500	12.719	-0.203	0.035	0.180	NaN	NaN	NaN	NaN	NaN	NaN	NaN	NaN	NaN	NaN	NaN	NaN	NaN	NaN	NaN	NaN	NaN	NaN	NaN	NaN	NaN	NaN
105.000	106.000	105.000	417.628	950.133	262.339	194.100	227.231	4.484	0.222	0.058	-0.001	106.000	105.000	578.442	950.133	240.913	168.000	195.000	8.970	0.111	0.092	-0.000	106.000	105.000	410.324	950.133	244.543	175.750	202.083	9.201	-0.138	0.000	0.084	106.000	105.000	587.000	950.133	304.560	168.467	195.214	7.847	-0.287	-0.085	0.179	106.000	105.000	360.741	950.133	299.403	182.484	220.944	6.878	-1.778	-0.905	-0.501	106.000	105.000	393.333	950.133	237.794	175.094	200.786	4.771	-0.111	0.065	0.134	106.000	105.000	443.600	950.133	222.319	155.960	178.143	12.149	-0.571	-0.035	0.558	NaN	NaN	NaN	NaN	NaN	NaN	NaN	NaN	NaN	NaN	NaN	NaN	NaN	NaN	NaN	NaN	NaN	NaN	NaN	NaN	NaN	NaN
106.000	107.000	106.000	395.368	945.699	261.682	189.920	208.176	4.189	-0.295	-0.057	0.114	107.000	106.000	594.050	945.699	239.264	168.071	212.000	8.932	-0.038	-0.000	-0.000	107.000	106.000	385.571	945.699	236.586	174.692	194.647	8.972	-0.230	0.000	0.166	107.000	106.000	583.163	945.699	309.295	179.857	205.143	7.580	-0.268	-0.085	0.145	107.000	106.000	379.704	945.699	305.568	190.971	232.824	7.222	0.344	0.054	-0.397	107.000	106.000	344.185	945.699	236.925	171.613	190.588	4.622	-0.149	-0.000	0.130	107.000	106.000	423.628	945.699	222.468	159.346	168.667	11.705	-0.444	-0.000	0.324	NaN	NaN	NaN	NaN	NaN	NaN	NaN	NaN	NaN	NaN	NaN	NaN	NaN	NaN	NaN	NaN	NaN	NaN	NaN	NaN	NaN	NaN
107.000	108.000	107.000	399.270	947.408	277.708	204.321	240.083	4.151	-0.038	0.000	0.088	108.000	107.000	508.250	947.408	237.765	163.200	181.833	8.584	-0.349	-0.092	0.275	108.000	107.000	382.444	947.408	248.246	180.760	218.625	8.731	-0.241	0.000	0.144	108.000	107.000	507.548	947.408	281.405	165.964	175.783	7.201	-0.379	-0.000	0.375	108.000	107.000	400.214	947.408	311.395	196.744	236.909	7.375	0.154	-0.246	-0.345	108.000	107.000	372.741	947.408	232.800	170.185	180.130	4.844	0.222	-0.000	-0.199	108.000	107.000	397.636	947.408	209.544	157.462	182.308	11.253	-0.452	-0.000	0.524	NaN	NaN	NaN	NaN	NaN	NaN	NaN	NaN	NaN	NaN	NaN	NaN	NaN	NaN	NaN	NaN	NaN	NaN	NaN	NaN	NaN	NaN
108.000	109.000	108.000	426.979	952.452	280.849	199.742	232.769	4.476	0.325	0.000	-0.137	109.000	108.000	488.588	952.452	242.802	154.480	194.800	8.511	-0.073	-0.000	0.049	109.000	108.000	397.222	952.452	238.867	178.357	200.000	8.757	0.027	0.022	0.000	109.000	108.000	472.795	952.452	288.400	171.846	202.533	7.109	-0.092	0.026	0.119	109.000	108.000	302.355	952.452	280.055	180.935	218.455	5.749	-1.626	-0.210	1.356	109.000	108.000	350.643	952.452	227.411	160.188	170.609	4.863	0.019	-0.065	-0.000	109.000	108.000	414.382	952.452	207.942	153.565	167.125	11.012	-0.241	-0.000	0.020	NaN	NaN	NaN	NaN	NaN	NaN	NaN	NaN	NaN	NaN	NaN	NaN	NaN	NaN	NaN	NaN	NaN	NaN	NaN	NaN	NaN	NaN
109.000	110.000	109.000	406.483	955.706	288.565	199.267	231.133	4.208	-0.268	0.056	0.145	110.000	109.000	534.844	955.706	256.709	160.800	191.800	8.706	0.195	-0.000	-0.049	110.000	109.000	407.074	955.706	245.487	178.160	196.053	8.842	0.084	-0.022	-0.083	110.000	109.000	474.417	955.706	268.463	174.387	203.214	7.412	0.303	0.145	-0.205	110.000	109.000	324.222	955.706	293.445	179.767	215.235	6.201	0.452	0.000	-0.539	110.000	109.000	354.643	955.706	234.192	169.517	196.167	5.012	0.149	0.065	-0.065	110.000	109.000	414.050	955.706	212.991	161.667	178.133	11.280	0.268	0.035	-0.144	NaN	NaN	NaN	NaN	NaN	NaN	NaN	NaN	NaN	NaN	NaN	NaN	NaN	NaN	NaN	NaN	NaN	NaN	NaN	NaN	NaN	NaN
110.000	111.000	110.000	393.536	964.849	286.489	195.767	216.900	4.173	-0.035	0.000	0.110	111.000	110.000	519.625	964.849	263.179	158.038	189.182	8.549	-0.157	-0.000	0.092	111.000	110.000	355.519	964.849	243.374	174.741	199.588	8.685	-0.157	0.000	0.144	111.000	110.000	499.389	964.849	267.086	172.241	192.333	7.652	0.241	0.230	0.026	111.000	110.000	325.926	964.849	286.472	174.444	203.375	6.580	0.379	-0.017	-0.341	111.000	110.000	377.586	964.849	241.243	177.690	207.154	5.215	0.203	0.065	-0.206	111.000	110.000	450.087	964.849	216.791	147.857	183.571	11.502	0.222	-0.035	-0.145	NaN	NaN	NaN	NaN	NaN	NaN	NaN	NaN	NaN	NaN	NaN	NaN	NaN	NaN	NaN	NaN	NaN	NaN	NaN	NaN	NaN	NaN
111.000	112.000	111.000	364.667	967.606	290.333	198.069	221.125	3.924	-0.249	0.056	0.267	112.000	111.000	503.258	967.606	255.472	166.565	190.889	8.657	0.108	-0.000	-0.227	112.000	111.000	352.222	967.606	232.645	166.769	208.000	8.685	0.000	0.000	0.000	112.000	111.000	501.200	967.606	269.587	178.600	198.800	7.496	-0.157	0.060	0.145	112.000	111.000	344.929	967.606	280.075	167.233	187.857	6.966	0.387	0.000	-0.288	112.000	111.000	366.000	967.606	241.234	177.767	200.833	5.502	0.287	-0.129	-0.201	112.000	111.000	482.721	967.606	221.328	153.423	170.867	11.575	0.073	-0.000	-0.145	NaN	NaN	NaN	NaN	NaN	NaN	NaN	NaN	NaN	NaN	NaN	NaN	NaN	NaN	NaN	NaN	NaN	NaN	NaN	NaN	NaN	NaN
112.000	113.000	112.000	370.523	966.149	264.497	198.967	227.429	3.305	-0.620	-0.061	0.355	113.000	112.000	511.308	966.149	262.299	160.630	177.200	8.825	0.168	0.043	-0.006	113.000	112.000	361.778	966.149	244.947	173.259	195.235	8.777	0.092	0.000	-0.123	113.000	112.000	480.361	966.149	267.203	172.040	202.727	7.652	0.157	0.112	-0.000	113.000	112.000	387.618	966.149	290.546	180.423	214.364	6.893	-0.073	-0.071	-0.090	113.000	112.000	374.575	966.149	234.162	169.967	185.059	5.326	-0.176	-0.000	0.136	113.000	112.000	507.915	966.149	221.202	154.778	170.889	11.881	0.306	-0.000	-0.200	NaN	NaN	NaN	NaN	NaN	NaN	NaN	NaN	NaN	NaN	NaN	NaN	NaN	NaN	NaN	NaN	NaN	NaN	NaN	NaN	NaN	NaN
113.000	114.000	113.000	371.178	972.821	259.420	195.333	214.636	3.462	0.157	0.000	-0.084	114.000	113.000	516.500	972.821	263.065	161.000	178.667	8.890	0.065	-0.000	-0.000	114.000	113.000	396.222	972.821	251.847	179.385	209.188	9.056	0.279	0.000	-0.206	114.000	113.000	534.333	972.821	267.440	163.107	195.500	7.966	0.314	0.060	-0.205	114.000	113.000	403.300	972.821	284.128	183.200	214.083	6.966	0.073	0.000	-0.036	114.000	113.000	377.741	972.821	250.397	177.700	203.111	4.725	-0.601	-0.065	0.336	114.000	113.000	490.684	972.821	224.834	148.074	175.444	11.686	-0.195	-0.000	0.090	NaN	NaN	NaN	NaN	NaN	NaN	NaN	NaN	NaN	NaN	NaN	NaN	NaN	NaN	NaN	NaN	NaN	NaN	NaN	NaN	NaN	NaN
114.000	115.000	114.000	373.881	965.516	259.397	196.714	223.583	3.397	-0.065	0.000	0.023	115.000	114.000	501.391	965.516	263.153	169.667	187.636	8.725	-0.165	-0.043	0.092	115.000	114.000	337.000	965.516	247.110	183.077	206.933	8.933	-0.122	0.000	0.160	115.000	114.000	487.300	965.516	265.747	189.423	218.833	7.672	-0.295	-0.085	0.145	115.000	114.000	393.176	965.516	292.522	190.969	223.727	6.916	-0.051	0.074	0.055	115.000	114.000	380.037	965.516	245.070	173.483	193.917	4.779	0.054	0.065	-0.000	115.000	114.000	490.302	965.516	239.252	156.769	182.364	11.816	0.130	-0.000	-0.055	NaN	NaN	NaN	NaN	NaN	NaN	NaN	NaN	NaN	NaN	NaN	NaN	NaN	NaN	NaN	NaN	NaN	NaN	NaN	NaN	NaN	NaN
115.000	116.000	115.000	410.067	964.608	269.233	203.300	234.353	3.553	0.157	0.000	-0.110	116.000	115.000	524.209	964.608	260.583	164.000	187.727	8.714	-0.011	-0.000	-0.043	116.000	115.000	359.852	964.608	243.128	169.960	202.636	9.071	0.138	0.000	-0.205	116.000	115.000	474.147	964.608	258.004	171.214	195.250	7.542	-0.130	-0.085	0.034	116.000	115.000	387.929	964.608	278.473	173.724	202.714	7.230	0.314	0.036	-0.234	116.000	115.000	371.214	964.608	236.505	161.345	178.667	4.817	0.038	-0.000	-0.069	116.000	115.000	400.464	964.608	221.429	160.037	179.083	11.031	-0.785	-0.000	0.524	NaN	NaN	NaN	NaN	NaN	NaN	NaN	NaN	NaN	NaN	NaN	NaN	NaN	NaN	NaN	NaN	NaN	NaN	NaN	NaN	NaN	NaN
116.000	117.000	116.000	430.364	967.965	269.288	201.267	226.118	3.645	0.092	0.000	-0.060	117.000	116.000	487.459	967.965	262.562	163.148	178.000	8.695	-0.019	0.044	0.048	117.000	116.000	395.697	967.965	249.141	173.680	197.214	9.645	0.574	0.000	-0.411	117.000	116.000	465.912	967.965	256.054	177.111	214.500	7.236	-0.306	0.027	0.323	117.000	116.000	394.872	967.965	289.035	195.771	223.167	7.138	-0.092	-0.035	-0.055	117.000	116.000	356.074	967.965	244.204	169.300	184.882	4.687	-0.130	-0.065	0.069	117.000	116.000	385.500	967.965	224.281	151.125	170.917	11.123	0.092	0.035	-0.000	NaN	NaN	NaN	NaN	NaN	NaN	NaN	NaN	NaN	NaN	NaN	NaN	NaN	NaN	NaN	NaN	NaN	NaN	NaN	NaN	NaN	NaN
117.000	118.000	117.000	406.467	966.120	259.101	206.219	225.304	3.324	-0.322	0.000	0.249	118.000	117.000	476.750	966.120	262.123	168.000	190.538	8.362	-0.333	-0.044	0.235	118.000	117.000	350.357	966.120	245.654	179.885	229.875	9.404	-0.241	0.084	0.266	118.000	117.000	467.909	966.120	249.763	175.207	203.154	7.327	0.092	-0.000	-0.027	118.000	117.000	389.548	966.120	293.340	189.000	228.938	7.302	0.165	-0.055	-0.090	118.000	117.000	363.222	966.120	246.745	167.931	191.545	4.641	-0.046	-0.000	0.065	118.000	117.000	407.621	966.120	226.510	162.500	186.000	11.280	0.157	-0.000	-0.179	NaN	NaN	NaN	NaN	NaN	NaN	NaN	NaN	NaN	NaN	NaN	NaN	NaN	NaN	NaN	NaN	NaN	NaN	NaN	NaN	NaN	NaN
118.000	119.000	118.000	418.065	962.618	263.819	195.667	217.706	3.213	-0.111	-0.061	0.061	119.000	118.000	521.872	962.618	267.211	157.250	175.667	8.438	0.076	-0.000	-0.005	119.000	118.000	343.571	962.618	249.734	182.778	210.625	9.209	-0.195	0.000	0.145	119.000	118.000	408.596	962.618	247.071	179.429	201.800	6.846	-0.482	-0.087	0.407	119.000	118.000	374.780	962.618	285.617	189.333	227.400	7.299	-0.003	-0.054	0.054	119.000	118.000	365.143	962.618	247.434	167.967	183.200	4.733	0.092	-0.000	-0.070	119.000	118.000	391.357	962.618	225.879	160.407	185.750	11.261	-0.019	-0.034	0.034	NaN	NaN	NaN	NaN	NaN	NaN	NaN	NaN	NaN	NaN	NaN	NaN	NaN	NaN	NaN	NaN	NaN	NaN	NaN	NaN	NaN	NaN
119.000	120.000	119.000	447.178	953.807	272.227	197.733	221.471	3.462	0.249	0.000	-0.205	120.000	119.000	470.196	953.807	253.198	156.400	184.833	7.450	-0.988	-0.000	0.965	120.000	119.000	350.447	953.807	243.651	181.000	210.125	9.515	0.306	-0.061	-0.244	120.000	119.000	356.211	953.807	244.177	166.333	196.700	5.690	-1.156	-0.145	0.842	120.000	119.000	387.370	953.807	288.263	184.808	223.714	7.632	0.333	0.000	-0.090	120.000	119.000	369.464	953.807	239.218	167.357	177.200	4.771	0.038	-0.000	-0.065	120.000	119.000	416.138	953.807	226.065	159.321	181.923	11.215	-0.046	-0.055	-0.035	NaN	NaN	NaN	NaN	NaN	NaN	NaN	NaN	NaN	NaN	NaN	NaN	NaN	NaN	NaN	NaN	NaN	NaN	NaN	NaN	NaN	NaN
120.000	NaN	NaN	NaN	NaN	NaN	NaN	NaN	NaN	NaN	NaN	NaN	121.000	120.000	461.674	973.949	256.948	160.519	179.643	7.550	0.100	-0.000	-0.138	121.000	120.000	339.296	973.949	236.310	177.931	207.125	9.339	-0.176	0.000	0.038	121.000	120.000	385.622	973.949	249.463	163.286	189.455	5.487	-0.203	0.057	0.318	121.000	120.000	364.658	973.949	282.047	180.655	215.167	7.610	-0.022	-0.055	0.016	121.000	120.000	361.321	973.949	239.453	166.613	174.478	4.771	0.000	-0.000	-0.000	121.000	120.000	469.757	973.949	236.215	151.259	175.667	11.418	0.203	0.055	-0.090	NaN	NaN	NaN	NaN	NaN	NaN	NaN	NaN	NaN	NaN	NaN	NaN	NaN	NaN	NaN	NaN	NaN	NaN	NaN	NaN	NaN	NaN
