dT	T (0)	dT (0)	Base Mean (0)	Body Mean (0)	Proj Mean (0)	Tip Mean (0)	Tip Th Mean (0)	Length (0)	dL (0)	DCTM (0)	DCBM (0)	T (1)	dT (1)	Base Mean (1)	Body Mean (1)	Proj Mean (1)	Tip Mean (1)	Tip Th Mean (1)	Length (1)	dL (1)	DCTM (1)	DCBM (1)	T (2)	dT (2)	Base Mean (2)	Body Mean (2)	Proj Mean (2)	Tip Mean (2)	Tip Th Mean (2)	Length (2)	dL (2)	DCTM (2)	DCBM (2)	T (3)	dT (3)	Base Mean (3)	Body Mean (3)	Proj Mean (3)	Tip Mean (3)	Tip Th Mean (3)	Length (3)	dL (3)	DCTM (3)	DCBM (3)	T (4)	dT (4)	Base Mean (4)	Body Mean (4)	Proj Mean (4)	Tip Mean (4)	Tip Th Mean (4)	Length (4)	dL (4)	DCTM (4)	DCBM (4)	T (5)	dT (5)	Base Mean (5)	Body Mean (5)	Proj Mean (5)	Tip Mean (5)	Tip Th Mean (5)	Length (5)	dL (5)	DCTM (5)	DCBM (5)	T (6)	dT (6)	Base Mean (6)	Body Mean (6)	Proj Mean (6)	Tip Mean (6)	Tip Th Mean (6)	Length (6)	dL (6)	DCTM (6)	DCBM (6)	T (7)	dT (7)	Base Mean (7)	Body Mean (7)	Proj Mean (7)	Tip Mean (7)	Tip Th Mean (7)	Length (7)	dL (7)	DCTM (7)	DCBM (7)
-20.000	NaN	NaN	NaN	NaN	NaN	NaN	NaN	NaN	NaN	NaN	NaN	NaN	NaN	NaN	NaN	NaN	NaN	NaN	NaN	NaN	NaN	NaN	6.000	-20.000	399.951	1179.414	NaN	NaN	NaN	NaN	NaN	NaN	NaN	16.000	-20.000	291.528	1199.785	NaN	NaN	NaN	NaN	NaN	NaN	NaN	27.000	-20.000	367.708	1226.504	NaN	NaN	NaN	NaN	NaN	NaN	NaN	49.000	-20.000	415.441	1222.555	NaN	NaN	NaN	NaN	NaN	NaN	NaN	67.000	-20.000	280.238	1258.773	NaN	NaN	NaN	NaN	NaN	NaN	NaN	75.000	-20.000	420.643	1382.776	NaN	NaN	NaN	NaN	NaN	NaN	NaN
-19.000	NaN	NaN	NaN	NaN	NaN	NaN	NaN	NaN	NaN	NaN	NaN	NaN	NaN	NaN	NaN	NaN	NaN	NaN	NaN	NaN	NaN	NaN	7.000	-19.000	409.700	1186.987	NaN	NaN	NaN	NaN	NaN	NaN	NaN	17.000	-19.000	285.486	1203.833	NaN	NaN	NaN	NaN	NaN	NaN	NaN	28.000	-19.000	378.583	1230.741	NaN	NaN	NaN	NaN	NaN	NaN	NaN	50.000	-19.000	314.526	1211.996	NaN	NaN	NaN	NaN	NaN	NaN	NaN	68.000	-19.000	254.047	1256.381	NaN	NaN	NaN	NaN	NaN	NaN	NaN	76.000	-19.000	372.667	1379.089	NaN	NaN	NaN	NaN	NaN	NaN	NaN
-18.000	NaN	NaN	NaN	NaN	NaN	NaN	NaN	NaN	NaN	NaN	NaN	NaN	NaN	NaN	NaN	NaN	NaN	NaN	NaN	NaN	NaN	NaN	8.000	-18.000	441.929	1189.629	NaN	NaN	NaN	NaN	NaN	NaN	NaN	18.000	-18.000	290.789	1202.660	NaN	NaN	NaN	NaN	NaN	NaN	NaN	29.000	-18.000	358.895	1232.499	NaN	NaN	NaN	NaN	NaN	NaN	NaN	51.000	-18.000	397.971	1224.183	NaN	NaN	NaN	NaN	NaN	NaN	NaN	69.000	-18.000	460.923	1403.119	NaN	NaN	NaN	NaN	NaN	NaN	NaN	77.000	-18.000	326.759	1231.834	NaN	NaN	NaN	NaN	NaN	NaN	NaN
-17.000	NaN	NaN	NaN	NaN	NaN	NaN	NaN	NaN	NaN	NaN	NaN	NaN	NaN	NaN	NaN	NaN	NaN	NaN	NaN	NaN	NaN	NaN	9.000	-17.000	456.682	1194.149	NaN	NaN	NaN	NaN	NaN	NaN	NaN	19.000	-17.000	290.795	1204.011	NaN	NaN	NaN	NaN	NaN	NaN	NaN	30.000	-17.000	342.944	1233.394	NaN	NaN	NaN	NaN	NaN	NaN	NaN	52.000	-17.000	386.000	1223.582	NaN	NaN	NaN	NaN	NaN	NaN	NaN	70.000	-17.000	436.538	1407.104	NaN	NaN	NaN	NaN	NaN	NaN	NaN	78.000	-17.000	338.400	1231.893	NaN	NaN	NaN	NaN	NaN	NaN	NaN
-16.000	NaN	NaN	NaN	NaN	NaN	NaN	NaN	NaN	NaN	NaN	NaN	NaN	NaN	NaN	NaN	NaN	NaN	NaN	NaN	NaN	NaN	NaN	10.000	-16.000	451.310	1197.678	NaN	NaN	NaN	NaN	NaN	NaN	NaN	20.000	-16.000	291.028	1205.867	NaN	NaN	NaN	NaN	NaN	NaN	NaN	31.000	-16.000	333.833	1226.680	NaN	NaN	NaN	NaN	NaN	NaN	NaN	53.000	-16.000	421.800	1223.697	NaN	NaN	NaN	NaN	NaN	NaN	NaN	71.000	-16.000	426.846	1409.713	NaN	NaN	NaN	NaN	NaN	NaN	NaN	79.000	-16.000	384.871	1236.193	NaN	NaN	NaN	NaN	NaN	NaN	NaN
-15.000	NaN	NaN	NaN	NaN	NaN	NaN	NaN	NaN	NaN	NaN	NaN	NaN	NaN	NaN	NaN	NaN	NaN	NaN	NaN	NaN	NaN	NaN	11.000	-15.000	451.341	1198.652	NaN	NaN	NaN	NaN	NaN	NaN	NaN	21.000	-15.000	287.971	1211.249	NaN	NaN	NaN	NaN	NaN	NaN	NaN	32.000	-15.000	342.263	1217.236	NaN	NaN	NaN	NaN	NaN	NaN	NaN	54.000	-15.000	451.892	1226.126	NaN	NaN	NaN	NaN	NaN	NaN	NaN	72.000	-15.000	404.308	1415.202	NaN	NaN	NaN	NaN	NaN	NaN	NaN	80.000	-15.000	370.724	1231.768	NaN	NaN	NaN	NaN	NaN	NaN	NaN
-14.000	NaN	NaN	NaN	NaN	NaN	NaN	NaN	NaN	NaN	NaN	NaN	NaN	NaN	NaN	NaN	NaN	NaN	NaN	NaN	NaN	NaN	NaN	12.000	-14.000	473.927	1195.325	NaN	NaN	NaN	NaN	NaN	NaN	NaN	22.000	-14.000	300.029	1212.764	NaN	NaN	NaN	NaN	NaN	NaN	NaN	33.000	-14.000	358.389	1216.428	NaN	NaN	NaN	NaN	NaN	NaN	NaN	55.000	-14.000	429.590	1229.272	NaN	NaN	NaN	NaN	NaN	NaN	NaN	73.000	-14.000	427.000	1414.294	NaN	NaN	NaN	NaN	NaN	NaN	NaN	81.000	-14.000	390.964	1230.302	NaN	NaN	NaN	NaN	NaN	NaN	NaN
-13.000	NaN	NaN	NaN	NaN	NaN	NaN	NaN	NaN	NaN	NaN	NaN	NaN	NaN	NaN	NaN	NaN	NaN	NaN	NaN	NaN	NaN	NaN	13.000	-13.000	458.684	1194.855	NaN	NaN	NaN	NaN	NaN	NaN	NaN	23.000	-13.000	300.649	1218.079	NaN	NaN	NaN	NaN	NaN	NaN	NaN	34.000	-13.000	364.762	1208.019	NaN	NaN	NaN	NaN	NaN	NaN	NaN	56.000	-13.000	466.077	1237.591	NaN	NaN	NaN	NaN	NaN	NaN	NaN	74.000	-13.000	359.385	1398.462	NaN	NaN	NaN	NaN	NaN	NaN	NaN	82.000	-13.000	335.083	1373.734	NaN	NaN	NaN	NaN	NaN	NaN	NaN
-12.000	NaN	NaN	NaN	NaN	NaN	NaN	NaN	NaN	NaN	NaN	NaN	NaN	NaN	NaN	NaN	NaN	NaN	NaN	NaN	NaN	NaN	NaN	14.000	-12.000	449.000	1199.513	NaN	NaN	NaN	NaN	NaN	NaN	NaN	24.000	-12.000	306.459	1220.224	NaN	NaN	NaN	NaN	NaN	NaN	NaN	35.000	-12.000	339.565	1204.511	NaN	NaN	NaN	NaN	NaN	NaN	NaN	57.000	-12.000	435.583	1232.406	NaN	NaN	NaN	NaN	NaN	NaN	NaN	75.000	-12.000	366.000	1382.776	NaN	NaN	NaN	NaN	NaN	NaN	NaN	83.000	-12.000	338.960	1235.003	NaN	NaN	NaN	NaN	NaN	NaN	NaN
-11.000	NaN	NaN	NaN	NaN	NaN	NaN	NaN	NaN	NaN	NaN	NaN	NaN	NaN	NaN	NaN	NaN	NaN	NaN	NaN	NaN	NaN	NaN	15.000	-11.000	517.405	1198.547	NaN	NaN	NaN	NaN	NaN	NaN	NaN	25.000	-11.000	310.789	1219.603	NaN	NaN	NaN	NaN	NaN	NaN	NaN	36.000	-11.000	371.458	1211.142	NaN	NaN	NaN	NaN	NaN	NaN	NaN	58.000	-11.000	451.727	1234.428	NaN	NaN	NaN	NaN	NaN	NaN	NaN	76.000	-11.000	365.231	1379.089	NaN	NaN	NaN	NaN	NaN	NaN	NaN	84.000	-11.000	493.633	1241.166	NaN	NaN	NaN	NaN	NaN	NaN	NaN
-10.000	NaN	NaN	NaN	NaN	NaN	NaN	NaN	NaN	NaN	NaN	NaN	NaN	NaN	NaN	NaN	NaN	NaN	NaN	NaN	NaN	NaN	NaN	16.000	-10.000	496.350	1199.785	NaN	NaN	NaN	NaN	NaN	NaN	NaN	26.000	-10.000	318.324	1226.982	NaN	NaN	NaN	NaN	NaN	NaN	NaN	37.000	-10.000	354.320	1203.032	NaN	NaN	NaN	NaN	NaN	NaN	NaN	59.000	-10.000	440.756	1236.599	NaN	NaN	NaN	NaN	NaN	NaN	NaN	77.000	-10.000	267.300	1231.834	NaN	NaN	NaN	NaN	NaN	NaN	NaN	85.000	-10.000	534.143	1245.046	NaN	NaN	NaN	NaN	NaN	NaN	NaN
-9.000	NaN	NaN	NaN	NaN	NaN	NaN	NaN	NaN	NaN	NaN	NaN	NaN	NaN	NaN	NaN	NaN	NaN	NaN	NaN	NaN	NaN	NaN	17.000	-9.000	496.825	1203.833	NaN	NaN	NaN	NaN	NaN	NaN	NaN	27.000	-9.000	318.600	1226.504	NaN	NaN	NaN	NaN	NaN	NaN	NaN	38.000	-9.000	344.476	1197.370	NaN	NaN	NaN	NaN	NaN	NaN	NaN	60.000	-9.000	436.167	1239.651	NaN	NaN	NaN	NaN	NaN	NaN	NaN	78.000	-9.000	276.875	1231.893	NaN	NaN	NaN	NaN	NaN	NaN	NaN	86.000	-9.000	325.793	1248.824	NaN	NaN	NaN	NaN	NaN	NaN	NaN
-8.000	NaN	NaN	NaN	NaN	NaN	NaN	NaN	NaN	NaN	NaN	NaN	NaN	NaN	NaN	NaN	NaN	NaN	NaN	NaN	NaN	NaN	NaN	18.000	-8.000	499.341	1202.660	NaN	NaN	NaN	NaN	NaN	NaN	NaN	28.000	-8.000	323.206	1230.741	NaN	NaN	NaN	NaN	NaN	NaN	NaN	39.000	-8.000	357.579	1197.652	NaN	NaN	NaN	NaN	NaN	NaN	NaN	61.000	-8.000	439.333	1242.201	NaN	NaN	NaN	NaN	NaN	NaN	NaN	79.000	-8.000	267.385	1236.193	NaN	NaN	NaN	NaN	NaN	NaN	NaN	87.000	-8.000	501.294	1409.198	NaN	NaN	NaN	NaN	NaN	NaN	NaN
-7.000	NaN	NaN	NaN	NaN	NaN	NaN	NaN	NaN	NaN	NaN	NaN	NaN	NaN	NaN	NaN	NaN	NaN	NaN	NaN	NaN	NaN	NaN	19.000	-7.000	446.529	1204.011	NaN	NaN	NaN	NaN	NaN	NaN	NaN	29.000	-7.000	338.108	1232.499	NaN	NaN	NaN	NaN	NaN	NaN	NaN	40.000	-7.000	355.875	1362.046	NaN	NaN	NaN	NaN	NaN	NaN	NaN	62.000	-7.000	438.651	1243.470	NaN	NaN	NaN	NaN	NaN	NaN	NaN	80.000	-7.000	271.683	1231.768	NaN	NaN	NaN	NaN	NaN	NaN	NaN	88.000	-7.000	492.941	1410.666	NaN	NaN	NaN	NaN	NaN	NaN	NaN
-6.000	NaN	NaN	NaN	NaN	NaN	NaN	NaN	NaN	NaN	NaN	NaN	NaN	NaN	NaN	NaN	NaN	NaN	NaN	NaN	NaN	NaN	NaN	20.000	-6.000	462.333	1205.867	NaN	NaN	NaN	NaN	NaN	NaN	NaN	30.000	-6.000	381.056	1233.394	NaN	NaN	NaN	NaN	NaN	NaN	NaN	41.000	-6.000	339.263	1195.056	NaN	NaN	NaN	NaN	NaN	NaN	NaN	63.000	-6.000	459.837	1244.741	NaN	NaN	NaN	NaN	NaN	NaN	NaN	81.000	-6.000	286.275	1230.302	NaN	NaN	NaN	NaN	NaN	NaN	NaN	89.000	-6.000	474.000	1409.199	NaN	NaN	NaN	NaN	NaN	NaN	NaN
-5.000	NaN	NaN	NaN	NaN	NaN	NaN	NaN	NaN	NaN	NaN	NaN	NaN	NaN	NaN	NaN	NaN	NaN	NaN	NaN	NaN	NaN	NaN	21.000	-5.000	466.375	1211.249	NaN	NaN	NaN	NaN	NaN	NaN	NaN	31.000	-5.000	390.703	1226.680	NaN	NaN	NaN	NaN	NaN	NaN	NaN	42.000	-5.000	357.583	1193.894	NaN	NaN	NaN	NaN	NaN	NaN	NaN	64.000	-5.000	544.191	1241.709	NaN	NaN	NaN	NaN	NaN	NaN	NaN	82.000	-5.000	377.846	1373.734	NaN	NaN	NaN	NaN	NaN	NaN	NaN	90.000	-5.000	488.412	1410.373	NaN	NaN	NaN	NaN	NaN	NaN	NaN
-4.000	NaN	NaN	NaN	NaN	NaN	NaN	NaN	NaN	NaN	NaN	NaN	NaN	NaN	NaN	NaN	NaN	NaN	NaN	NaN	NaN	NaN	NaN	22.000	-4.000	505.424	1212.764	NaN	NaN	NaN	NaN	NaN	NaN	NaN	32.000	-4.000	385.632	1217.236	NaN	NaN	NaN	NaN	NaN	NaN	NaN	43.000	-4.000	392.067	1200.158	NaN	NaN	NaN	NaN	NaN	NaN	NaN	65.000	-4.000	562.500	1247.343	NaN	NaN	NaN	NaN	NaN	NaN	NaN	83.000	-4.000	280.024	1235.003	NaN	NaN	NaN	NaN	NaN	NaN	NaN	91.000	-4.000	365.194	1408.638	NaN	NaN	NaN	NaN	NaN	NaN	NaN
-3.000	NaN	NaN	NaN	NaN	NaN	NaN	NaN	NaN	NaN	NaN	NaN	NaN	NaN	NaN	NaN	NaN	NaN	NaN	NaN	NaN	NaN	NaN	23.000	-3.000	510.562	1218.079	NaN	NaN	NaN	NaN	NaN	NaN	NaN	33.000	-3.000	420.854	1216.428	NaN	NaN	NaN	NaN	NaN	NaN	NaN	44.000	-3.000	422.571	1203.430	NaN	NaN	NaN	NaN	NaN	NaN	NaN	66.000	-3.000	547.292	1251.033	NaN	NaN	NaN	NaN	NaN	NaN	NaN	84.000	-3.000	294.390	1241.166	NaN	NaN	NaN	NaN	NaN	NaN	NaN	92.000	-3.000	486.706	1408.862	NaN	NaN	NaN	NaN	NaN	NaN	NaN
-2.000	NaN	NaN	NaN	NaN	NaN	NaN	NaN	NaN	NaN	NaN	NaN	NaN	NaN	NaN	NaN	NaN	NaN	NaN	NaN	NaN	NaN	NaN	24.000	-2.000	459.250	1220.224	NaN	NaN	NaN	NaN	NaN	NaN	NaN	34.000	-2.000	412.929	1208.019	NaN	NaN	NaN	NaN	NaN	NaN	NaN	45.000	-2.000	467.586	1204.384	NaN	NaN	NaN	NaN	NaN	NaN	NaN	67.000	-2.000	557.250	1258.773	NaN	NaN	NaN	NaN	NaN	NaN	NaN	85.000	-2.000	286.659	1245.046	NaN	NaN	NaN	NaN	NaN	NaN	NaN	93.000	-2.000	474.353	1410.725	NaN	NaN	NaN	NaN	NaN	NaN	NaN
-1.000	NaN	NaN	NaN	NaN	NaN	NaN	NaN	NaN	NaN	NaN	NaN	NaN	NaN	NaN	NaN	NaN	NaN	NaN	NaN	NaN	NaN	NaN	25.000	-1.000	448.821	1219.603	NaN	NaN	NaN	NaN	NaN	NaN	NaN	35.000	-1.000	425.390	1204.511	NaN	NaN	NaN	NaN	NaN	NaN	NaN	46.000	-1.000	516.103	1213.181	NaN	NaN	NaN	NaN	NaN	NaN	NaN	68.000	-1.000	547.191	1256.381	NaN	NaN	NaN	NaN	NaN	NaN	NaN	86.000	-1.000	294.846	1248.824	NaN	NaN	NaN	NaN	NaN	NaN	NaN	94.000	-1.000	460.471	1415.238	NaN	NaN	NaN	NaN	NaN	NaN	NaN
0.000	1.000	0.000	499.879	1173.169	326.238	211.231	271.000	13.155	0.000	NaN	NaN	1.000	0.000	362.800	1173.169	306.923	219.818	264.474	4.189	0.000	NaN	NaN	26.000	0.000	371.000	1226.982	294.913	288.444	361.100	0.649	0.649	NaN	NaN	36.000	0.000	449.875	1211.142	318.857	321.727	373.250	0.494	0.494	NaN	NaN	47.000	0.000	491.708	1217.380	406.688	415.286	491.250	0.595	0.595	NaN	NaN	69.000	0.000	491.690	1403.119	283.718	292.367	323.450	4.160	4.160	NaN	NaN	87.000	0.000	378.031	1409.198	311.265	329.548	347.300	3.601	3.601	NaN	NaN	95.000	0.000	345.630	1412.317	285.065	229.040	254.611	5.677	5.677	NaN	NaN
1.000	2.000	1.000	516.667	1157.907	325.567	206.423	230.474	13.155	0.000	0.000	0.000	2.000	1.000	341.852	1157.907	302.182	241.469	297.944	4.265	0.076	0.042	-0.062	27.000	1.000	345.550	1226.504	278.025	270.111	316.650	0.817	0.169	0.183	0.041	37.000	1.000	385.429	1203.032	275.900	281.889	285.125	0.429	-0.065	0.103	0.062	48.000	1.000	513.682	1222.716	454.783	358.513	468.545	2.081	1.486	0.875	-0.530	70.000	1.000	450.286	1407.104	282.223	281.208	314.308	3.938	-0.222	0.040	0.154	88.000	1.000	393.037	1410.666	316.584	304.875	366.333	3.360	-0.241	-0.127	-1.553	96.000	1.000	346.704	1410.135	280.626	215.727	235.533	5.853	0.176	0.145	-0.038
2.000	3.000	2.000	496.795	1166.506	321.876	211.043	247.400	13.369	0.214	0.000	-0.126	3.000	2.000	343.000	1166.506	297.045	204.500	249.312	4.433	0.168	0.137	-0.080	28.000	2.000	389.674	1230.741	304.832	258.719	298.211	1.288	0.471	0.222	-0.103	38.000	2.000	431.700	1197.370	330.424	332.963	405.833	0.590	0.160	-0.016	-0.079	49.000	2.000	524.921	1222.555	488.148	370.917	478.238	1.997	-0.084	0.145	0.124	71.000	2.000	443.947	1409.713	295.957	300.862	345.267	3.735	-0.203	-0.039	0.182	89.000	2.000	376.259	1409.199	322.301	298.767	355.312	3.138	-0.222	-0.014	0.234	97.000	2.000	330.069	1404.761	276.403	226.308	248.556	5.918	0.065	0.122	0.083
3.000	4.000	3.000	523.970	1167.531	313.688	208.792	230.938	13.304	-0.065	0.063	0.063	4.000	3.000	326.793	1167.531	279.629	231.967	266.889	4.601	0.168	0.063	-0.048	29.000	3.000	443.605	1232.499	356.591	276.054	330.150	1.667	0.379	0.176	-0.199	39.000	3.000	455.069	1197.652	353.019	324.433	409.529	0.733	0.144	0.145	-0.029	50.000	3.000	519.277	1211.996	509.858	351.938	471.895	2.571	0.574	0.195	-0.299	72.000	3.000	406.444	1415.202	285.383	294.200	312.704	3.727	-0.008	0.038	-0.015	90.000	3.000	388.545	1410.373	323.894	304.548	376.188	3.057	-0.081	-0.196	-0.090	98.000	3.000	305.967	1403.948	273.381	217.600	231.632	5.884	-0.035	0.144	0.123
4.000	5.000	4.000	512.636	1172.570	311.819	206.043	228.500	13.285	-0.019	0.063	0.063	5.000	4.000	411.179	1172.570	282.414	214.000	277.929	5.191	0.590	0.019	-0.493	30.000	4.000	506.976	1233.394	378.638	268.543	325.632	1.970	0.303	0.249	-0.110	40.000	4.000	506.905	1362.046	404.863	297.655	405.583	1.702	0.968	0.164	-0.719	51.000	4.000	527.326	1224.183	519.027	335.925	469.222	2.900	0.330	0.211	-0.063	73.000	4.000	429.526	1414.294	289.678	284.500	309.286	3.800	0.073	0.130	0.091	91.000	4.000	383.037	1408.638	328.976	311.032	374.389	2.770	-0.287	0.000	0.198	NaN	NaN	NaN	NaN	NaN	NaN	NaN	NaN	NaN	NaN	NaN
5.000	6.000	5.000	554.212	1179.414	316.011	203.091	231.545	13.507	0.222	0.000	-0.205	6.000	5.000	434.067	1179.414	308.133	221.182	244.500	4.728	-0.463	-0.614	-0.163	31.000	5.000	510.488	1226.680	382.601	258.000	324.286	2.181	0.211	0.254	-0.017	41.000	5.000	470.393	1195.056	374.809	312.414	388.562	1.020	-0.682	0.086	0.602	52.000	5.000	520.426	1223.582	521.724	352.472	451.391	3.195	0.295	0.222	-0.103	74.000	5.000	361.000	1398.462	288.705	310.778	329.350	3.800	0.000	0.042	0.014	92.000	5.000	372.500	1408.862	316.671	282.032	349.000	2.537	-0.233	0.054	0.197	NaN	NaN	NaN	NaN	NaN	NaN	NaN	NaN	NaN	NaN	NaN
6.000	7.000	6.000	534.267	1186.987	308.771	198.000	211.909	13.312	-0.195	-0.063	0.126	7.000	6.000	451.167	1186.987	315.868	224.487	250.957	3.289	-1.439	-1.439	-0.142	32.000	6.000	515.442	1217.236	383.782	286.875	334.609	2.494	0.314	0.289	0.000	42.000	6.000	485.393	1193.894	384.350	313.571	402.882	1.085	0.065	0.119	0.088	53.000	6.000	533.750	1223.697	484.116	281.000	353.250	3.241	0.046	0.073	-0.060	75.000	6.000	370.571	1382.776	298.262	313.875	340.333	3.827	0.027	0.000	-0.043	93.000	6.000	385.667	1410.725	315.486	283.387	340.850	2.594	0.057	-0.053	-0.091	NaN	NaN	NaN	NaN	NaN	NaN	NaN	NaN	NaN	NaN	NaN
7.000	8.000	7.000	535.833	1189.629	297.054	194.136	206.789	13.285	-0.027	-0.079	-0.063	8.000	7.000	451.345	1189.629	302.074	211.000	234.235	4.092	0.804	0.407	-0.248	33.000	7.000	474.622	1216.428	351.483	276.393	308.880	2.747	0.252	0.145	-0.023	43.000	7.000	484.483	1200.158	360.851	276.258	350.550	1.250	0.165	0.216	0.090	54.000	7.000	560.545	1226.126	481.502	264.179	340.000	3.517	0.276	0.182	-0.103	76.000	7.000	388.034	1379.089	288.738	290.375	324.000	3.827	0.000	-0.043	0.049	94.000	7.000	377.800	1415.238	312.979	276.867	331.400	2.510	-0.084	0.000	0.037	NaN	NaN	NaN	NaN	NaN	NaN	NaN	NaN	NaN	NaN	NaN
8.000	9.000	8.000	587.250	1194.149	309.364	205.320	235.267	13.488	0.203	0.016	-0.205	9.000	8.000	416.464	1194.149	297.307	220.111	245.615	4.402	0.309	0.275	-0.190	34.000	8.000	325.909	1208.019	297.712	236.889	280.929	2.322	-0.425	0.153	0.620	44.000	8.000	492.607	1203.430	365.640	268.562	333.471	1.361	0.111	0.172	0.000	55.000	8.000	582.500	1229.272	487.748	252.120	316.667	3.857	0.341	0.172	-0.102	NaN	NaN	NaN	NaN	NaN	NaN	NaN	NaN	NaN	NaN	NaN	95.000	8.000	384.875	1412.317	308.511	271.548	316.778	2.632	0.122	-0.036	-0.090	NaN	NaN	NaN	NaN	NaN	NaN	NaN	NaN	NaN	NaN	NaN
9.000	10.000	9.000	573.400	1197.678	304.622	200.048	210.100	13.572	0.084	-0.016	-0.063	10.000	9.000	407.750	1197.678	292.062	219.897	237.421	5.243	0.842	0.714	-0.128	35.000	9.000	316.111	1204.511	283.283	243.296	290.467	1.740	-0.582	0.282	0.772	45.000	9.000	476.613	1204.384	346.215	246.933	291.071	1.629	0.268	0.145	-0.058	56.000	9.000	639.439	1237.591	521.301	249.593	300.250	3.930	0.073	0.052	-0.105	NaN	NaN	NaN	NaN	NaN	NaN	NaN	NaN	NaN	NaN	NaN	96.000	9.000	413.125	1410.135	305.139	263.433	305.125	2.575	-0.057	0.037	0.000	NaN	NaN	NaN	NaN	NaN	NaN	NaN	NaN	NaN	NaN	NaN
10.000	11.000	10.000	492.500	1198.652	294.368	194.750	225.250	13.174	-0.398	0.016	0.331	11.000	10.000	425.241	1198.652	280.678	205.080	239.667	5.778	0.534	0.231	-0.193	36.000	10.000	449.804	1211.142	353.527	298.000	398.105	3.785	2.045	0.204	-1.692	46.000	10.000	489.357	1213.181	356.292	260.917	306.200	1.629	0.000	0.116	0.116	57.000	10.000	623.733	1232.406	385.079	228.957	254.625	2.808	-1.122	0.056	1.191	NaN	NaN	NaN	NaN	NaN	NaN	NaN	NaN	NaN	NaN	NaN	97.000	10.000	383.458	1404.761	294.929	258.000	303.462	2.529	-0.046	0.000	0.053	NaN	NaN	NaN	NaN	NaN	NaN	NaN	NaN	NaN	NaN	NaN
11.000	12.000	11.000	546.758	1195.325	302.157	205.227	223.812	13.702	0.528	-0.015	-0.457	12.000	11.000	391.923	1195.325	289.172	216.300	240.217	6.195	0.417	0.512	-0.053	37.000	11.000	305.488	1203.032	342.133	328.406	425.368	2.900	-0.884	0.180	0.955	47.000	11.000	519.976	1217.380	385.728	280.636	342.647	2.157	0.528	0.087	-0.203	58.000	11.000	614.814	1234.428	369.074	224.654	269.706	2.976	0.168	0.045	-0.122	NaN	NaN	NaN	NaN	NaN	NaN	NaN	NaN	NaN	NaN	NaN	98.000	11.000	405.741	1403.948	294.526	256.034	287.053	2.621	0.092	0.000	-0.053	NaN	NaN	NaN	NaN	NaN	NaN	NaN	NaN	NaN	NaN	NaN
12.000	13.000	12.000	484.407	1194.855	294.023	200.318	218.105	13.258	-0.444	0.000	0.394	13.000	12.000	367.038	1194.855	287.837	221.100	248.000	6.677	0.482	0.259	-0.194	38.000	12.000	313.178	1197.370	357.162	313.939	449.444	2.916	0.016	0.065	0.041	48.000	12.000	524.871	1222.716	397.403	264.657	303.200	2.054	-0.103	0.117	0.059	59.000	12.000	605.289	1236.599	360.026	218.348	259.167	3.160	0.184	-0.033	-0.178	NaN	NaN	NaN	NaN	NaN	NaN	NaN	NaN	NaN	NaN	NaN	99.000	12.000	405.333	1415.682	294.722	252.966	284.500	2.686	0.065	0.000	-0.054	NaN	NaN	NaN	NaN	NaN	NaN	NaN	NaN	NaN	NaN	NaN
13.000	14.000	13.000	544.722	1199.513	295.249	192.318	214.846	13.767	0.509	0.000	-0.394	14.000	13.000	398.897	1199.513	277.080	218.182	259.737	6.810	0.133	0.055	-0.130	39.000	13.000	328.848	1197.652	396.668	324.226	439.062	2.889	-0.027	0.088	0.092	49.000	13.000	499.903	1222.555	393.089	272.677	312.750	2.046	-0.008	0.031	0.057	60.000	13.000	620.953	1239.651	363.029	211.286	253.500	3.241	0.081	-0.019	-0.180	NaN	NaN	NaN	NaN	NaN	NaN	NaN	NaN	NaN	NaN	NaN	100.000	13.000	402.174	1413.993	290.664	252.300	299.818	2.621	-0.065	0.000	0.053	NaN	NaN	NaN	NaN	NaN	NaN	NaN	NaN	NaN	NaN	NaN
14.000	15.000	14.000	530.611	1198.547	293.486	200.625	227.000	13.656	-0.111	-0.063	0.063	15.000	14.000	375.654	1198.547	239.123	218.345	252.875	6.707	-0.103	0.015	-0.007	40.000	14.000	322.625	1362.046	405.712	313.033	415.222	2.740	-0.149	0.146	0.227	50.000	14.000	516.655	1211.996	384.762	233.000	270.733	2.230	0.184	0.261	0.058	61.000	14.000	617.065	1242.201	361.599	210.500	238.000	3.406	0.165	-0.091	-0.207	NaN	NaN	NaN	NaN	NaN	NaN	NaN	NaN	NaN	NaN	NaN	101.000	14.000	453.741	1403.647	287.858	251.414	274.789	2.686	0.065	0.000	-0.054	NaN	NaN	NaN	NaN	NaN	NaN	NaN	NaN	NaN	NaN	NaN
15.000	16.000	15.000	625.372	1199.785	299.780	184.571	202.846	14.054	0.398	0.063	-0.268	16.000	15.000	330.111	1199.785	223.455	198.522	215.750	6.791	0.084	0.051	-0.065	41.000	15.000	310.950	1195.056	379.054	253.233	305.083	2.897	0.157	0.099	-0.042	51.000	15.000	534.265	1224.183	390.297	219.233	263.600	2.674	0.444	0.203	-0.145	62.000	15.000	672.805	1243.470	382.385	229.833	260.188	3.368	-0.038	-0.040	-0.079	NaN	NaN	NaN	NaN	NaN	NaN	NaN	NaN	NaN	NaN	NaN	102.000	15.000	416.000	1403.896	288.234	243.677	266.417	2.537	-0.149	-0.037	0.107	NaN	NaN	NaN	NaN	NaN	NaN	NaN	NaN	NaN	NaN	NaN
16.000	17.000	16.000	581.750	1203.833	297.856	197.143	206.833	13.702	-0.352	-0.063	0.205	17.000	16.000	312.000	1203.833	222.886	184.435	200.867	7.127	0.336	0.130	-0.321	42.000	16.000	324.256	1193.894	382.112	267.429	356.444	3.008	0.111	0.088	0.000	52.000	16.000	514.548	1223.582	385.729	232.781	277.235	2.980	0.306	0.221	-0.038	63.000	16.000	620.651	1244.741	367.870	220.500	244.667	3.506	0.138	0.091	-0.052	NaN	NaN	NaN	NaN	NaN	NaN	NaN	NaN	NaN	NaN	NaN	103.000	16.000	446.409	1395.921	277.846	235.034	265.053	2.594	0.057	0.037	-0.053	NaN	NaN	NaN	NaN	NaN	NaN	NaN	NaN	NaN	NaN	NaN
17.000	18.000	17.000	578.417	1202.660	290.606	189.955	207.933	13.702	0.000	0.000	0.000	18.000	17.000	319.148	1202.660	224.708	190.762	198.889	7.257	0.130	0.005	-0.070	43.000	17.000	366.655	1200.158	358.217	268.643	304.474	4.290	1.282	0.070	-1.117	53.000	17.000	484.121	1223.697	356.965	275.939	323.000	2.463	-0.517	0.121	0.592	64.000	17.000	652.542	1241.709	362.873	221.409	283.750	3.571	0.065	0.000	-0.033	NaN	NaN	NaN	NaN	NaN	NaN	NaN	NaN	NaN	NaN	NaN	104.000	17.000	511.037	1399.363	280.143	243.500	269.000	2.594	0.000	-0.036	0.000	NaN	NaN	NaN	NaN	NaN	NaN	NaN	NaN	NaN	NaN	NaN
18.000	19.000	18.000	515.704	1204.011	281.208	177.909	192.800	13.128	-0.574	0.063	0.520	19.000	18.000	288.697	1204.011	215.663	180.727	202.750	7.525	0.268	-0.124	-0.194	44.000	18.000	392.179	1203.430	NaN	NaN	NaN	NaN	NaN	0.000	0.000	54.000	18.000	485.333	1226.126	389.539	290.848	368.933	2.842	0.379	0.225	-0.227	65.000	18.000	637.953	1247.343	338.881	217.545	236.000	3.395	-0.176	0.092	0.233	NaN	NaN	NaN	NaN	NaN	NaN	NaN	NaN	NaN	NaN	NaN	105.000	18.000	471.316	1392.883	280.369	239.310	260.050	2.529	-0.065	0.036	0.036	NaN	NaN	NaN	NaN	NaN	NaN	NaN	NaN	NaN	NaN	NaN
19.000	20.000	19.000	501.852	1205.867	280.832	201.043	236.444	12.998	-0.130	-0.126	0.000	20.000	19.000	313.370	1205.867	219.622	192.882	201.250	7.514	-0.011	0.065	-0.006	45.000	19.000	371.805	1204.384	346.175	252.440	292.750	4.650	4.650	0.000	0.000	55.000	19.000	469.467	1229.272	421.275	288.333	350.412	3.232	0.390	0.202	-0.222	66.000	19.000	623.848	1251.033	342.490	220.909	238.059	3.597	0.203	0.141	0.000	NaN	NaN	NaN	NaN	NaN	NaN	NaN	NaN	NaN	NaN	NaN	106.000	19.000	464.895	1391.629	289.617	231.828	264.412	2.575	0.046	0.000	-0.055	NaN	NaN	NaN	NaN	NaN	NaN	NaN	NaN	NaN	NaN	NaN
20.000	21.000	20.000	681.333	1211.249	290.289	185.682	209.400	13.794	0.796	0.063	-0.599	21.000	20.000	304.080	1211.249	213.220	191.882	218.500	7.330	-0.184	-0.129	0.000	46.000	20.000	403.182	1213.181	351.680	262.200	301.867	5.059	0.409	0.128	-0.289	56.000	20.000	456.714	1237.591	400.266	269.719	350.357	3.240	0.008	0.104	0.102	67.000	20.000	680.062	1258.773	331.452	207.565	225.778	3.911	0.314	0.040	-0.296	NaN	NaN	NaN	NaN	NaN	NaN	NaN	NaN	NaN	NaN	NaN	107.000	20.000	453.316	1397.543	287.925	234.821	269.000	2.602	0.027	0.000	0.000	NaN	NaN	NaN	NaN	NaN	NaN	NaN	NaN	NaN	NaN	NaN
21.000	22.000	21.000	675.148	1212.764	287.050	188.409	201.733	13.377	-0.417	0.000	0.315	22.000	21.000	318.500	1212.764	217.942	190.579	200.857	7.384	0.054	0.065	0.000	47.000	21.000	424.653	1217.380	353.599	213.857	234.188	5.270	0.211	0.055	-0.090	57.000	21.000	450.000	1232.406	387.346	273.483	330.571	3.358	0.119	0.229	0.121	68.000	21.000	605.128	1256.381	324.125	209.350	221.500	3.708	-0.203	0.000	0.077	NaN	NaN	NaN	NaN	NaN	NaN	NaN	NaN	NaN	NaN	NaN	108.000	21.000	462.760	1403.602	283.593	226.321	246.176	2.667	0.065	0.000	-0.036	NaN	NaN	NaN	NaN	NaN	NaN	NaN	NaN	NaN	NaN	NaN
22.000	23.000	22.000	667.556	1218.079	283.817	194.619	210.583	13.312	-0.065	0.000	0.063	23.000	22.000	302.133	1218.079	215.659	200.250	215.545	7.457	0.073	-0.194	-0.144	48.000	22.000	444.167	1222.716	361.275	223.955	257.333	5.641	0.371	0.034	-0.277	58.000	22.000	442.345	1234.428	345.383	248.464	273.368	3.664	0.306	0.164	-0.144	69.000	22.000	615.267	1403.119	329.520	204.318	253.000	4.033	0.325	0.037	-0.124	NaN	NaN	NaN	NaN	NaN	NaN	NaN	NaN	NaN	NaN	NaN	109.000	22.000	505.000	1401.329	288.787	235.222	260.176	2.743	0.076	-0.090	-0.110	NaN	NaN	NaN	NaN	NaN	NaN	NaN	NaN	NaN	NaN	NaN
23.000	24.000	23.000	678.464	1220.224	284.790	202.091	215.056	13.274	-0.038	0.000	0.046	24.000	23.000	334.000	1220.224	227.892	188.000	212.286	7.614	0.157	-0.193	-0.284	49.000	23.000	436.667	1222.555	349.786	213.650	213.364	5.917	0.276	0.201	-0.145	59.000	23.000	415.839	1236.599	326.005	236.750	271.600	3.940	0.276	0.275	0.023	70.000	23.000	636.854	1407.104	336.671	199.476	241.571	4.228	0.195	-0.055	-0.219	NaN	NaN	NaN	NaN	NaN	NaN	NaN	NaN	NaN	NaN	NaN	110.000	23.000	445.481	1398.899	294.215	254.808	284.476	2.613	-0.130	0.000	0.108	NaN	NaN	NaN	NaN	NaN	NaN	NaN	NaN	NaN	NaN	NaN
24.000	25.000	24.000	599.929	1219.603	279.076	193.227	215.800	13.125	-0.149	0.000	0.126	25.000	24.000	329.441	1219.603	227.917	177.545	183.550	7.484	-0.130	-0.064	0.064	50.000	24.000	375.386	1211.996	323.562	210.333	233.778	4.228	-1.688	0.090	1.549	60.000	24.000	455.103	1239.651	320.387	224.652	259.929	4.181	0.241	0.162	-0.083	71.000	24.000	633.467	1409.713	342.249	200.739	236.100	4.312	0.084	0.000	-0.055	NaN	NaN	NaN	NaN	NaN	NaN	NaN	NaN	NaN	NaN	NaN	111.000	24.000	400.048	1398.356	278.373	239.917	264.400	2.567	-0.046	0.000	0.000	NaN	NaN	NaN	NaN	NaN	NaN	NaN	NaN	NaN	NaN	NaN
25.000	26.000	25.000	585.296	1226.982	277.352	197.571	221.929	13.079	-0.046	0.063	0.126	26.000	25.000	340.633	1226.982	234.242	190.773	209.200	7.824	0.341	0.193	-0.074	51.000	25.000	434.357	1224.183	336.182	214.522	239.824	6.268	2.040	0.112	-1.708	61.000	25.000	460.207	1242.201	330.385	253.680	280.056	4.146	-0.035	0.103	0.123	72.000	25.000	632.444	1415.202	319.115	198.318	218.429	4.507	0.195	0.000	-0.225	NaN	NaN	NaN	NaN	NaN	NaN	NaN	NaN	NaN	NaN	NaN	112.000	25.000	439.545	1399.368	283.558	233.739	256.062	2.705	0.138	0.000	-0.144	NaN	NaN	NaN	NaN	NaN	NaN	NaN	NaN	NaN	NaN	NaN
26.000	27.000	26.000	593.133	1226.504	278.636	193.100	216.462	13.171	0.092	0.000	-0.063	27.000	26.000	334.455	1226.504	233.865	174.524	189.077	7.973	0.149	0.064	-0.064	52.000	26.000	411.947	1223.582	319.264	224.192	244.909	6.157	-0.111	0.089	0.089	62.000	26.000	519.033	1243.470	361.479	259.440	355.000	4.341	0.195	0.186	0.000	73.000	26.000	643.292	1414.294	325.195	195.050	206.154	4.760	0.252	-0.145	-0.320	NaN	NaN	NaN	NaN	NaN	NaN	NaN	NaN	NaN	NaN	NaN	113.000	26.000	431.217	1413.868	280.209	239.880	268.091	2.724	0.019	0.000	0.000	NaN	NaN	NaN	NaN	NaN	NaN	NaN	NaN	NaN	NaN	NaN
27.000	28.000	27.000	622.444	1230.741	277.288	210.476	274.333	12.968	-0.203	-0.125	0.000	28.000	27.000	370.850	1230.741	242.333	193.810	208.333	8.130	0.157	-0.073	-0.138	53.000	27.000	437.558	1223.697	327.085	229.875	272.923	6.475	0.317	0.160	0.020	63.000	27.000	495.414	1244.741	353.495	239.217	271.118	4.414	0.073	0.082	0.000	74.000	27.000	618.929	1398.462	318.936	196.524	240.600	4.741	-0.019	0.000	-0.058	NaN	NaN	NaN	NaN	NaN	NaN	NaN	NaN	NaN	NaN	NaN	114.000	27.000	393.667	1411.992	269.498	222.111	242.556	2.529	-0.195	0.000	0.144	NaN	NaN	NaN	NaN	NaN	NaN	NaN	NaN	NaN	NaN	NaN
28.000	29.000	28.000	644.214	1232.499	285.460	195.818	228.700	13.163	0.195	0.126	-0.046	29.000	28.000	392.167	1232.499	242.997	187.636	206.059	8.122	-0.008	0.000	-0.064	54.000	28.000	429.897	1226.126	315.563	209.870	235.882	6.777	0.303	0.216	0.000	64.000	28.000	497.000	1241.709	333.792	212.815	231.409	4.663	0.249	0.144	-0.062	75.000	28.000	586.500	1382.776	301.870	189.636	217.909	4.936	0.195	0.145	0.085	NaN	NaN	NaN	NaN	NaN	NaN	NaN	NaN	NaN	NaN	NaN	115.000	28.000	422.056	1412.457	272.452	219.565	233.750	2.548	0.019	0.000	-0.037	NaN	NaN	NaN	NaN	NaN	NaN	NaN	NaN	NaN	NaN	NaN
29.000	30.000	29.000	575.593	1233.394	281.235	195.870	217.500	13.025	-0.138	-0.063	0.079	30.000	29.000	399.810	1233.394	247.358	207.680	232.700	8.417	0.295	0.000	-0.202	55.000	29.000	408.361	1229.272	316.312	219.318	242.929	6.766	-0.011	0.090	0.107	65.000	29.000	521.414	1247.343	351.667	232.926	270.267	4.861	0.198	0.255	0.000	76.000	29.000	566.231	1379.089	298.713	198.095	219.900	4.779	-0.157	0.059	0.057	NaN	NaN	NaN	NaN	NaN	NaN	NaN	NaN	NaN	NaN	NaN	116.000	29.000	393.211	1399.200	261.505	225.423	248.000	2.621	0.073	0.054	0.000	NaN	NaN	NaN	NaN	NaN	NaN	NaN	NaN	NaN	NaN	NaN
30.000	31.000	30.000	497.867	1226.680	271.976	204.810	214.619	12.784	-0.241	0.000	0.221	31.000	30.000	391.061	1226.680	236.980	195.083	218.000	8.077	-0.341	-0.129	0.009	56.000	30.000	398.595	1237.591	314.183	214.591	252.769	6.858	0.092	0.181	0.053	66.000	30.000	524.375	1251.033	338.787	208.267	234.000	5.178	0.317	0.291	-0.013	77.000	30.000	518.667	1231.834	290.798	193.300	215.300	4.982	0.203	0.145	-0.059	NaN	NaN	NaN	NaN	NaN	NaN	NaN	NaN	NaN	NaN	NaN	117.000	30.000	382.737	1402.122	262.969	223.227	245.769	2.575	-0.046	-0.053	0.000	NaN	NaN	NaN	NaN	NaN	NaN	NaN	NaN	NaN	NaN	NaN
31.000	32.000	31.000	420.219	1217.236	266.002	210.045	234.000	12.497	-0.287	0.000	0.284	32.000	31.000	381.619	1217.236	236.578	190.286	202.786	8.207	0.130	-0.129	-0.121	57.000	31.000	389.898	1232.406	319.753	209.227	248.000	6.812	-0.046	0.234	0.340	67.000	31.000	548.387	1258.773	345.474	241.375	277.842	5.389	0.211	0.047	-0.126	78.000	31.000	553.917	1231.893	291.799	188.611	205.500	5.268	0.287	0.029	-0.145	NaN	NaN	NaN	NaN	NaN	NaN	NaN	NaN	NaN	NaN	NaN	118.000	31.000	378.105	1418.160	253.271	211.280	248.273	2.594	0.019	0.000	0.000	NaN	NaN	NaN	NaN	NaN	NaN	NaN	NaN	NaN	NaN	NaN
32.000	33.000	32.000	406.250	1216.428	261.882	198.870	234.556	12.294	-0.203	0.000	0.205	33.000	32.000	406.444	1216.428	233.204	194.400	206.154	8.115	-0.092	0.000	0.008	58.000	32.000	395.632	1234.428	304.931	216.429	235.000	6.728	-0.084	0.091	0.234	68.000	32.000	533.933	1256.381	336.088	237.290	282.833	5.416	0.027	-0.030	-0.047	79.000	32.000	538.409	1236.193	288.655	195.737	212.636	5.425	0.157	0.204	0.058	NaN	NaN	NaN	NaN	NaN	NaN	NaN	NaN	NaN	NaN	NaN	119.000	32.000	388.636	1407.070	254.617	216.875	234.294	2.640	0.046	0.000	0.000	NaN	NaN	NaN	NaN	NaN	NaN	NaN	NaN	NaN	NaN	NaN
33.000	34.000	33.000	416.567	1208.019	264.052	206.652	236.300	12.007	-0.287	-0.063	0.189	34.000	33.000	407.077	1208.019	233.182	189.792	217.778	8.245	0.130	-0.065	-0.187	59.000	33.000	389.575	1236.599	304.237	218.100	233.800	6.384	-0.344	0.182	0.195	69.000	33.000	649.085	1403.119	334.805	246.710	314.667	6.120	0.704	-0.031	-0.347	80.000	33.000	552.896	1231.768	295.760	201.474	219.533	5.731	0.306	0.118	-0.118	NaN	NaN	NaN	NaN	NaN	NaN	NaN	NaN	NaN	NaN	NaN	120.000	33.000	378.688	1423.286	254.751	222.636	249.600	2.464	-0.176	0.000	0.090	NaN	NaN	NaN	NaN	NaN	NaN	NaN	NaN	NaN	NaN	NaN
34.000	35.000	34.000	400.621	1204.511	262.546	198.143	217.214	11.851	-0.157	0.000	0.142	35.000	34.000	409.968	1204.511	229.816	193.476	210.800	7.923	-0.322	-0.129	0.071	60.000	34.000	429.027	1239.651	309.300	196.632	216.222	6.457	0.073	0.234	0.103	70.000	34.000	647.383	1407.104	329.114	232.467	280.357	6.074	-0.046	-0.063	-0.063	81.000	34.000	554.255	1230.302	293.518	202.842	219.154	5.750	0.019	-0.059	-0.059	NaN	NaN	NaN	NaN	NaN	NaN	NaN	NaN	NaN	NaN	NaN	121.000	34.000	391.333	1419.305	256.229	230.643	248.222	2.502	0.038	0.000	0.000	NaN	NaN	NaN	NaN	NaN	NaN	NaN	NaN	NaN	NaN	NaN
35.000	36.000	35.000	430.367	1211.142	255.598	200.591	226.077	12.053	0.203	0.063	-0.126	36.000	35.000	434.043	1211.142	240.995	203.619	236.143	8.099	0.176	-0.259	-0.259	61.000	35.000	442.889	1242.201	310.161	203.158	207.286	6.408	-0.049	0.182	0.130	71.000	35.000	649.977	1409.713	317.877	235.903	275.333	6.315	0.241	0.221	-0.063	82.000	35.000	570.375	1373.734	294.271	183.368	203.375	5.880	0.130	0.000	-0.178	NaN	NaN	NaN	NaN	NaN	NaN	NaN	NaN	NaN	NaN	NaN	NaN	NaN	NaN	NaN	NaN	NaN	NaN	NaN	NaN	NaN	NaN	NaN	NaN	NaN	NaN	NaN	NaN	NaN	NaN	NaN	NaN	NaN
36.000	37.000	36.000	441.387	1203.032	256.941	194.217	208.579	11.962	-0.092	0.063	0.110	37.000	36.000	400.000	1203.032	236.612	200.792	218.938	7.747	-0.352	-0.135	0.075	62.000	36.000	354.698	1243.470	264.437	206.818	218.235	5.791	-0.617	0.364	0.962	72.000	36.000	672.174	1415.202	333.403	238.697	268.947	6.575	0.260	0.132	-0.064	83.000	36.000	544.854	1235.003	292.586	197.778	209.133	5.567	-0.314	-0.205	0.026	NaN	NaN	NaN	NaN	NaN	NaN	NaN	NaN	NaN	NaN	NaN	NaN	NaN	NaN	NaN	NaN	NaN	NaN	NaN	NaN	NaN	NaN	NaN	NaN	NaN	NaN	NaN	NaN	NaN	NaN	NaN	NaN	NaN
37.000	38.000	37.000	429.484	1197.370	252.407	191.682	219.545	11.897	-0.065	0.000	0.063	38.000	37.000	423.023	1197.370	237.750	207.200	229.917	7.888	0.141	-0.065	-0.187	63.000	37.000	312.114	1244.741	255.106	218.136	229.389	5.745	-0.046	0.081	0.284	73.000	37.000	661.568	1414.294	330.010	235.853	261.857	6.494	-0.081	-0.112	-0.148	84.000	37.000	559.729	1241.166	296.171	195.350	213.833	5.697	0.130	-0.145	-0.172	NaN	NaN	NaN	NaN	NaN	NaN	NaN	NaN	NaN	NaN	NaN	NaN	NaN	NaN	NaN	NaN	NaN	NaN	NaN	NaN	NaN	NaN	NaN	NaN	NaN	NaN	NaN	NaN	NaN	NaN	NaN	NaN	NaN
38.000	39.000	38.000	413.357	1197.652	254.871	201.522	221.438	11.851	-0.046	-0.063	0.016	39.000	38.000	426.033	1197.652	242.392	203.821	247.300	7.682	-0.206	-0.065	0.065	64.000	38.000	330.930	1241.709	253.726	211.550	244.250	5.175	-0.571	0.178	0.653	74.000	38.000	599.000	1398.462	289.781	198.852	208.476	6.586	0.092	0.022	-0.064	85.000	38.000	575.364	1245.046	299.545	202.474	214.947	5.677	-0.019	-0.085	-0.095	NaN	NaN	NaN	NaN	NaN	NaN	NaN	NaN	NaN	NaN	NaN	NaN	NaN	NaN	NaN	NaN	NaN	NaN	NaN	NaN	NaN	NaN	NaN	NaN	NaN	NaN	NaN	NaN	NaN	NaN	NaN	NaN	NaN
39.000	40.000	39.000	400.536	1362.046	258.972	191.045	216.538	11.897	0.046	0.063	0.000	40.000	39.000	431.833	1362.046	244.739	211.560	244.385	7.923	0.241	-0.133	-0.257	65.000	39.000	351.378	1247.343	269.161	204.091	228.154	6.308	1.133	-0.007	-0.980	75.000	39.000	608.625	1382.776	289.523	183.263	195.400	6.521	-0.065	0.088	0.185	86.000	39.000	570.864	1248.824	299.726	195.364	213.769	5.807	0.130	0.060	-0.060	NaN	NaN	NaN	NaN	NaN	NaN	NaN	NaN	NaN	NaN	NaN	NaN	NaN	NaN	NaN	NaN	NaN	NaN	NaN	NaN	NaN	NaN	NaN	NaN	NaN	NaN	NaN	NaN	NaN	NaN	NaN	NaN	NaN
40.000	41.000	40.000	389.567	1195.056	254.165	205.727	228.733	11.858	-0.038	-0.063	0.000	41.000	40.000	420.690	1195.056	243.515	215.913	236.643	7.479	-0.444	-0.197	0.067	66.000	40.000	340.465	1251.033	266.888	175.875	181.286	6.346	0.038	0.502	0.325	76.000	40.000	676.511	1379.089	301.238	204.280	213.100	6.916	0.395	0.129	-0.009	87.000	40.000	619.062	1409.198	302.209	193.524	217.417	6.067	0.260	0.025	-0.205	NaN	NaN	NaN	NaN	NaN	NaN	NaN	NaN	NaN	NaN	NaN	NaN	NaN	NaN	NaN	NaN	NaN	NaN	NaN	NaN	NaN	NaN	NaN	NaN	NaN	NaN	NaN	NaN	NaN	NaN	NaN	NaN	NaN
41.000	42.000	41.000	420.667	1193.894	254.999	196.714	211.824	11.858	0.000	0.063	0.030	42.000	41.000	431.633	1193.894	246.500	217.769	233.650	7.433	-0.046	-0.132	-0.132	67.000	41.000	486.362	1258.773	307.893	192.294	196.333	6.943	0.598	-0.452	-0.980	77.000	41.000	501.862	1231.834	271.903	218.160	230.214	5.920	-0.995	0.208	0.682	88.000	41.000	602.745	1410.666	310.422	199.333	221.000	6.067	0.000	-0.024	0.000	NaN	NaN	NaN	NaN	NaN	NaN	NaN	NaN	NaN	NaN	NaN	NaN	NaN	NaN	NaN	NaN	NaN	NaN	NaN	NaN	NaN	NaN	NaN	NaN	NaN	NaN	NaN	NaN	NaN	NaN	NaN	NaN	NaN
42.000	43.000	42.000	390.357	1200.158	251.675	193.455	213.438	11.617	-0.241	-0.126	0.126	43.000	42.000	426.207	1200.158	254.303	213.960	251.167	7.368	-0.065	-0.065	0.001	68.000	42.000	533.415	1256.381	314.360	196.000	219.857	6.213	-0.731	-0.584	-0.035	78.000	42.000	453.519	1231.893	249.850	214.680	240.333	5.893	-0.027	0.254	0.265	89.000	42.000	540.560	1409.199	299.155	216.500	239.083	5.616	-0.452	-0.205	0.229	NaN	NaN	NaN	NaN	NaN	NaN	NaN	NaN	NaN	NaN	NaN	NaN	NaN	NaN	NaN	NaN	NaN	NaN	NaN	NaN	NaN	NaN	NaN	NaN	NaN	NaN	NaN	NaN	NaN	NaN	NaN	NaN	NaN
43.000	44.000	43.000	416.679	1203.430	247.432	203.136	214.800	11.598	-0.019	-0.017	-0.017	44.000	43.000	423.674	1203.430	250.707	207.000	233.385	7.490	0.122	-0.065	-0.065	69.000	43.000	703.044	1403.119	323.752	177.722	183.750	7.522	1.309	1.241	0.138	79.000	43.000	464.519	1236.193	253.749	211.462	231.059	6.042	0.149	0.130	0.005	90.000	43.000	533.958	1410.373	301.527	210.150	229.500	5.559	-0.057	-0.120	-0.085	NaN	NaN	NaN	NaN	NaN	NaN	NaN	NaN	NaN	NaN	NaN	NaN	NaN	NaN	NaN	NaN	NaN	NaN	NaN	NaN	NaN	NaN	NaN	NaN	NaN	NaN	NaN	NaN	NaN	NaN	NaN	NaN	NaN
44.000	45.000	44.000	400.724	1204.384	248.415	189.900	216.417	11.885	0.287	0.079	-0.172	45.000	44.000	420.500	1204.384	247.567	216.423	234.353	6.886	-0.604	-0.131	0.325	70.000	44.000	679.761	1407.104	307.767	184.222	206.833	7.292	-0.230	0.000	0.183	80.000	44.000	549.742	1231.768	260.906	191.700	202.857	6.478	0.436	0.320	-0.134	91.000	44.000	458.610	1408.638	284.151	197.636	239.000	5.153	-0.406	-0.061	0.253	NaN	NaN	NaN	NaN	NaN	NaN	NaN	NaN	NaN	NaN	NaN	NaN	NaN	NaN	NaN	NaN	NaN	NaN	NaN	NaN	NaN	NaN	NaN	NaN	NaN	NaN	NaN	NaN	NaN	NaN	NaN	NaN	NaN
45.000	46.000	45.000	401.379	1213.181	251.809	190.333	214.308	12.015	0.130	0.063	-0.063	46.000	45.000	433.833	1213.181	252.040	213.667	250.250	6.913	0.027	-0.129	0.000	71.000	45.000	676.489	1409.713	327.965	205.381	212.056	5.125	-2.167	-1.963	0.006	81.000	45.000	520.414	1230.302	260.836	203.000	215.667	6.620	0.141	0.194	-0.005	92.000	45.000	461.596	1408.862	281.280	198.857	213.533	4.912	-0.241	-0.085	0.214	NaN	NaN	NaN	NaN	NaN	NaN	NaN	NaN	NaN	NaN	NaN	NaN	NaN	NaN	NaN	NaN	NaN	NaN	NaN	NaN	NaN	NaN	NaN	NaN	NaN	NaN	NaN	NaN	NaN	NaN	NaN	NaN	NaN
46.000	47.000	46.000	412.034	1217.380	252.065	198.182	232.000	12.080	0.065	-0.063	-0.126	47.000	46.000	429.679	1217.380	258.990	220.423	248.267	6.458	-0.455	-0.128	0.195	72.000	46.000	670.596	1415.202	310.667	214.500	223.118	7.901	2.775	2.227	-0.324	82.000	46.000	522.241	1373.734	254.769	201.682	220.250	6.907	0.287	0.256	0.003	93.000	46.000	443.333	1410.725	279.067	202.550	218.375	4.430	-0.482	0.000	0.350	NaN	NaN	NaN	NaN	NaN	NaN	NaN	NaN	NaN	NaN	NaN	NaN	NaN	NaN	NaN	NaN	NaN	NaN	NaN	NaN	NaN	NaN	NaN	NaN	NaN	NaN	NaN	NaN	NaN	NaN	NaN	NaN	NaN
47.000	48.000	47.000	395.741	1222.716	250.754	188.273	208.375	12.034	-0.046	0.000	0.046	48.000	47.000	417.071	1222.716	261.795	213.625	256.667	6.282	-0.176	-0.130	0.065	73.000	47.000	644.364	1414.294	310.640	219.682	245.100	7.912	0.011	-0.225	-0.107	83.000	47.000	436.815	1235.003	238.785	201.381	215.846	6.864	-0.043	0.195	0.134	94.000	47.000	426.846	1415.238	271.620	187.421	203.667	4.430	0.000	0.086	0.000	NaN	NaN	NaN	NaN	NaN	NaN	NaN	NaN	NaN	NaN	NaN	NaN	NaN	NaN	NaN	NaN	NaN	NaN	NaN	NaN	NaN	NaN	NaN	NaN	NaN	NaN	NaN	NaN	NaN	NaN	NaN	NaN	NaN
48.000	49.000	48.000	443.179	1222.555	257.837	196.000	216.900	12.256	0.222	0.000	-0.189	49.000	48.000	429.536	1222.555	268.498	214.231	246.909	6.079	-0.203	-0.130	0.000	74.000	48.000	512.487	1398.462	291.260	226.368	240.308	7.812	-0.100	-0.007	0.092	84.000	48.000	436.556	1241.166	253.189	222.273	239.583	7.208	0.344	0.260	-0.064	95.000	48.000	446.556	1412.317	279.277	208.500	220.533	4.755	0.325	-0.025	-0.205	NaN	NaN	NaN	NaN	NaN	NaN	NaN	NaN	NaN	NaN	NaN	NaN	NaN	NaN	NaN	NaN	NaN	NaN	NaN	NaN	NaN	NaN	NaN	NaN	NaN	NaN	NaN	NaN	NaN	NaN	NaN	NaN	NaN
49.000	50.000	49.000	445.103	1211.996	260.296	196.238	210.385	12.145	-0.111	-0.079	0.000	50.000	49.000	417.379	1211.996	265.538	217.423	255.000	6.068	-0.011	-0.065	0.000	75.000	49.000	466.667	1382.776	301.640	202.050	216.444	8.164	0.352	0.092	0.000	85.000	49.000	441.036	1245.046	253.315	224.435	231.900	7.522	0.314	0.065	-0.130	96.000	49.000	455.821	1410.135	279.249	205.818	240.375	4.820	0.065	0.023	-0.075	NaN	NaN	NaN	NaN	NaN	NaN	NaN	NaN	NaN	NaN	NaN	NaN	NaN	NaN	NaN	NaN	NaN	NaN	NaN	NaN	NaN	NaN	NaN	NaN	NaN	NaN	NaN	NaN	NaN	NaN	NaN	NaN	NaN
50.000	51.000	50.000	495.833	1224.183	260.681	197.684	220.455	12.459	0.314	0.159	-0.159	51.000	50.000	445.733	1224.183	267.241	214.154	242.000	5.900	-0.168	-0.195	-0.008	76.000	50.000	408.750	1379.089	303.279	215.650	228.714	8.264	0.100	0.275	0.267	86.000	50.000	426.815	1248.824	256.427	235.846	279.300	7.698	0.176	0.260	3.980E-18	97.000	50.000	446.194	1404.761	285.123	211.455	240.917	4.950	0.130	0.061	-0.122	NaN	NaN	NaN	NaN	NaN	NaN	NaN	NaN	NaN	NaN	NaN	NaN	NaN	NaN	NaN	NaN	NaN	NaN	NaN	NaN	NaN	NaN	NaN	NaN	NaN	NaN	NaN	NaN	NaN	NaN	NaN	NaN	NaN
51.000	52.000	51.000	448.192	1223.582	258.695	198.857	225.200	12.218	-0.241	-0.080	0.126	52.000	51.000	434.448	1223.582	261.987	206.808	233.500	5.678	-0.222	-0.130	0.068	77.000	51.000	452.114	1231.834	304.014	230.150	248.667	8.800	0.536	0.178	0.049	87.000	51.000	474.136	1409.198	272.594	233.222	251.889	8.597	0.899	0.194	-0.391	98.000	51.000	463.897	1403.948	276.653	199.091	217.000	5.145	0.195	0.000	-0.144	NaN	NaN	NaN	NaN	NaN	NaN	NaN	NaN	NaN	NaN	NaN	NaN	NaN	NaN	NaN	NaN	NaN	NaN	NaN	NaN	NaN	NaN	NaN	NaN	NaN	NaN	NaN	NaN	NaN	NaN	NaN	NaN	NaN
52.000	53.000	52.000	477.966	1223.697	258.112	191.238	215.923	12.486	0.268	0.063	-0.126	53.000	52.000	438.538	1223.697	278.947	226.120	250.375	5.410	-0.268	-0.195	-0.004	78.000	52.000	444.385	1231.893	294.269	256.636	280.077	9.159	0.360	0.227	0.092	88.000	52.000	586.800	1410.666	287.050	227.769	244.118	9.430	0.834	0.389	-0.417	99.000	52.000	454.857	1415.682	282.480	216.682	258.100	5.275	0.130	-0.061	-0.163	NaN	NaN	NaN	NaN	NaN	NaN	NaN	NaN	NaN	NaN	NaN	NaN	NaN	NaN	NaN	NaN	NaN	NaN	NaN	NaN	NaN	NaN	NaN	NaN	NaN	NaN	NaN	NaN	NaN	NaN	NaN	NaN	NaN
53.000	54.000	53.000	508.152	1226.126	264.367	201.636	221.812	12.570	0.084	-0.063	-0.110	54.000	53.000	446.000	1226.126	280.428	227.690	259.105	5.437	0.027	-0.124	-0.071	79.000	53.000	464.854	1236.193	295.460	232.048	253.400	10.258	1.098	0.227	-0.048	89.000	53.000	576.047	1409.199	278.094	227.652	240.188	9.633	0.203	0.130	-0.062	100.000	53.000	493.511	1413.993	302.990	218.962	247.923	5.386	0.111	0.022	-0.061	NaN	NaN	NaN	NaN	NaN	NaN	NaN	NaN	NaN	NaN	NaN	NaN	NaN	NaN	NaN	NaN	NaN	NaN	NaN	NaN	NaN	NaN	NaN	NaN	NaN	NaN	NaN	NaN	NaN	NaN	NaN	NaN	NaN
54.000	55.000	54.000	460.393	1229.272	258.641	185.000	203.133	12.310	-0.260	-0.063	0.171	55.000	54.000	418.643	1229.272	275.294	224.269	260.286	5.326	-0.111	-0.068	0.007	80.000	54.000	471.326	1231.768	295.005	220.409	245.636	10.534	0.276	0.135	0.043	90.000	54.000	508.956	1410.373	269.784	228.308	246.600	9.782	0.149	-0.065	-0.198	101.000	54.000	449.231	1403.647	288.159	190.955	236.333	5.424	0.038	0.124	0.039	NaN	NaN	NaN	NaN	NaN	NaN	NaN	NaN	NaN	NaN	NaN	NaN	NaN	NaN	NaN	NaN	NaN	NaN	NaN	NaN	NaN	NaN	NaN	NaN	NaN	NaN	NaN	NaN	NaN	NaN	NaN	NaN	NaN
55.000	56.000	55.000	515.214	1237.591	261.362	179.600	217.167	12.578	0.268	0.063	-0.189	56.000	55.000	437.667	1237.591	273.648	223.320	250.333	5.326	0.000	-0.195	-0.195	81.000	55.000	479.587	1230.302	294.346	248.261	262.889	10.767	0.233	0.041	0.000	91.000	55.000	559.652	1408.638	279.283	218.320	227.833	10.234	0.452	0.061	-0.263	102.000	55.000	485.178	1403.896	305.707	210.091	239.438	5.730	0.306	-0.062	-0.288	NaN	NaN	NaN	NaN	NaN	NaN	NaN	NaN	NaN	NaN	NaN	NaN	NaN	NaN	NaN	NaN	NaN	NaN	NaN	NaN	NaN	NaN	NaN	NaN	NaN	NaN	NaN	NaN	NaN	NaN	NaN	NaN	NaN
56.000	57.000	56.000	461.852	1232.406	255.674	190.550	208.615	12.161	-0.417	0.000	0.358	57.000	56.000	448.633	1232.406	271.271	230.207	270.500	5.437	0.111	-0.061	-0.130	82.000	56.000	320.407	1373.734	257.478	217.333	247.182	6.848	-3.918	0.134	1.404	92.000	56.000	530.500	1408.862	270.040	202.600	212.000	10.383	0.149	0.126	-0.138	103.000	56.000	469.462	1395.921	295.429	198.000	212.556	5.665	-0.065	0.000	-0.043	NaN	NaN	NaN	NaN	NaN	NaN	NaN	NaN	NaN	NaN	NaN	NaN	NaN	NaN	NaN	NaN	NaN	NaN	NaN	NaN	NaN	NaN	NaN	NaN	NaN	NaN	NaN	NaN	NaN	NaN	NaN	NaN	NaN
57.000	58.000	57.000	479.778	1234.428	256.450	181.421	204.556	12.115	-0.046	0.000	0.063	58.000	57.000	410.242	1234.428	271.234	239.933	279.688	5.483	0.046	-0.065	-0.127	83.000	57.000	330.071	1235.003	266.546	226.636	239.900	7.170	0.322	0.150	-0.092	93.000	57.000	457.212	1410.725	265.329	197.714	216.857	10.353	-0.030	-0.004	-0.004	104.000	57.000	459.595	1399.363	280.269	208.417	221.667	5.917	0.252	0.000	-0.170	NaN	NaN	NaN	NaN	NaN	NaN	NaN	NaN	NaN	NaN	NaN	NaN	NaN	NaN	NaN	NaN	NaN	NaN	NaN	NaN	NaN	NaN	NaN	NaN	NaN	NaN	NaN	NaN	NaN	NaN	NaN	NaN	NaN
58.000	59.000	58.000	487.111	1236.599	258.592	188.400	198.188	12.180	0.065	0.000	-0.063	59.000	58.000	392.679	1236.599	263.853	220.593	265.133	5.518	0.035	0.000	0.002	84.000	58.000	516.659	1241.166	301.678	225.000	251.500	12.249	5.079	0.238	-1.547	94.000	58.000	446.590	1415.238	262.847	213.640	235.091	10.453	0.100	0.000	-0.004	105.000	58.000	493.455	1392.883	292.689	214.960	256.071	6.215	0.298	-0.063	-0.314	NaN	NaN	NaN	NaN	NaN	NaN	NaN	NaN	NaN	NaN	NaN	NaN	NaN	NaN	NaN	NaN	NaN	NaN	NaN	NaN	NaN	NaN	NaN	NaN	NaN	NaN	NaN	NaN	NaN	NaN	NaN	NaN	NaN
59.000	60.000	59.000	481.194	1239.651	250.485	173.600	194.091	12.142	-0.038	0.000	0.080	60.000	59.000	422.867	1239.651	266.736	221.038	252.438	5.640	0.122	-0.067	-0.195	85.000	59.000	529.630	1245.046	305.986	231.227	241.300	12.589	0.341	-0.033	-0.100	95.000	59.000	438.902	1412.317	263.109	224.429	231.478	10.453	0.000	-0.065	-0.005	106.000	59.000	485.417	1391.629	287.210	209.875	236.154	6.391	0.176	0.063	-0.237	NaN	NaN	NaN	NaN	NaN	NaN	NaN	NaN	NaN	NaN	NaN	NaN	NaN	NaN	NaN	NaN	NaN	NaN	NaN	NaN	NaN	NaN	NaN	NaN	NaN	NaN	NaN	NaN	NaN	NaN	NaN	NaN	NaN
60.000	61.000	60.000	470.148	1242.201	240.763	186.048	202.615	11.939	-0.203	0.063	0.188	61.000	60.000	393.536	1242.201	270.108	218.880	269.889	5.529	-0.111	-0.065	7.960E-18	86.000	60.000	521.043	1248.824	303.137	233.682	250.750	13.136	0.547	0.133	-0.141	96.000	60.000	426.000	1410.135	272.548	211.731	219.727	10.625	0.173	0.000	-0.027	107.000	60.000	521.381	1397.543	305.189	203.429	218.938	6.789	0.398	-0.126	-0.473	NaN	NaN	NaN	NaN	NaN	NaN	NaN	NaN	NaN	NaN	NaN	NaN	NaN	NaN	NaN	NaN	NaN	NaN	NaN	NaN	NaN	NaN	NaN	NaN	NaN	NaN	NaN	NaN	NaN	NaN	NaN	NaN	NaN
61.000	62.000	61.000	495.700	1243.470	248.249	187.238	204.400	12.069	0.130	-0.063	-0.171	62.000	61.000	417.967	1243.470	267.563	204.231	227.214	5.797	0.268	0.065	-0.131	87.000	61.000	506.952	1409.198	294.859	227.792	247.056	13.588	0.452	0.050	-0.133	97.000	61.000	416.917	1404.761	275.673	230.000	247.500	10.040	-0.585	0.123	0.582	108.000	61.000	467.711	1403.602	295.065	204.864	221.357	6.280	-0.509	0.047	0.583	NaN	NaN	NaN	NaN	NaN	NaN	NaN	NaN	NaN	NaN	NaN	NaN	NaN	NaN	NaN	NaN	NaN	NaN	NaN	NaN	NaN	NaN	NaN	NaN	NaN	NaN	NaN	NaN	NaN	NaN	NaN	NaN	NaN
62.000	63.000	62.000	504.250	1244.741	247.839	184.105	208.500	12.134	0.065	0.000	-0.063	63.000	62.000	414.172	1244.741	273.857	212.833	238.400	5.824	0.027	-0.064	-0.066	88.000	62.000	474.512	1410.666	293.311	217.900	238.900	13.910	0.322	0.142	0.082	98.000	62.000	431.615	1403.948	275.504	224.500	237.812	10.205	0.165	0.188	0.194	109.000	62.000	485.292	1401.329	304.150	210.250	227.667	6.605	0.325	0.016	-0.252	NaN	NaN	NaN	NaN	NaN	NaN	NaN	NaN	NaN	NaN	NaN	NaN	NaN	NaN	NaN	NaN	NaN	NaN	NaN	NaN	NaN	NaN	NaN	NaN	NaN	NaN	NaN	NaN	NaN	NaN	NaN	NaN	NaN
63.000	64.000	63.000	444.214	1241.709	242.669	183.500	196.000	11.801	-0.333	-0.142	0.142	64.000	63.000	403.519	1241.709	271.415	205.238	220.500	5.946	0.122	0.129	-0.066	89.000	63.000	466.268	1409.199	296.233	212.800	227.750	14.048	0.138	0.051	0.068	99.000	63.000	363.667	1415.682	257.613	221.840	247.000	9.226	-0.980	0.065	0.788	110.000	63.000	493.067	1398.899	309.154	208.800	227.364	6.689	0.084	0.000	-0.175	NaN	NaN	NaN	NaN	NaN	NaN	NaN	NaN	NaN	NaN	NaN	NaN	NaN	NaN	NaN	NaN	NaN	NaN	NaN	NaN	NaN	NaN	NaN	NaN	NaN	NaN	NaN	NaN	NaN	NaN	NaN	NaN	NaN
64.000	65.000	64.000	499.833	1247.343	249.237	183.773	202.688	12.153	0.352	0.142	-0.142	65.000	64.000	434.067	1247.343	272.131	224.960	237.273	6.141	0.195	7.386E-4	-0.129	90.000	64.000	468.711	1410.373	293.157	222.571	246.833	14.358	0.311	0.122	0.000	100.000	64.000	357.607	1413.993	336.878	276.793	300.667	9.669	0.443	-0.417	-0.459	111.000	64.000	524.188	1398.356	299.214	208.304	223.733	7.052	0.363	0.064	-0.229	NaN	NaN	NaN	NaN	NaN	NaN	NaN	NaN	NaN	NaN	NaN	NaN	NaN	NaN	NaN	NaN	NaN	NaN	NaN	NaN	NaN	NaN	NaN	NaN	NaN	NaN	NaN	NaN	NaN	NaN	NaN	NaN	NaN
65.000	66.000	65.000	476.000	1251.033	252.037	184.095	198.733	12.088	-0.065	0.000	0.016	66.000	65.000	429.967	1251.033	276.756	229.077	250.200	6.268	0.127	0.065	0.000	91.000	65.000	354.138	1408.638	274.950	244.870	266.000	8.774	-5.584	-0.024	0.841	101.000	65.000	340.577	1403.647	317.186	259.208	280.333	9.953	0.284	0.075	-0.118	112.000	65.000	505.132	1399.368	293.494	210.100	226.273	6.952	-0.100	-0.064	-0.105	NaN	NaN	NaN	NaN	NaN	NaN	NaN	NaN	NaN	NaN	NaN	NaN	NaN	NaN	NaN	NaN	NaN	NaN	NaN	NaN	NaN	NaN	NaN	NaN	NaN	NaN	NaN	NaN	NaN	NaN	NaN	NaN	NaN
66.000	67.000	66.000	446.767	1258.773	249.497	193.800	212.167	12.107	0.019	-0.063	-0.080	67.000	66.000	445.033	1258.773	277.599	211.625	237.154	6.309	0.041	-0.065	-0.261	92.000	66.000	473.732	1408.862	288.006	243.957	282.000	15.012	6.238	0.130	-0.780	102.000	66.000	371.698	1403.896	306.178	238.680	253.250	10.798	0.845	0.184	-0.386	113.000	66.000	531.289	1413.868	302.780	202.500	221.222	7.362	0.409	0.000	-0.311	NaN	NaN	NaN	NaN	NaN	NaN	NaN	NaN	NaN	NaN	NaN	NaN	NaN	NaN	NaN	NaN	NaN	NaN	NaN	NaN	NaN	NaN	NaN	NaN	NaN	NaN	NaN	NaN	NaN	NaN	NaN	NaN	NaN
67.000	68.000	67.000	478.481	1256.381	246.909	179.571	201.300	12.356	0.249	0.126	-0.080	68.000	67.000	417.393	1256.381	271.526	204.000	230.556	6.520	0.211	0.000	-0.135	93.000	67.000	504.395	1410.725	282.461	225.542	263.636	15.299	0.287	0.080	-0.040	103.000	67.000	351.900	1395.921	297.903	226.045	234.100	10.817	0.019	0.249	0.000	114.000	67.000	510.968	1411.992	300.582	216.708	231.059	7.205	-0.157	0.129	0.082	NaN	NaN	NaN	NaN	NaN	NaN	NaN	NaN	NaN	NaN	NaN	NaN	NaN	NaN	NaN	NaN	NaN	NaN	NaN	NaN	NaN	NaN	NaN	NaN	NaN	NaN	NaN	NaN	NaN	NaN	NaN	NaN	NaN
68.000	69.000	68.000	452.893	1403.119	239.001	180.684	208.143	12.218	-0.138	-0.126	-0.046	69.000	68.000	460.516	1403.119	274.930	199.000	213.467	6.853	0.333	0.000	-0.260	94.000	68.000	503.132	1415.238	284.136	241.192	247.370	15.593	0.295	0.040	0.000	104.000	68.000	368.963	1399.363	286.365	216.158	227.667	11.023	0.206	0.129	-0.147	115.000	68.000	505.036	1412.457	291.389	210.640	242.000	7.262	0.057	-0.065	-0.179	NaN	NaN	NaN	NaN	NaN	NaN	NaN	NaN	NaN	NaN	NaN	NaN	NaN	NaN	NaN	NaN	NaN	NaN	NaN	NaN	NaN	NaN	NaN	NaN	NaN	NaN	NaN	NaN	NaN	NaN	NaN	NaN	NaN
69.000	70.000	69.000	490.036	1407.104	238.105	181.400	203.000	12.486	0.268	0.126	-0.063	70.000	69.000	454.758	1407.104	276.972	196.000	219.000	7.040	0.187	0.000	-0.195	95.000	69.000	353.867	1412.317	260.421	211.136	250.857	9.524	-6.069	0.223	0.781	105.000	69.000	361.152	1392.883	280.924	213.545	228.538	11.497	0.474	0.000	-0.352	116.000	69.000	543.750	1399.200	287.712	213.160	232.357	7.568	0.306	0.000	-0.312	NaN	NaN	NaN	NaN	NaN	NaN	NaN	NaN	NaN	NaN	NaN	NaN	NaN	NaN	NaN	NaN	NaN	NaN	NaN	NaN	NaN	NaN	NaN	NaN	NaN	NaN	NaN	NaN	NaN	NaN	NaN	NaN	NaN
70.000	71.000	70.000	472.586	1409.713	236.984	187.300	196.167	12.486	0.000	0.000	-0.017	71.000	70.000	446.357	1409.713	270.852	196.857	209.333	7.316	0.276	0.130	-0.130	96.000	70.000	339.148	1410.135	262.337	198.476	213.667	9.589	0.065	0.083	0.009	106.000	70.000	350.704	1391.629	273.380	202.579	216.333	11.343	-0.154	0.128	-0.022	117.000	70.000	570.484	1402.122	298.236	216.042	237.471	7.663	0.095	0.000	-0.124	NaN	NaN	NaN	NaN	NaN	NaN	NaN	NaN	NaN	NaN	NaN	NaN	NaN	NaN	NaN	NaN	NaN	NaN	NaN	NaN	NaN	NaN	NaN	NaN	NaN	NaN	NaN	NaN	NaN	NaN	NaN	NaN	NaN
71.000	72.000	71.000	448.586	1415.202	237.968	180.200	199.667	12.662	0.176	0.080	-0.126	72.000	71.000	412.429	1415.202	269.181	188.647	203.000	7.499	0.184	0.065	-0.068	97.000	71.000	334.100	1404.761	267.330	223.783	237.550	9.635	0.046	0.134	0.099	107.000	71.000	344.511	1397.543	271.778	215.176	224.500	12.069	0.726	0.203	-0.407	118.000	71.000	523.852	1418.160	290.347	199.381	224.727	7.812	0.149	0.070	-0.124	NaN	NaN	NaN	NaN	NaN	NaN	NaN	NaN	NaN	NaN	NaN	NaN	NaN	NaN	NaN	NaN	NaN	NaN	NaN	NaN	NaN	NaN	NaN	NaN	NaN	NaN	NaN	NaN	NaN	NaN	NaN	NaN	NaN
72.000	73.000	72.000	453.656	1414.294	234.317	184.727	202.429	12.616	-0.046	-0.079	0.016	73.000	72.000	402.000	1414.294	264.301	191.818	214.750	7.021	-0.479	-0.130	0.262	98.000	72.000	322.393	1403.948	267.965	225.391	239.381	9.424	-0.211	0.000	0.233	108.000	72.000	360.655	1403.602	287.264	211.941	227.429	13.846	1.777	-0.702	-0.994	119.000	72.000	562.037	1407.070	296.372	200.091	218.286	8.026	0.214	0.000	-0.190	NaN	NaN	NaN	NaN	NaN	NaN	NaN	NaN	NaN	NaN	NaN	NaN	NaN	NaN	NaN	NaN	NaN	NaN	NaN	NaN	NaN	NaN	NaN	NaN	NaN	NaN	NaN	NaN	NaN	NaN	NaN	NaN	NaN
73.000	74.000	73.000	485.607	1398.462	232.499	177.895	199.286	12.643	0.027	0.017	-0.017	74.000	73.000	379.786	1398.462	254.745	173.273	190.167	5.510	-1.511	0.003	1.405	99.000	73.000	463.725	1415.682	284.222	254.536	285.667	16.419	6.995	0.000	-1.107	109.000	73.000	354.148	1401.329	286.268	226.880	244.250	13.963	0.117	0.943	-0.204	120.000	73.000	538.000	1423.286	290.907	204.524	227.636	8.110	0.084	0.130	0.004	NaN	NaN	NaN	NaN	NaN	NaN	NaN	NaN	NaN	NaN	NaN	NaN	NaN	NaN	NaN	NaN	NaN	NaN	NaN	NaN	NaN	NaN	NaN	NaN	NaN	NaN	NaN	NaN	NaN	NaN	NaN	NaN	NaN
74.000	75.000	74.000	297.355	1382.776	228.361	190.095	200.474	11.514	-1.129	-0.142	0.962	75.000	74.000	420.000	1382.776	271.189	190.091	199.625	5.369	-0.141	-0.071	0.106	100.000	74.000	548.351	1413.993	292.628	257.545	288.364	16.124	-0.295	0.008	0.092	110.000	74.000	363.107	1398.899	290.535	249.875	282.733	14.499	0.536	0.246	-0.331	121.000	74.000	627.500	1419.305	294.352	199.824	215.900	8.478	0.368	0.065	-0.195	NaN	NaN	NaN	NaN	NaN	NaN	NaN	NaN	NaN	NaN	NaN	NaN	NaN	NaN	NaN	NaN	NaN	NaN	NaN	NaN	NaN	NaN	NaN	NaN	NaN	NaN	NaN	NaN	NaN	NaN	NaN	NaN	NaN
75.000	76.000	75.000	280.464	1379.089	226.988	192.762	201.000	11.312	-0.203	0.063	0.126	76.000	75.000	457.967	1379.089	279.590	183.842	197.333	5.147	-0.222	0.129	0.307	101.000	75.000	614.500	1403.647	305.483	267.920	301.500	16.449	0.325	0.009	-0.142	111.000	75.000	371.593	1398.356	296.322	270.765	338.471	14.675	0.176	-0.204	-0.254	NaN	NaN	NaN	NaN	NaN	NaN	NaN	NaN	NaN	NaN	NaN	NaN	NaN	NaN	NaN	NaN	NaN	NaN	NaN	NaN	NaN	NaN	NaN	NaN	NaN	NaN	NaN	NaN	NaN	NaN	NaN	NaN	NaN	NaN	NaN	NaN	NaN	NaN	NaN	NaN	NaN	NaN	NaN	NaN
76.000	77.000	76.000	286.806	1231.834	224.238	178.684	203.154	11.338	0.027	0.000	0.079	77.000	76.000	428.000	1231.834	267.934	209.286	246.167	5.017	-0.130	0.064	0.248	102.000	76.000	610.950	1403.896	299.663	279.115	309.160	16.568	0.119	0.142	0.233	112.000	76.000	372.966	1399.368	308.036	261.333	287.100	13.485	-1.190	-1.406	-0.343	NaN	NaN	NaN	NaN	NaN	NaN	NaN	NaN	NaN	NaN	NaN	NaN	NaN	NaN	NaN	NaN	NaN	NaN	NaN	NaN	NaN	NaN	NaN	NaN	NaN	NaN	NaN	NaN	NaN	NaN	NaN	NaN	NaN	NaN	NaN	NaN	NaN	NaN	NaN	NaN	NaN	NaN	NaN	NaN
77.000	78.000	77.000	286.630	1231.893	225.346	182.684	204.300	11.109	-0.230	0.000	0.126	78.000	77.000	426.407	1231.893	259.893	194.706	210.778	5.323	0.306	0.323	0.008	103.000	77.000	641.261	1395.921	300.590	260.957	292.286	17.242	0.674	0.091	-0.142	113.000	77.000	360.000	1413.868	297.038	245.556	273.111	13.718	0.233	-0.085	-0.385	NaN	NaN	NaN	NaN	NaN	NaN	NaN	NaN	NaN	NaN	NaN	NaN	NaN	NaN	NaN	NaN	NaN	NaN	NaN	NaN	NaN	NaN	NaN	NaN	NaN	NaN	NaN	NaN	NaN	NaN	NaN	NaN	NaN	NaN	NaN	NaN	NaN	NaN	NaN	NaN	NaN	NaN	NaN	NaN
78.000	79.000	78.000	322.074	1236.193	229.913	185.400	207.692	11.044	-0.065	0.000	0.079	79.000	78.000	470.103	1236.193	268.593	193.286	225.167	5.732	0.409	0.258	-0.137	104.000	78.000	702.682	1399.363	298.803	253.087	300.615	17.277	0.035	0.051	0.000	114.000	78.000	357.000	1411.992	298.645	230.714	278.875	13.453	-0.265	-0.010	-0.267	NaN	NaN	NaN	NaN	NaN	NaN	NaN	NaN	NaN	NaN	NaN	NaN	NaN	NaN	NaN	NaN	NaN	NaN	NaN	NaN	NaN	NaN	NaN	NaN	NaN	NaN	NaN	NaN	NaN	NaN	NaN	NaN	NaN	NaN	NaN	NaN	NaN	NaN	NaN	NaN	NaN	NaN	NaN	NaN
79.000	80.000	79.000	327.152	1231.768	227.258	190.000	209.182	11.396	0.352	0.000	-0.253	80.000	79.000	452.000	1231.768	265.199	202.048	221.364	5.946	0.214	0.253	0.006	105.000	79.000	679.159	1392.883	308.823	244.808	275.867	17.247	-0.030	-0.091	0.000	115.000	79.000	370.000	1412.457	298.853	207.944	248.333	13.759	0.306	-0.074	-0.331	NaN	NaN	NaN	NaN	NaN	NaN	NaN	NaN	NaN	NaN	NaN	NaN	NaN	NaN	NaN	NaN	NaN	NaN	NaN	NaN	NaN	NaN	NaN	NaN	NaN	NaN	NaN	NaN	NaN	NaN	NaN	NaN	NaN	NaN	NaN	NaN	NaN	NaN	NaN	NaN	NaN	NaN	NaN	NaN
80.000	81.000	80.000	368.242	1230.302	233.965	187.789	203.455	11.396	0.000	0.000	0.000	81.000	80.000	438.750	1230.302	258.711	205.375	222.385	6.206	0.260	0.125	-0.125	106.000	80.000	689.349	1391.629	311.696	254.182	271.250	17.679	0.433	0.164	0.011	116.000	80.000	376.207	1399.200	304.525	236.100	247.722	13.793	0.033	-0.506	-0.645	NaN	NaN	NaN	NaN	NaN	NaN	NaN	NaN	NaN	NaN	NaN	NaN	NaN	NaN	NaN	NaN	NaN	NaN	NaN	NaN	NaN	NaN	NaN	NaN	NaN	NaN	NaN	NaN	NaN	NaN	NaN	NaN	NaN	NaN	NaN	NaN	NaN	NaN	NaN	NaN	NaN	NaN	NaN	NaN
81.000	82.000	81.000	337.379	1373.734	233.494	191.619	204.667	11.017	-0.379	0.000	0.331	82.000	81.000	452.966	1373.734	257.992	206.125	230.308	6.550	0.344	0.195	-0.130	107.000	81.000	410.852	1397.543	317.510	227.522	261.091	9.769	-7.910	-0.104	0.793	117.000	81.000	404.000	1402.122	296.781	231.778	243.429	13.945	0.152	-0.156	-0.395	NaN	NaN	NaN	NaN	NaN	NaN	NaN	NaN	NaN	NaN	NaN	NaN	NaN	NaN	NaN	NaN	NaN	NaN	NaN	NaN	NaN	NaN	NaN	NaN	NaN	NaN	NaN	NaN	NaN	NaN	NaN	NaN	NaN	NaN	NaN	NaN	NaN	NaN	NaN	NaN	NaN	NaN	NaN	NaN
82.000	83.000	82.000	338.111	1235.003	233.319	188.571	210.636	11.090	0.073	0.063	-0.016	83.000	82.000	450.857	1235.003	262.631	206.136	217.714	6.745	0.195	0.130	-0.127	108.000	82.000	376.111	1403.602	312.266	255.250	272.952	9.540	-0.230	0.000	0.273	118.000	82.000	387.571	1418.160	299.963	221.500	234.167	14.286	0.341	0.161	-0.137	NaN	NaN	NaN	NaN	NaN	NaN	NaN	NaN	NaN	NaN	NaN	NaN	NaN	NaN	NaN	NaN	NaN	NaN	NaN	NaN	NaN	NaN	NaN	NaN	NaN	NaN	NaN	NaN	NaN	NaN	NaN	NaN	NaN	NaN	NaN	NaN	NaN	NaN	NaN	NaN	NaN	NaN	NaN	NaN
83.000	84.000	83.000	338.630	1241.166	228.286	192.750	213.636	10.979	-0.111	0.016	0.063	84.000	83.000	441.679	1241.166	264.269	237.700	261.062	6.948	0.203	0.128	0.002	109.000	83.000	362.152	1401.329	302.295	255.478	266.857	9.865	0.325	0.091	-0.091	119.000	83.000	431.282	1407.070	296.219	216.571	221.167	16.039	1.753	0.555	-0.652	NaN	NaN	NaN	NaN	NaN	NaN	NaN	NaN	NaN	NaN	NaN	NaN	NaN	NaN	NaN	NaN	NaN	NaN	NaN	NaN	NaN	NaN	NaN	NaN	NaN	NaN	NaN	NaN	NaN	NaN	NaN	NaN	NaN	NaN	NaN	NaN	NaN	NaN	NaN	NaN	NaN	NaN	NaN	NaN
84.000	85.000	84.000	339.593	1245.046	231.489	195.650	214.500	10.914	-0.065	-0.079	0.000	85.000	84.000	438.893	1245.046	264.199	243.621	276.812	7.189	0.241	0.064	-0.194	110.000	84.000	359.115	1398.899	300.614	229.565	255.400	9.657	-0.208	0.000	0.234	120.000	84.000	378.111	1423.286	296.627	205.000	222.300	15.416	-0.623	-0.064	0.192	NaN	NaN	NaN	NaN	NaN	NaN	NaN	NaN	NaN	NaN	NaN	NaN	NaN	NaN	NaN	NaN	NaN	NaN	NaN	NaN	NaN	NaN	NaN	NaN	NaN	NaN	NaN	NaN	NaN	NaN	NaN	NaN	NaN	NaN	NaN	NaN	NaN	NaN	NaN	NaN	NaN	NaN	NaN	NaN
85.000	86.000	85.000	371.481	1248.824	230.952	189.000	212.750	10.998	0.084	-0.063	-0.126	86.000	85.000	433.179	1248.824	268.866	228.650	255.500	7.422	0.233	0.196	-0.066	111.000	85.000	331.032	1398.356	284.264	206.316	212.053	9.884	0.227	0.287	-0.014	121.000	85.000	376.259	1419.305	298.202	222.222	227.824	13.999	-1.417	-1.131	0.000	NaN	NaN	NaN	NaN	NaN	NaN	NaN	NaN	NaN	NaN	NaN	NaN	NaN	NaN	NaN	NaN	NaN	NaN	NaN	NaN	NaN	NaN	NaN	NaN	NaN	NaN	NaN	NaN	NaN	NaN	NaN	NaN	NaN	NaN	NaN	NaN	NaN	NaN	NaN	NaN	NaN	NaN	NaN	NaN
86.000	87.000	86.000	338.259	1409.198	230.162	182.700	198.133	11.017	0.019	0.063	0.000	87.000	86.000	437.414	1409.198	267.823	210.048	229.692	7.571	0.149	0.132	-0.002	112.000	86.000	327.143	1399.368	277.346	219.053	222.263	9.895	0.011	0.091	0.091	NaN	NaN	NaN	NaN	NaN	NaN	NaN	NaN	NaN	NaN	NaN	NaN	NaN	NaN	NaN	NaN	NaN	NaN	NaN	NaN	NaN	NaN	NaN	NaN	NaN	NaN	NaN	NaN	NaN	NaN	NaN	NaN	NaN	NaN	NaN	NaN	NaN	NaN	NaN	NaN	NaN	NaN	NaN	NaN	NaN	NaN	NaN	NaN	NaN	NaN	NaN	NaN	NaN	NaN	NaN
87.000	88.000	87.000	371.963	1410.666	234.179	183.762	197.769	11.193	0.176	0.063	-0.063	88.000	87.000	445.828	1410.666	269.552	226.727	244.938	7.785	0.214	0.260	0.065	113.000	87.000	319.548	1413.868	272.242	219.895	234.571	9.692	-0.203	-0.272	-0.053	NaN	NaN	NaN	NaN	NaN	NaN	NaN	NaN	NaN	NaN	NaN	NaN	NaN	NaN	NaN	NaN	NaN	NaN	NaN	NaN	NaN	NaN	NaN	NaN	NaN	NaN	NaN	NaN	NaN	NaN	NaN	NaN	NaN	NaN	NaN	NaN	NaN	NaN	NaN	NaN	NaN	NaN	NaN	NaN	NaN	NaN	NaN	NaN	NaN	NaN	NaN	NaN	NaN	NaN	NaN
88.000	89.000	88.000	372.556	1409.199	236.306	190.263	203.643	11.258	0.065	0.016	-0.063	89.000	88.000	421.929	1409.199	261.906	213.955	221.600	7.958	0.173	0.133	-0.003	114.000	88.000	512.150	1411.992	273.252	210.300	219.000	18.613	8.921	0.312	-1.184	NaN	NaN	NaN	NaN	NaN	NaN	NaN	NaN	NaN	NaN	NaN	NaN	NaN	NaN	NaN	NaN	NaN	NaN	NaN	NaN	NaN	NaN	NaN	NaN	NaN	NaN	NaN	NaN	NaN	NaN	NaN	NaN	NaN	NaN	NaN	NaN	NaN	NaN	NaN	NaN	NaN	NaN	NaN	NaN	NaN	NaN	NaN	NaN	NaN	NaN	NaN	NaN	NaN	NaN	NaN
89.000	90.000	89.000	369.185	1410.373	242.087	204.190	223.625	11.101	-0.157	-0.157	0.000	90.000	89.000	428.688	1410.373	264.614	221.095	239.714	7.931	-0.027	-0.002	0.002	115.000	89.000	550.558	1412.457	279.281	219.150	228.150	18.572	-0.041	-0.039	0.000	NaN	NaN	NaN	NaN	NaN	NaN	NaN	NaN	NaN	NaN	NaN	NaN	NaN	NaN	NaN	NaN	NaN	NaN	NaN	NaN	NaN	NaN	NaN	NaN	NaN	NaN	NaN	NaN	NaN	NaN	NaN	NaN	NaN	NaN	NaN	NaN	NaN	NaN	NaN	NaN	NaN	NaN	NaN	NaN	NaN	NaN	NaN	NaN	NaN	NaN	NaN	NaN	NaN	NaN	NaN
90.000	91.000	90.000	372.607	1408.638	238.262	185.632	211.500	11.285	0.184	0.158	0.000	91.000	90.000	419.000	1408.638	263.162	221.167	241.231	8.077	0.146	0.002	-0.065	116.000	90.000	318.000	1399.200	279.372	215.850	220.000	9.960	-8.612	-0.144	1.072	NaN	NaN	NaN	NaN	NaN	NaN	NaN	NaN	NaN	NaN	NaN	NaN	NaN	NaN	NaN	NaN	NaN	NaN	NaN	NaN	NaN	NaN	NaN	NaN	NaN	NaN	NaN	NaN	NaN	NaN	NaN	NaN	NaN	NaN	NaN	NaN	NaN	NaN	NaN	NaN	NaN	NaN	NaN	NaN	NaN	NaN	NaN	NaN	NaN	NaN	NaN	NaN	NaN	NaN	NaN
91.000	92.000	91.000	371.926	1408.862	235.077	192.429	212.500	11.239	-0.046	-0.142	-0.079	92.000	91.000	400.310	1408.862	253.446	213.423	220.826	8.023	-0.054	-0.002	-0.002	117.000	91.000	511.316	1402.122	276.693	211.316	220.077	18.530	8.570	0.444	-1.083	NaN	NaN	NaN	NaN	NaN	NaN	NaN	NaN	NaN	NaN	NaN	NaN	NaN	NaN	NaN	NaN	NaN	NaN	NaN	NaN	NaN	NaN	NaN	NaN	NaN	NaN	NaN	NaN	NaN	NaN	NaN	NaN	NaN	NaN	NaN	NaN	NaN	NaN	NaN	NaN	NaN	NaN	NaN	NaN	NaN	NaN	NaN	NaN	NaN	NaN	NaN	NaN	NaN	NaN	NaN
92.000	93.000	92.000	360.536	1410.725	234.360	182.684	198.308	11.182	-0.057	0.063	0.126	93.000	92.000	393.100	1410.725	252.537	212.550	226.143	8.126	0.103	0.063	-0.065	118.000	92.000	549.946	1418.160	277.317	220.042	249.182	18.906	0.376	0.000	-0.052	NaN	NaN	NaN	NaN	NaN	NaN	NaN	NaN	NaN	NaN	NaN	NaN	NaN	NaN	NaN	NaN	NaN	NaN	NaN	NaN	NaN	NaN	NaN	NaN	NaN	NaN	NaN	NaN	NaN	NaN	NaN	NaN	NaN	NaN	NaN	NaN	NaN	NaN	NaN	NaN	NaN	NaN	NaN	NaN	NaN	NaN	NaN	NaN	NaN	NaN	NaN	NaN	NaN	NaN	NaN
93.000	94.000	93.000	329.296	1415.238	233.613	183.722	203.800	11.109	-0.073	0.079	0.063	94.000	93.000	390.333	1415.238	253.518	197.667	215.909	8.153	0.027	-0.063	-0.065	119.000	93.000	552.184	1407.070	280.466	237.200	252.867	19.098	0.192	0.052	-0.052	NaN	NaN	NaN	NaN	NaN	NaN	NaN	NaN	NaN	NaN	NaN	NaN	NaN	NaN	NaN	NaN	NaN	NaN	NaN	NaN	NaN	NaN	NaN	NaN	NaN	NaN	NaN	NaN	NaN	NaN	NaN	NaN	NaN	NaN	NaN	NaN	NaN	NaN	NaN	NaN	NaN	NaN	NaN	NaN	NaN	NaN	NaN	NaN	NaN	NaN	NaN	NaN	NaN	NaN	NaN
94.000	95.000	94.000	320.036	1412.317	238.028	192.000	201.188	11.128	0.019	-0.142	-0.110	95.000	94.000	361.759	1412.317	250.570	199.737	216.091	7.877	-0.276	0.000	0.195	120.000	94.000	543.390	1423.286	278.650	224.900	240.000	19.316	0.219	0.182	-0.013	NaN	NaN	NaN	NaN	NaN	NaN	NaN	NaN	NaN	NaN	NaN	NaN	NaN	NaN	NaN	NaN	NaN	NaN	NaN	NaN	NaN	NaN	NaN	NaN	NaN	NaN	NaN	NaN	NaN	NaN	NaN	NaN	NaN	NaN	NaN	NaN	NaN	NaN	NaN	NaN	NaN	NaN	NaN	NaN	NaN	NaN	NaN	NaN	NaN	NaN	NaN	NaN	NaN	NaN	NaN
95.000	96.000	95.000	302.000	1410.135	233.034	183.947	196.308	11.220	0.092	0.063	-0.016	96.000	95.000	364.464	1410.135	253.208	189.476	214.500	7.693	-0.184	-0.065	0.067	121.000	95.000	564.780	1419.305	279.605	239.864	258.500	19.909	0.593	0.091	-0.052	NaN	NaN	NaN	NaN	NaN	NaN	NaN	NaN	NaN	NaN	NaN	NaN	NaN	NaN	NaN	NaN	NaN	NaN	NaN	NaN	NaN	NaN	NaN	NaN	NaN	NaN	NaN	NaN	NaN	NaN	NaN	NaN	NaN	NaN	NaN	NaN	NaN	NaN	NaN	NaN	NaN	NaN	NaN	NaN	NaN	NaN	NaN	NaN	NaN	NaN	NaN	NaN	NaN	NaN	NaN
96.000	97.000	96.000	297.781	1404.761	231.770	177.500	194.091	11.430	0.211	0.000	-0.142	97.000	96.000	372.000	1404.761	254.293	205.143	219.167	7.162	-0.531	0.000	0.585	NaN	NaN	NaN	NaN	NaN	NaN	NaN	NaN	NaN	NaN	NaN	NaN	NaN	NaN	NaN	NaN	NaN	NaN	NaN	NaN	NaN	NaN	NaN	NaN	NaN	NaN	NaN	NaN	NaN	NaN	NaN	NaN	NaN	NaN	NaN	NaN	NaN	NaN	NaN	NaN	NaN	NaN	NaN	NaN	NaN	NaN	NaN	NaN	NaN	NaN	NaN	NaN	NaN	NaN	NaN	NaN	NaN	NaN	NaN	NaN	NaN	NaN	NaN	NaN	NaN	NaN
97.000	98.000	97.000	311.839	1403.948	235.152	175.333	192.455	11.468	0.038	-0.063	-0.142	98.000	97.000	374.464	1403.948	252.538	200.409	219.091	7.078	-0.084	0.065	0.194	NaN	NaN	NaN	NaN	NaN	NaN	NaN	NaN	NaN	NaN	NaN	NaN	NaN	NaN	NaN	NaN	NaN	NaN	NaN	NaN	NaN	NaN	NaN	NaN	NaN	NaN	NaN	NaN	NaN	NaN	NaN	NaN	NaN	NaN	NaN	NaN	NaN	NaN	NaN	NaN	NaN	NaN	NaN	NaN	NaN	NaN	NaN	NaN	NaN	NaN	NaN	NaN	NaN	NaN	NaN	NaN	NaN	NaN	NaN	NaN	NaN	NaN	NaN	NaN	NaN	NaN
98.000	99.000	98.000	496.630	1415.682	258.232	172.167	181.750	12.762	1.293	0.125	-1.142	99.000	98.000	348.419	1415.682	260.379	202.250	234.625	6.918	-0.160	-0.076	0.269	NaN	NaN	NaN	NaN	NaN	NaN	NaN	NaN	NaN	NaN	NaN	NaN	NaN	NaN	NaN	NaN	NaN	NaN	NaN	NaN	NaN	NaN	NaN	NaN	NaN	NaN	NaN	NaN	NaN	NaN	NaN	NaN	NaN	NaN	NaN	NaN	NaN	NaN	NaN	NaN	NaN	NaN	NaN	NaN	NaN	NaN	NaN	NaN	NaN	NaN	NaN	NaN	NaN	NaN	NaN	NaN	NaN	NaN	NaN	NaN	NaN	NaN	NaN	NaN	NaN	NaN
99.000	100.000	99.000	503.296	1413.993	255.675	176.056	197.000	12.762	0.000	-0.063	0.000	NaN	NaN	NaN	NaN	NaN	NaN	NaN	NaN	NaN	NaN	NaN	NaN	NaN	NaN	NaN	NaN	NaN	NaN	NaN	NaN	NaN	NaN	NaN	NaN	NaN	NaN	NaN	NaN	NaN	NaN	NaN	NaN	NaN	NaN	NaN	NaN	NaN	NaN	NaN	NaN	NaN	NaN	NaN	NaN	NaN	NaN	NaN	NaN	NaN	NaN	NaN	NaN	NaN	NaN	NaN	NaN	NaN	NaN	NaN	NaN	NaN	NaN	NaN	NaN	NaN	NaN	NaN	NaN	NaN	NaN	NaN	NaN	NaN	NaN	NaN	NaN	NaN
100.000	101.000	100.000	511.929	1403.647	254.514	188.048	199.444	12.892	0.130	0.000	-0.108	NaN	NaN	NaN	NaN	NaN	NaN	NaN	NaN	NaN	NaN	NaN	NaN	NaN	NaN	NaN	NaN	NaN	NaN	NaN	NaN	NaN	NaN	NaN	NaN	NaN	NaN	NaN	NaN	NaN	NaN	NaN	NaN	NaN	NaN	NaN	NaN	NaN	NaN	NaN	NaN	NaN	NaN	NaN	NaN	NaN	NaN	NaN	NaN	NaN	NaN	NaN	NaN	NaN	NaN	NaN	NaN	NaN	NaN	NaN	NaN	NaN	NaN	NaN	NaN	NaN	NaN	NaN	NaN	NaN	NaN	NaN	NaN	NaN	NaN	NaN	NaN	NaN
101.000	102.000	101.000	515.571	1403.896	257.754	190.409	202.158	12.957	0.065	0.000	-0.063	NaN	NaN	NaN	NaN	NaN	NaN	NaN	NaN	NaN	NaN	NaN	NaN	NaN	NaN	NaN	NaN	NaN	NaN	NaN	NaN	NaN	NaN	NaN	NaN	NaN	NaN	NaN	NaN	NaN	NaN	NaN	NaN	NaN	NaN	NaN	NaN	NaN	NaN	NaN	NaN	NaN	NaN	NaN	NaN	NaN	NaN	NaN	NaN	NaN	NaN	NaN	NaN	NaN	NaN	NaN	NaN	NaN	NaN	NaN	NaN	NaN	NaN	NaN	NaN	NaN	NaN	NaN	NaN	NaN	NaN	NaN	NaN	NaN	NaN	NaN	NaN	NaN
102.000	103.000	102.000	499.071	1395.921	254.169	196.000	210.737	13.087	0.130	0.000	-0.126	NaN	NaN	NaN	NaN	NaN	NaN	NaN	NaN	NaN	NaN	NaN	NaN	NaN	NaN	NaN	NaN	NaN	NaN	NaN	NaN	NaN	NaN	NaN	NaN	NaN	NaN	NaN	NaN	NaN	NaN	NaN	NaN	NaN	NaN	NaN	NaN	NaN	NaN	NaN	NaN	NaN	NaN	NaN	NaN	NaN	NaN	NaN	NaN	NaN	NaN	NaN	NaN	NaN	NaN	NaN	NaN	NaN	NaN	NaN	NaN	NaN	NaN	NaN	NaN	NaN	NaN	NaN	NaN	NaN	NaN	NaN	NaN	NaN	NaN	NaN	NaN	NaN
103.000	104.000	103.000	490.483	1399.363	249.781	196.800	216.545	13.060	-0.027	-0.063	-0.063	NaN	NaN	NaN	NaN	NaN	NaN	NaN	NaN	NaN	NaN	NaN	NaN	NaN	NaN	NaN	NaN	NaN	NaN	NaN	NaN	NaN	NaN	NaN	NaN	NaN	NaN	NaN	NaN	NaN	NaN	NaN	NaN	NaN	NaN	NaN	NaN	NaN	NaN	NaN	NaN	NaN	NaN	NaN	NaN	NaN	NaN	NaN	NaN	NaN	NaN	NaN	NaN	NaN	NaN	NaN	NaN	NaN	NaN	NaN	NaN	NaN	NaN	NaN	NaN	NaN	NaN	NaN	NaN	NaN	NaN	NaN	NaN	NaN	NaN	NaN	NaN	NaN
104.000	105.000	104.000	499.935	1392.883	250.396	176.850	212.875	13.282	0.222	0.126	-0.063	NaN	NaN	NaN	NaN	NaN	NaN	NaN	NaN	NaN	NaN	NaN	NaN	NaN	NaN	NaN	NaN	NaN	NaN	NaN	NaN	NaN	NaN	NaN	NaN	NaN	NaN	NaN	NaN	NaN	NaN	NaN	NaN	NaN	NaN	NaN	NaN	NaN	NaN	NaN	NaN	NaN	NaN	NaN	NaN	NaN	NaN	NaN	NaN	NaN	NaN	NaN	NaN	NaN	NaN	NaN	NaN	NaN	NaN	NaN	NaN	NaN	NaN	NaN	NaN	NaN	NaN	NaN	NaN	NaN	NaN	NaN	NaN	NaN	NaN	NaN	NaN	NaN
105.000	106.000	105.000	415.781	1391.629	238.881	188.737	204.733	13.022	-0.260	-0.063	0.221	NaN	NaN	NaN	NaN	NaN	NaN	NaN	NaN	NaN	NaN	NaN	NaN	NaN	NaN	NaN	NaN	NaN	NaN	NaN	NaN	NaN	NaN	NaN	NaN	NaN	NaN	NaN	NaN	NaN	NaN	NaN	NaN	NaN	NaN	NaN	NaN	NaN	NaN	NaN	NaN	NaN	NaN	NaN	NaN	NaN	NaN	NaN	NaN	NaN	NaN	NaN	NaN	NaN	NaN	NaN	NaN	NaN	NaN	NaN	NaN	NaN	NaN	NaN	NaN	NaN	NaN	NaN	NaN	NaN	NaN	NaN	NaN	NaN	NaN	NaN	NaN	NaN
106.000	107.000	106.000	405.733	1397.543	243.718	186.300	203.636	12.865	-0.157	0.000	0.126	NaN	NaN	NaN	NaN	NaN	NaN	NaN	NaN	NaN	NaN	NaN	NaN	NaN	NaN	NaN	NaN	NaN	NaN	NaN	NaN	NaN	NaN	NaN	NaN	NaN	NaN	NaN	NaN	NaN	NaN	NaN	NaN	NaN	NaN	NaN	NaN	NaN	NaN	NaN	NaN	NaN	NaN	NaN	NaN	NaN	NaN	NaN	NaN	NaN	NaN	NaN	NaN	NaN	NaN	NaN	NaN	NaN	NaN	NaN	NaN	NaN	NaN	NaN	NaN	NaN	NaN	NaN	NaN	NaN	NaN	NaN	NaN	NaN	NaN	NaN	NaN	NaN
107.000	108.000	107.000	399.414	1403.602	243.855	188.368	203.000	12.746	-0.119	-0.142	-0.063	NaN	NaN	NaN	NaN	NaN	NaN	NaN	NaN	NaN	NaN	NaN	NaN	NaN	NaN	NaN	NaN	NaN	NaN	NaN	NaN	NaN	NaN	NaN	NaN	NaN	NaN	NaN	NaN	NaN	NaN	NaN	NaN	NaN	NaN	NaN	NaN	NaN	NaN	NaN	NaN	NaN	NaN	NaN	NaN	NaN	NaN	NaN	NaN	NaN	NaN	NaN	NaN	NaN	NaN	NaN	NaN	NaN	NaN	NaN	NaN	NaN	NaN	NaN	NaN	NaN	NaN	NaN	NaN	NaN	NaN	NaN	NaN	NaN	NaN	NaN	NaN	NaN
108.000	109.000	108.000	333.828	1401.329	241.017	196.632	210.583	12.719	-0.027	0.016	0.016	NaN	NaN	NaN	NaN	NaN	NaN	NaN	NaN	NaN	NaN	NaN	NaN	NaN	NaN	NaN	NaN	NaN	NaN	NaN	NaN	NaN	NaN	NaN	NaN	NaN	NaN	NaN	NaN	NaN	NaN	NaN	NaN	NaN	NaN	NaN	NaN	NaN	NaN	NaN	NaN	NaN	NaN	NaN	NaN	NaN	NaN	NaN	NaN	NaN	NaN	NaN	NaN	NaN	NaN	NaN	NaN	NaN	NaN	NaN	NaN	NaN	NaN	NaN	NaN	NaN	NaN	NaN	NaN	NaN	NaN	NaN	NaN	NaN	NaN	NaN	NaN	NaN
109.000	110.000	109.000	299.963	1398.899	235.134	189.500	208.000	12.822	0.103	-0.079	-0.189	NaN	NaN	NaN	NaN	NaN	NaN	NaN	NaN	NaN	NaN	NaN	NaN	NaN	NaN	NaN	NaN	NaN	NaN	NaN	NaN	NaN	NaN	NaN	NaN	NaN	NaN	NaN	NaN	NaN	NaN	NaN	NaN	NaN	NaN	NaN	NaN	NaN	NaN	NaN	NaN	NaN	NaN	NaN	NaN	NaN	NaN	NaN	NaN	NaN	NaN	NaN	NaN	NaN	NaN	NaN	NaN	NaN	NaN	NaN	NaN	NaN	NaN	NaN	NaN	NaN	NaN	NaN	NaN	NaN	NaN	NaN	NaN	NaN	NaN	NaN	NaN	NaN
110.000	111.000	110.000	299.931	1398.356	227.981	178.250	186.783	12.849	0.027	0.063	0.063	NaN	NaN	NaN	NaN	NaN	NaN	NaN	NaN	NaN	NaN	NaN	NaN	NaN	NaN	NaN	NaN	NaN	NaN	NaN	NaN	NaN	NaN	NaN	NaN	NaN	NaN	NaN	NaN	NaN	NaN	NaN	NaN	NaN	NaN	NaN	NaN	NaN	NaN	NaN	NaN	NaN	NaN	NaN	NaN	NaN	NaN	NaN	NaN	NaN	NaN	NaN	NaN	NaN	NaN	NaN	NaN	NaN	NaN	NaN	NaN	NaN	NaN	NaN	NaN	NaN	NaN	NaN	NaN	NaN	NaN	NaN	NaN	NaN	NaN	NaN	NaN	NaN
111.000	112.000	111.000	289.654	1399.368	227.262	168.938	190.200	12.811	-0.038	0.221	0.126	NaN	NaN	NaN	NaN	NaN	NaN	NaN	NaN	NaN	NaN	NaN	NaN	NaN	NaN	NaN	NaN	NaN	NaN	NaN	NaN	NaN	NaN	NaN	NaN	NaN	NaN	NaN	NaN	NaN	NaN	NaN	NaN	NaN	NaN	NaN	NaN	NaN	NaN	NaN	NaN	NaN	NaN	NaN	NaN	NaN	NaN	NaN	NaN	NaN	NaN	NaN	NaN	NaN	NaN	NaN	NaN	NaN	NaN	NaN	NaN	NaN	NaN	NaN	NaN	NaN	NaN	NaN	NaN	NaN	NaN	NaN	NaN	NaN	NaN	NaN	NaN	NaN
112.000	113.000	112.000	451.677	1413.868	237.486	183.941	207.375	14.246	1.435	-0.205	-1.403	NaN	NaN	NaN	NaN	NaN	NaN	NaN	NaN	NaN	NaN	NaN	NaN	NaN	NaN	NaN	NaN	NaN	NaN	NaN	NaN	NaN	NaN	NaN	NaN	NaN	NaN	NaN	NaN	NaN	NaN	NaN	NaN	NaN	NaN	NaN	NaN	NaN	NaN	NaN	NaN	NaN	NaN	NaN	NaN	NaN	NaN	NaN	NaN	NaN	NaN	NaN	NaN	NaN	NaN	NaN	NaN	NaN	NaN	NaN	NaN	NaN	NaN	NaN	NaN	NaN	NaN	NaN	NaN	NaN	NaN	NaN	NaN	NaN	NaN	NaN	NaN	NaN
113.000	114.000	113.000	393.071	1411.992	237.887	188.389	203.889	14.070	-0.176	0.000	0.126	NaN	NaN	NaN	NaN	NaN	NaN	NaN	NaN	NaN	NaN	NaN	NaN	NaN	NaN	NaN	NaN	NaN	NaN	NaN	NaN	NaN	NaN	NaN	NaN	NaN	NaN	NaN	NaN	NaN	NaN	NaN	NaN	NaN	NaN	NaN	NaN	NaN	NaN	NaN	NaN	NaN	NaN	NaN	NaN	NaN	NaN	NaN	NaN	NaN	NaN	NaN	NaN	NaN	NaN	NaN	NaN	NaN	NaN	NaN	NaN	NaN	NaN	NaN	NaN	NaN	NaN	NaN	NaN	NaN	NaN	NaN	NaN	NaN	NaN	NaN	NaN	NaN
114.000	115.000	114.000	325.367	1412.457	232.589	191.333	201.533	13.737	-0.333	0.000	0.347	NaN	NaN	NaN	NaN	NaN	NaN	NaN	NaN	NaN	NaN	NaN	NaN	NaN	NaN	NaN	NaN	NaN	NaN	NaN	NaN	NaN	NaN	NaN	NaN	NaN	NaN	NaN	NaN	NaN	NaN	NaN	NaN	NaN	NaN	NaN	NaN	NaN	NaN	NaN	NaN	NaN	NaN	NaN	NaN	NaN	NaN	NaN	NaN	NaN	NaN	NaN	NaN	NaN	NaN	NaN	NaN	NaN	NaN	NaN	NaN	NaN	NaN	NaN	NaN	NaN	NaN	NaN	NaN	NaN	NaN	NaN	NaN	NaN	NaN	NaN	NaN	NaN
115.000	116.000	115.000	290.633	1399.200	229.256	188.444	197.400	13.228	-0.509	0.000	0.473	NaN	NaN	NaN	NaN	NaN	NaN	NaN	NaN	NaN	NaN	NaN	NaN	NaN	NaN	NaN	NaN	NaN	NaN	NaN	NaN	NaN	NaN	NaN	NaN	NaN	NaN	NaN	NaN	NaN	NaN	NaN	NaN	NaN	NaN	NaN	NaN	NaN	NaN	NaN	NaN	NaN	NaN	NaN	NaN	NaN	NaN	NaN	NaN	NaN	NaN	NaN	NaN	NaN	NaN	NaN	NaN	NaN	NaN	NaN	NaN	NaN	NaN	NaN	NaN	NaN	NaN	NaN	NaN	NaN	NaN	NaN	NaN	NaN	NaN	NaN	NaN	NaN
116.000	117.000	116.000	296.793	1402.122	228.593	177.438	187.900	13.071	-0.157	0.142	0.205	NaN	NaN	NaN	NaN	NaN	NaN	NaN	NaN	NaN	NaN	NaN	NaN	NaN	NaN	NaN	NaN	NaN	NaN	NaN	NaN	NaN	NaN	NaN	NaN	NaN	NaN	NaN	NaN	NaN	NaN	NaN	NaN	NaN	NaN	NaN	NaN	NaN	NaN	NaN	NaN	NaN	NaN	NaN	NaN	NaN	NaN	NaN	NaN	NaN	NaN	NaN	NaN	NaN	NaN	NaN	NaN	NaN	NaN	NaN	NaN	NaN	NaN	NaN	NaN	NaN	NaN	NaN	NaN	NaN	NaN	NaN	NaN	NaN	NaN	NaN	NaN	NaN
117.000	118.000	117.000	328.000	1418.160	235.568	187.105	200.429	14.051	0.980	-0.079	-0.883	NaN	NaN	NaN	NaN	NaN	NaN	NaN	NaN	NaN	NaN	NaN	NaN	NaN	NaN	NaN	NaN	NaN	NaN	NaN	NaN	NaN	NaN	NaN	NaN	NaN	NaN	NaN	NaN	NaN	NaN	NaN	NaN	NaN	NaN	NaN	NaN	NaN	NaN	NaN	NaN	NaN	NaN	NaN	NaN	NaN	NaN	NaN	NaN	NaN	NaN	NaN	NaN	NaN	NaN	NaN	NaN	NaN	NaN	NaN	NaN	NaN	NaN	NaN	NaN	NaN	NaN	NaN	NaN	NaN	NaN	NaN	NaN	NaN	NaN	NaN	NaN	NaN
118.000	119.000	118.000	294.933	1407.070	232.884	185.211	207.333	13.136	-0.915	-0.205	0.615	NaN	NaN	NaN	NaN	NaN	NaN	NaN	NaN	NaN	NaN	NaN	NaN	NaN	NaN	NaN	NaN	NaN	NaN	NaN	NaN	NaN	NaN	NaN	NaN	NaN	NaN	NaN	NaN	NaN	NaN	NaN	NaN	NaN	NaN	NaN	NaN	NaN	NaN	NaN	NaN	NaN	NaN	NaN	NaN	NaN	NaN	NaN	NaN	NaN	NaN	NaN	NaN	NaN	NaN	NaN	NaN	NaN	NaN	NaN	NaN	NaN	NaN	NaN	NaN	NaN	NaN	NaN	NaN	NaN	NaN	NaN	NaN	NaN	NaN	NaN	NaN	NaN
119.000	120.000	119.000	426.667	1423.286	247.576	186.632	202.444	14.387	1.251	0.142	-1.072	NaN	NaN	NaN	NaN	NaN	NaN	NaN	NaN	NaN	NaN	NaN	NaN	NaN	NaN	NaN	NaN	NaN	NaN	NaN	NaN	NaN	NaN	NaN	NaN	NaN	NaN	NaN	NaN	NaN	NaN	NaN	NaN	NaN	NaN	NaN	NaN	NaN	NaN	NaN	NaN	NaN	NaN	NaN	NaN	NaN	NaN	NaN	NaN	NaN	NaN	NaN	NaN	NaN	NaN	NaN	NaN	NaN	NaN	NaN	NaN	NaN	NaN	NaN	NaN	NaN	NaN	NaN	NaN	NaN	NaN	NaN	NaN	NaN	NaN	NaN	NaN	NaN
120.000	121.000	120.000	494.897	1419.305	257.744	184.889	205.111	15.034	0.647	0.000	-0.473	NaN	NaN	NaN	NaN	NaN	NaN	NaN	NaN	NaN	NaN	NaN	NaN	NaN	NaN	NaN	NaN	NaN	NaN	NaN	NaN	NaN	NaN	NaN	NaN	NaN	NaN	NaN	NaN	NaN	NaN	NaN	NaN	NaN	NaN	NaN	NaN	NaN	NaN	NaN	NaN	NaN	NaN	NaN	NaN	NaN	NaN	NaN	NaN	NaN	NaN	NaN	NaN	NaN	NaN	NaN	NaN	NaN	NaN	NaN	NaN	NaN	NaN	NaN	NaN	NaN	NaN	NaN	NaN	NaN	NaN	NaN	NaN	NaN	NaN	NaN	NaN	NaN
