dT	T (0)	dT (0)	Base Mean (0)	Body Mean (0)	Proj Mean (0)	Tip Mean (0)	Tip Th Mean (0)	Length (0)	dL (0)	DCTM (0)	DCBM (0)	T (1)	dT (1)	Base Mean (1)	Body Mean (1)	Proj Mean (1)	Tip Mean (1)	Tip Th Mean (1)	Length (1)	dL (1)	DCTM (1)	DCBM (1)	T (2)	dT (2)	Base Mean (2)	Body Mean (2)	Proj Mean (2)	Tip Mean (2)	Tip Th Mean (2)	Length (2)	dL (2)	DCTM (2)	DCBM (2)	T (3)	dT (3)	Base Mean (3)	Body Mean (3)	Proj Mean (3)	Tip Mean (3)	Tip Th Mean (3)	Length (3)	dL (3)	DCTM (3)	DCBM (3)	T (4)	dT (4)	Base Mean (4)	Body Mean (4)	Proj Mean (4)	Tip Mean (4)	Tip Th Mean (4)	Length (4)	dL (4)	DCTM (4)	DCBM (4)	T (5)	dT (5)	Base Mean (5)	Body Mean (5)	Proj Mean (5)	Tip Mean (5)	Tip Th Mean (5)	Length (5)	dL (5)	DCTM (5)	DCBM (5)
-20.000	NaN	NaN	NaN	NaN	NaN	NaN	NaN	NaN	NaN	NaN	NaN	NaN	NaN	NaN	NaN	NaN	NaN	NaN	NaN	NaN	NaN	NaN	NaN	NaN	NaN	NaN	NaN	NaN	NaN	NaN	NaN	NaN	NaN	NaN	NaN	NaN	NaN	NaN	NaN	NaN	NaN	NaN	NaN	NaN	57.000	-20.000	174.294	647.463	NaN	NaN	NaN	NaN	NaN	NaN	NaN	63.000	-20.000	187.706	648.133	NaN	NaN	NaN	NaN	NaN	NaN	NaN
-19.000	NaN	NaN	NaN	NaN	NaN	NaN	NaN	NaN	NaN	NaN	NaN	NaN	NaN	NaN	NaN	NaN	NaN	NaN	NaN	NaN	NaN	NaN	NaN	NaN	NaN	NaN	NaN	NaN	NaN	NaN	NaN	NaN	NaN	NaN	NaN	NaN	NaN	NaN	NaN	NaN	NaN	NaN	NaN	NaN	58.000	-19.000	182.882	646.740	NaN	NaN	NaN	NaN	NaN	NaN	NaN	64.000	-19.000	194.294	648.967	NaN	NaN	NaN	NaN	NaN	NaN	NaN
-18.000	NaN	NaN	NaN	NaN	NaN	NaN	NaN	NaN	NaN	NaN	NaN	NaN	NaN	NaN	NaN	NaN	NaN	NaN	NaN	NaN	NaN	NaN	NaN	NaN	NaN	NaN	NaN	NaN	NaN	NaN	NaN	NaN	NaN	NaN	NaN	NaN	NaN	NaN	NaN	NaN	NaN	NaN	NaN	NaN	59.000	-18.000	175.235	645.839	NaN	NaN	NaN	NaN	NaN	NaN	NaN	65.000	-18.000	174.529	649.309	NaN	NaN	NaN	NaN	NaN	NaN	NaN
-17.000	NaN	NaN	NaN	NaN	NaN	NaN	NaN	NaN	NaN	NaN	NaN	NaN	NaN	NaN	NaN	NaN	NaN	NaN	NaN	NaN	NaN	NaN	NaN	NaN	NaN	NaN	NaN	NaN	NaN	NaN	NaN	NaN	NaN	NaN	NaN	NaN	NaN	NaN	NaN	NaN	NaN	NaN	NaN	NaN	60.000	-17.000	179.765	648.324	NaN	NaN	NaN	NaN	NaN	NaN	NaN	66.000	-17.000	167.529	645.065	NaN	NaN	NaN	NaN	NaN	NaN	NaN
-16.000	NaN	NaN	NaN	NaN	NaN	NaN	NaN	NaN	NaN	NaN	NaN	NaN	NaN	NaN	NaN	NaN	NaN	NaN	NaN	NaN	NaN	NaN	NaN	NaN	NaN	NaN	NaN	NaN	NaN	NaN	NaN	NaN	NaN	NaN	NaN	NaN	NaN	NaN	NaN	NaN	NaN	NaN	NaN	NaN	61.000	-16.000	177.824	650.020	NaN	NaN	NaN	NaN	NaN	NaN	NaN	67.000	-16.000	165.824	642.881	NaN	NaN	NaN	NaN	NaN	NaN	NaN
-15.000	NaN	NaN	NaN	NaN	NaN	NaN	NaN	NaN	NaN	NaN	NaN	NaN	NaN	NaN	NaN	NaN	NaN	NaN	NaN	NaN	NaN	NaN	NaN	NaN	NaN	NaN	NaN	NaN	NaN	NaN	NaN	NaN	NaN	NaN	NaN	NaN	NaN	NaN	NaN	NaN	NaN	NaN	NaN	NaN	62.000	-15.000	179.353	650.294	NaN	NaN	NaN	NaN	NaN	NaN	NaN	68.000	-15.000	169.765	646.861	NaN	NaN	NaN	NaN	NaN	NaN	NaN
-14.000	NaN	NaN	NaN	NaN	NaN	NaN	NaN	NaN	NaN	NaN	NaN	NaN	NaN	NaN	NaN	NaN	NaN	NaN	NaN	NaN	NaN	NaN	NaN	NaN	NaN	NaN	NaN	NaN	NaN	NaN	NaN	NaN	NaN	1.000	-14.000	184.778	689.520	NaN	NaN	NaN	NaN	NaN	NaN	NaN	63.000	-14.000	187.706	648.133	NaN	NaN	NaN	NaN	NaN	NaN	NaN	69.000	-14.000	179.706	648.999	NaN	NaN	NaN	NaN	NaN	NaN	NaN
-13.000	NaN	NaN	NaN	NaN	NaN	NaN	NaN	NaN	NaN	NaN	NaN	NaN	NaN	NaN	NaN	NaN	NaN	NaN	NaN	NaN	NaN	NaN	NaN	NaN	NaN	NaN	NaN	NaN	NaN	NaN	NaN	NaN	NaN	2.000	-13.000	144.962	665.695	NaN	NaN	NaN	NaN	NaN	NaN	NaN	64.000	-13.000	194.294	648.967	NaN	NaN	NaN	NaN	NaN	NaN	NaN	70.000	-13.000	162.588	641.732	NaN	NaN	NaN	NaN	NaN	NaN	NaN
-12.000	NaN	NaN	NaN	NaN	NaN	NaN	NaN	NaN	NaN	NaN	NaN	NaN	NaN	NaN	NaN	NaN	NaN	NaN	NaN	NaN	NaN	NaN	NaN	NaN	NaN	NaN	NaN	NaN	NaN	NaN	NaN	NaN	NaN	3.000	-12.000	146.690	665.893	NaN	NaN	NaN	NaN	NaN	NaN	NaN	65.000	-12.000	184.235	649.309	NaN	NaN	NaN	NaN	NaN	NaN	NaN	71.000	-12.000	152.294	640.447	NaN	NaN	NaN	NaN	NaN	NaN	NaN
-11.000	NaN	NaN	NaN	NaN	NaN	NaN	NaN	NaN	NaN	NaN	NaN	NaN	NaN	NaN	NaN	NaN	NaN	NaN	NaN	NaN	NaN	NaN	NaN	NaN	NaN	NaN	NaN	NaN	NaN	NaN	NaN	NaN	NaN	4.000	-11.000	148.800	662.249	NaN	NaN	NaN	NaN	NaN	NaN	NaN	66.000	-11.000	167.529	645.065	NaN	NaN	NaN	NaN	NaN	NaN	NaN	72.000	-11.000	140.070	631.435	NaN	NaN	NaN	NaN	NaN	NaN	NaN
-10.000	NaN	NaN	NaN	NaN	NaN	NaN	NaN	NaN	NaN	NaN	NaN	NaN	NaN	NaN	NaN	NaN	NaN	NaN	NaN	NaN	NaN	NaN	NaN	NaN	NaN	NaN	NaN	NaN	NaN	NaN	NaN	NaN	NaN	5.000	-10.000	148.367	661.488	NaN	NaN	NaN	NaN	NaN	NaN	NaN	67.000	-10.000	185.059	642.881	NaN	NaN	NaN	NaN	NaN	NaN	NaN	73.000	-10.000	140.804	631.927	NaN	NaN	NaN	NaN	NaN	NaN	NaN
-9.000	NaN	NaN	NaN	NaN	NaN	NaN	NaN	NaN	NaN	NaN	NaN	NaN	NaN	NaN	NaN	NaN	NaN	NaN	NaN	NaN	NaN	NaN	NaN	NaN	NaN	NaN	NaN	NaN	NaN	NaN	NaN	NaN	NaN	6.000	-9.000	145.733	614.770	NaN	NaN	NaN	NaN	NaN	NaN	NaN	68.000	-9.000	190.294	646.861	NaN	NaN	NaN	NaN	NaN	NaN	NaN	74.000	-9.000	138.717	630.601	NaN	NaN	NaN	NaN	NaN	NaN	NaN
-8.000	NaN	NaN	NaN	NaN	NaN	NaN	NaN	NaN	NaN	NaN	NaN	NaN	NaN	NaN	NaN	NaN	NaN	NaN	NaN	NaN	NaN	NaN	NaN	NaN	NaN	NaN	NaN	NaN	NaN	NaN	NaN	NaN	NaN	7.000	-8.000	138.524	608.255	NaN	NaN	NaN	NaN	NaN	NaN	NaN	69.000	-8.000	194.235	648.999	NaN	NaN	NaN	NaN	NaN	NaN	NaN	75.000	-8.000	136.556	628.513	NaN	NaN	NaN	NaN	NaN	NaN	NaN
-7.000	NaN	NaN	NaN	NaN	NaN	NaN	NaN	NaN	NaN	NaN	NaN	NaN	NaN	NaN	NaN	NaN	NaN	NaN	NaN	NaN	NaN	NaN	NaN	NaN	NaN	NaN	NaN	NaN	NaN	NaN	NaN	NaN	NaN	8.000	-7.000	138.880	609.295	NaN	NaN	NaN	NaN	NaN	NaN	NaN	70.000	-7.000	162.588	641.732	NaN	NaN	NaN	NaN	NaN	NaN	NaN	76.000	-7.000	134.333	625.302	NaN	NaN	NaN	NaN	NaN	NaN	NaN
-6.000	NaN	NaN	NaN	NaN	NaN	NaN	NaN	NaN	NaN	NaN	NaN	NaN	NaN	NaN	NaN	NaN	NaN	NaN	NaN	NaN	NaN	NaN	NaN	NaN	NaN	NaN	NaN	NaN	NaN	NaN	NaN	NaN	NaN	9.000	-6.000	161.353	611.222	NaN	NaN	NaN	NaN	NaN	NaN	NaN	71.000	-6.000	152.294	640.447	NaN	NaN	NaN	NaN	NaN	NaN	NaN	77.000	-6.000	131.872	604.730	NaN	NaN	NaN	NaN	NaN	NaN	NaN
-5.000	NaN	NaN	NaN	NaN	NaN	NaN	NaN	NaN	NaN	NaN	NaN	NaN	NaN	NaN	NaN	NaN	NaN	NaN	NaN	NaN	NaN	NaN	NaN	NaN	NaN	NaN	NaN	NaN	NaN	NaN	NaN	NaN	NaN	10.000	-5.000	139.333	609.692	NaN	NaN	NaN	NaN	NaN	NaN	NaN	72.000	-5.000	131.824	631.435	NaN	NaN	NaN	NaN	NaN	NaN	NaN	78.000	-5.000	136.383	607.905	NaN	NaN	NaN	NaN	NaN	NaN	NaN
-4.000	NaN	NaN	NaN	NaN	NaN	NaN	NaN	NaN	NaN	NaN	NaN	NaN	NaN	NaN	NaN	NaN	NaN	NaN	NaN	NaN	NaN	NaN	NaN	NaN	NaN	NaN	NaN	NaN	NaN	NaN	NaN	NaN	NaN	11.000	-4.000	139.353	606.456	NaN	NaN	NaN	NaN	NaN	NaN	NaN	73.000	-4.000	140.647	631.927	NaN	NaN	NaN	NaN	NaN	NaN	NaN	79.000	-4.000	135.077	607.820	NaN	NaN	NaN	NaN	NaN	NaN	NaN
-3.000	NaN	NaN	NaN	NaN	NaN	NaN	NaN	NaN	NaN	NaN	NaN	NaN	NaN	NaN	NaN	NaN	NaN	NaN	NaN	NaN	NaN	NaN	NaN	NaN	NaN	NaN	NaN	NaN	NaN	NaN	NaN	NaN	NaN	12.000	-3.000	142.941	611.048	NaN	NaN	NaN	NaN	NaN	NaN	NaN	74.000	-3.000	138.941	630.601	NaN	NaN	NaN	NaN	NaN	NaN	NaN	80.000	-3.000	135.881	623.621	NaN	NaN	NaN	NaN	NaN	NaN	NaN
-2.000	NaN	NaN	NaN	NaN	NaN	NaN	NaN	NaN	NaN	NaN	NaN	NaN	NaN	NaN	NaN	NaN	NaN	NaN	NaN	NaN	NaN	NaN	NaN	NaN	NaN	NaN	NaN	NaN	NaN	NaN	NaN	NaN	NaN	13.000	-2.000	136.235	611.624	NaN	NaN	NaN	NaN	NaN	NaN	NaN	75.000	-2.000	128.588	628.513	NaN	NaN	NaN	NaN	NaN	NaN	NaN	81.000	-2.000	135.211	625.538	NaN	NaN	NaN	NaN	NaN	NaN	NaN
-1.000	NaN	NaN	NaN	NaN	NaN	NaN	NaN	NaN	NaN	NaN	NaN	NaN	NaN	NaN	NaN	NaN	NaN	NaN	NaN	NaN	NaN	NaN	NaN	NaN	NaN	NaN	NaN	NaN	NaN	NaN	NaN	NaN	NaN	14.000	-1.000	131.429	610.960	NaN	NaN	NaN	NaN	NaN	NaN	NaN	76.000	-1.000	129.706	625.302	NaN	NaN	NaN	NaN	NaN	NaN	NaN	82.000	-1.000	134.941	629.077	NaN	NaN	NaN	NaN	NaN	NaN	NaN
0.000	1.000	0.000	189.617	689.520	167.668	136.417	143.889	4.707	0.000	NaN	NaN	1.000	0.000	183.000	689.520	148.444	131.185	138.348	1.843	0.000	NaN	NaN	1.000	0.000	188.481	689.520	140.931	127.759	142.133	7.441	0.000	NaN	NaN	15.000	0.000	131.917	612.876	123.500	123.500	137.333	0.364	0.364	NaN	NaN	77.000	0.000	126.433	604.730	124.812	123.069	131.600	1.426	1.426	NaN	NaN	83.000	0.000	130.154	627.872	129.766	130.483	140.417	1.196	1.196	NaN	NaN
1.000	2.000	1.000	192.860	665.695	161.421	126.154	136.500	4.937	0.230	0.234	0.000	2.000	1.000	183.353	665.695	150.130	129.586	139.867	2.436	0.593	0.206	-0.227	2.000	1.000	183.821	665.695	137.236	123.846	132.417	7.476	0.035	0.065	0.065	16.000	1.000	126.833	612.869	123.421	123.421	127.812	0.396	0.031	0.145	0.058	78.000	1.000	130.097	607.905	127.646	128.067	136.071	0.871	-0.555	-0.689	-0.179	84.000	1.000	128.600	629.601	128.284	126.739	131.059	1.139	-0.057	0.719	0.452
2.000	3.000	2.000	190.870	665.893	160.661	129.259	140.750	5.343	0.406	0.274	1.232	3.000	2.000	176.286	665.893	145.550	129.080	142.333	2.463	0.027	0.144	0.061	3.000	2.000	189.838	665.893	139.063	130.320	137.600	7.717	0.241	-0.065	-0.130	17.000	2.000	132.030	611.997	126.810	126.412	135.286	0.617	0.221	-0.056	-0.145	79.000	2.000	131.487	607.820	125.170	124.429	131.857	1.900	1.029	0.907	0.000	85.000	2.000	131.920	627.339	128.385	128.917	138.250	0.446	-0.693	-0.598	0.046
3.000	4.000	3.000	186.391	662.249	160.622	128.500	136.059	5.611	0.268	0.182	-0.286	4.000	3.000	180.852	662.249	146.100	125.667	133.882	2.842	0.379	0.205	-0.205	4.000	3.000	180.128	662.249	136.318	126.333	133.812	7.862	0.146	0.071	0.058	18.000	3.000	133.415	616.490	127.745	124.893	137.278	0.890	0.274	-0.108	-0.241	80.000	3.000	132.024	623.621	130.590	123.565	133.000	3.251	1.351	-0.866	-2.064	86.000	3.000	130.548	629.094	127.444	125.318	131.882	0.798	0.353	0.310	-0.034
4.000	5.000	4.000	188.625	661.488	163.436	127.464	134.050	6.211	0.601	0.161	-0.342	5.000	4.000	177.000	661.488	145.797	130.640	137.762	2.953	0.111	0.039	0.039	5.000	4.000	189.674	661.488	139.397	124.040	135.667	8.103	0.241	0.000	-0.259	19.000	4.000	133.176	613.643	130.867	129.000	138.125	0.668	-0.223	0.046	0.276	81.000	4.000	131.067	625.538	129.039	124.364	130.188	2.888	-0.363	-0.082	0.144	87.000	4.000	127.333	628.696	127.608	124.828	134.100	3.018	2.219	2.046	0.426
5.000	6.000	5.000	176.704	614.770	155.831	127.680	136.636	6.322	0.111	0.077	0.286	6.000	5.000	183.871	614.770	146.287	127.435	137.750	3.553	0.601	0.061	-0.578	6.000	5.000	177.140	614.770	138.177	122.500	129.000	8.375	0.271	-0.135	-0.194	20.000	5.000	129.424	614.456	129.250	127.286	137.000	0.652	-0.015	-0.013	-0.065	NaN	NaN	NaN	NaN	NaN	NaN	NaN	NaN	NaN	NaN	NaN	88.000	5.000	133.047	627.337	132.222	128.321	137.143	4.682	1.664	2.341	0.917
6.000	7.000	6.000	153.327	608.255	138.918	124.571	141.333	2.854	-3.468	0.071	1.911	7.000	6.000	169.639	608.255	138.524	123.080	128.467	3.274	-0.279	-0.059	0.268	7.000	6.000	169.806	608.255	135.439	122.087	134.875	7.793	-0.582	0.000	0.065	21.000	6.000	129.815	615.167	128.879	129.433	138.647	0.598	-0.055	-0.022	-0.100	NaN	NaN	NaN	NaN	NaN	NaN	NaN	NaN	NaN	NaN	NaN	89.000	6.000	141.605	633.961	133.278	129.000	137.381	6.549	1.867	0.100	-1.933
7.000	8.000	7.000	153.116	609.295	139.019	125.800	137.700	3.095	0.241	0.037	-0.288	8.000	7.000	170.643	609.295	139.339	123.643	136.500	3.477	0.203	-0.086	-0.232	8.000	7.000	170.107	609.295	134.069	122.962	129.211	7.828	0.035	0.006	0.000	22.000	7.000	134.184	610.485	132.308	131.304	148.167	1.177	0.580	-0.197	-0.612	NaN	NaN	NaN	NaN	NaN	NaN	NaN	NaN	NaN	NaN	NaN	90.000	7.000	135.925	632.708	132.847	129.333	135.941	5.773	-0.777	-0.044	0.595
8.000	9.000	8.000	164.044	611.222	141.618	123.292	131.312	3.961	0.865	0.038	-0.793	9.000	8.000	161.552	611.222	137.516	125.966	134.200	3.255	-0.222	-0.025	0.085	9.000	8.000	168.500	611.222	136.589	121.920	130.200	8.050	0.222	0.000	0.006	23.000	8.000	129.926	616.775	127.767	128.565	136.583	0.557	-0.620	0.091	0.467	NaN	NaN	NaN	NaN	NaN	NaN	NaN	NaN	NaN	NaN	NaN	91.000	8.000	134.517	631.168	132.970	129.818	136.579	4.958	-0.815	-0.084	0.630
9.000	10.000	9.000	158.053	609.692	135.982	124.480	139.500	3.298	-0.663	0.110	0.627	10.000	9.000	168.968	609.692	138.890	126.393	133.045	3.393	0.138	0.000	-0.114	10.000	9.000	157.741	609.692	132.875	122.846	133.889	7.300	-0.750	-0.065	0.381	24.000	9.000	133.886	619.970	130.610	124.091	133.600	1.242	0.685	0.263	-0.263	NaN	NaN	NaN	NaN	NaN	NaN	NaN	NaN	NaN	NaN	NaN	92.000	9.000	136.694	627.986	132.908	125.389	132.286	4.755	-0.203	0.024	0.290
10.000	11.000	10.000	145.610	606.456	131.355	121.348	132.200	3.160	-0.138	0.056	0.234	11.000	10.000	159.179	606.456	138.950	128.500	138.438	3.144	-0.249	0.000	0.145	11.000	10.000	171.974	606.456	132.668	119.952	123.278	7.866	0.566	0.060	-0.254	25.000	10.000	139.132	618.090	133.639	126.000	130.278	1.816	0.574	-0.035	-0.445	NaN	NaN	NaN	NaN	NaN	NaN	NaN	NaN	NaN	NaN	NaN	93.000	10.000	141.500	630.837	133.846	126.957	134.286	5.199	0.444	-0.146	-0.699
11.000	12.000	11.000	146.421	611.048	133.059	126.400	135.077	3.271	0.111	0.089	-0.056	12.000	11.000	158.710	611.048	137.246	124.828	130.565	3.171	0.027	-0.059	0.000	12.000	11.000	182.093	611.048	133.940	117.160	130.625	8.042	0.176	-0.060	-0.189	26.000	11.000	136.278	613.819	131.458	127.125	133.533	1.085	-0.731	0.118	0.672	NaN	NaN	NaN	NaN	NaN	NaN	NaN	NaN	NaN	NaN	NaN	94.000	11.000	133.818	624.863	129.333	128.440	132.824	3.018	-2.181	-0.471	1.619
12.000	13.000	12.000	150.763	611.624	133.650	124.680	134.500	3.593	0.322	0.124	-0.145	13.000	12.000	166.179	611.624	137.010	124.357	132.059	3.282	0.111	0.000	-0.145	13.000	12.000	176.703	611.624	134.442	117.708	124.077	7.847	-0.195	0.060	0.194	27.000	12.000	132.167	615.929	131.081	130.962	138.789	0.622	-0.463	0.010	0.355	NaN	NaN	NaN	NaN	NaN	NaN	NaN	NaN	NaN	NaN	NaN	95.000	12.000	135.515	624.900	129.117	127.548	134.211	2.425	-0.593	-0.966	-0.411
13.000	14.000	13.000	159.478	610.960	133.711	121.148	128.375	4.228	0.636	0.111	-0.413	14.000	13.000	164.500	610.960	136.712	120.357	130.286	3.458	0.176	0.000	-0.059	14.000	13.000	173.853	610.960	134.564	121.375	127.375	7.847	0.000	0.000	0.000	28.000	13.000	134.976	613.827	127.240	127.222	132.520	0.752	0.130	0.262	0.233	NaN	NaN	NaN	NaN	NaN	NaN	NaN	NaN	NaN	NaN	NaN	96.000	13.000	137.133	625.611	132.445	126.231	129.609	2.869	0.444	-0.061	-0.533
14.000	15.000	14.000	151.432	612.876	133.029	125.963	133.429	4.488	0.260	0.234	0.089	15.000	14.000	156.889	612.876	136.570	126.464	132.789	3.041	-0.417	-0.087	0.175	15.000	14.000	171.850	612.876	136.113	123.654	131.385	8.226	0.379	0.065	-0.195	29.000	14.000	138.579	616.621	134.000	134.000	140.500	0.192	-0.561	0.291	0.145	NaN	NaN	NaN	NaN	NaN	NaN	NaN	NaN	NaN	NaN	NaN	97.000	14.000	135.556	625.203	129.358	126.292	133.714	2.555	-0.314	-0.179	0.265
15.000	16.000	15.000	154.816	612.869	131.182	123.458	133.091	4.607	0.119	0.179	-0.145	16.000	15.000	171.889	612.869	138.419	126.667	137.500	2.957	-0.084	-0.145	0.027	16.000	15.000	170.622	612.869	134.845	122.692	134.545	7.958	-0.268	-0.130	-0.005	30.000	15.000	136.467	613.554	130.167	130.167	161.000	0.393	0.201	7.960E-18	3.980E-18	NaN	NaN	NaN	NaN	NaN	NaN	NaN	NaN	NaN	NaN	NaN	98.000	15.000	189.444	635.013	146.958	131.037	138.118	6.117	3.562	-1.411	-4.179
16.000	17.000	16.000	152.571	611.997	131.098	123.417	136.000	4.810	0.203	0.145	-0.056	17.000	16.000	162.600	611.997	137.353	127.103	146.857	2.727	-0.230	-0.145	0.029	17.000	16.000	169.892	611.997	134.006	121.586	128.118	8.004	0.046	-0.005	0.000	31.000	16.000	132.636	620.148	128.972	128.880	137.882	0.928	0.536	-0.042	-0.466	NaN	NaN	NaN	NaN	NaN	NaN	NaN	NaN	NaN	NaN	NaN	99.000	16.000	134.310	627.999	130.442	125.391	134.167	2.436	-3.681	0.068	2.914
17.000	18.000	17.000	169.348	616.490	139.581	125.917	134.667	5.943	1.133	0.035	-0.883	18.000	17.000	160.763	616.490	137.073	129.800	140.400	2.773	0.046	-0.145	-0.120	18.000	17.000	173.769	616.490	133.872	128.286	134.636	8.069	0.065	-0.061	-0.122	32.000	17.000	137.316	620.920	129.435	127.360	137.933	1.039	0.111	0.121	-0.097	NaN	NaN	NaN	NaN	NaN	NaN	NaN	NaN	NaN	NaN	NaN	100.000	17.000	212.100	637.082	151.570	131.957	135.944	6.121	3.685	-0.083	-3.371
18.000	19.000	18.000	174.326	613.643	140.474	125.560	133.467	6.479	0.536	0.145	-0.345	19.000	18.000	157.806	613.643	136.702	126.964	136.789	2.857	0.084	0.028	-0.060	19.000	18.000	170.765	613.643	133.423	122.615	131.167	7.866	-0.203	-0.065	0.060	33.000	18.000	136.000	619.673	131.786	131.333	137.800	0.525	-0.514	-0.046	0.414	NaN	NaN	NaN	NaN	NaN	NaN	NaN	NaN	NaN	NaN	NaN	101.000	18.000	135.432	624.193	132.318	126.577	136.556	2.704	-3.418	0.389	3.470
19.000	20.000	19.000	187.062	614.456	144.165	120.815	129.562	7.199	0.720	-0.034	-0.669	20.000	19.000	162.667	614.456	139.916	126.143	143.375	2.877	0.019	-0.026	-0.059	20.000	19.000	164.250	614.456	134.164	125.448	130.792	7.441	-0.425	-0.198	0.069	34.000	19.000	136.625	619.294	131.404	131.417	139.000	1.058	0.533	0.007	-0.409	NaN	NaN	NaN	NaN	NaN	NaN	NaN	NaN	NaN	NaN	NaN	102.000	19.000	201.025	633.617	148.330	130.233	139.083	6.457	3.754	0.123	-3.412
20.000	21.000	20.000	190.196	615.167	145.565	125.500	144.000	7.291	0.092	0.034	-0.089	21.000	20.000	172.167	615.167	144.717	134.750	148.100	2.877	0.000	-0.059	0.000	21.000	20.000	162.138	615.167	133.238	124.769	132.600	7.284	-0.157	-0.061	0.069	35.000	20.000	137.047	622.446	133.706	134.208	141.333	0.817	-0.241	0.152	0.325	NaN	NaN	NaN	NaN	NaN	NaN	NaN	NaN	NaN	NaN	NaN	103.000	20.000	212.625	638.946	150.561	127.963	141.125	6.595	0.138	-0.123	-0.144
21.000	22.000	21.000	189.805	610.485	144.323	123.538	129.545	7.302	0.011	0.056	0.009	22.000	21.000	150.815	610.485	141.750	134.781	145.789	1.832	-1.045	0.085	0.894	22.000	21.000	161.750	610.485	134.194	127.308	136.583	7.257	-0.027	-0.132	-0.127	36.000	21.000	137.200	624.120	129.523	122.200	131.846	1.353	0.536	0.465	-0.174	NaN	NaN	NaN	NaN	NaN	NaN	NaN	NaN	NaN	NaN	NaN	104.000	21.000	201.351	634.231	152.723	128.538	141.000	5.922	-0.674	-0.123	0.288
22.000	23.000	22.000	183.978	616.775	140.314	124.192	128.619	7.340	0.038	0.113	0.201	23.000	22.000	166.559	616.775	143.180	134.040	148.143	2.720	0.888	-0.084	-0.640	23.000	22.000	157.897	616.775	133.841	123.679	133.000	7.544	0.287	-0.065	-0.325	37.000	22.000	134.694	630.020	132.818	133.037	141.087	0.702	-0.652	-0.138	0.460	NaN	NaN	NaN	NaN	NaN	NaN	NaN	NaN	NaN	NaN	NaN	105.000	22.000	214.811	635.967	147.250	126.267	135.200	7.824	1.902	1.399	0.000
23.000	24.000	23.000	184.106	619.970	143.675	126.560	135.000	7.248	-0.092	0.000	0.032	24.000	23.000	169.829	619.970	143.777	131.462	152.556	2.823	0.103	-0.061	-0.101	24.000	23.000	152.931	619.970	134.863	122.417	142.750	7.590	0.046	-0.065	-0.128	38.000	23.000	136.268	630.593	130.105	131.684	140.900	0.928	0.227	0.378	0.181	NaN	NaN	NaN	NaN	NaN	NaN	NaN	NaN	NaN	NaN	NaN	106.000	23.000	216.978	631.555	147.040	130.957	136.286	7.689	-0.135	0.021	0.000
24.000	25.000	24.000	156.667	618.090	133.505	122.160	137.000	5.576	-1.672	0.178	1.594	25.000	24.000	172.881	618.090	144.106	130.034	144.846	2.961	0.138	0.000	-0.283	25.000	24.000	165.100	618.090	135.214	122.875	134.500	7.609	0.019	-0.065	-0.064	39.000	24.000	216.724	643.049	153.225	129.280	136.773	5.256	4.328	0.157	-3.706	NaN	NaN	NaN	NaN	NaN	NaN	NaN	NaN	NaN	NaN	NaN	107.000	24.000	133.500	604.070	131.429	130.625	142.909	0.668	-7.021	0.051	5.857
25.000	26.000	25.000	166.769	613.819	137.017	125.407	140.750	5.852	0.276	0.234	-0.034	26.000	25.000	156.758	613.819	143.284	128.571	134.846	2.176	-0.785	0.000	0.566	26.000	25.000	166.926	613.819	138.867	124.966	132.476	7.666	0.057	0.065	-0.066	40.000	25.000	223.143	642.939	154.270	124.783	132.333	5.922	0.666	0.327	-0.266	NaN	NaN	NaN	NaN	NaN	NaN	NaN	NaN	NaN	NaN	NaN	108.000	25.000	135.559	606.722	131.510	130.100	139.167	0.890	0.222	-0.214	-0.413
26.000	27.000	26.000	190.163	615.929	138.784	123.385	129.950	6.471	0.620	0.070	-0.379	27.000	26.000	169.000	615.929	144.512	126.821	134.182	2.869	0.693	0.000	-0.205	27.000	26.000	173.241	615.929	138.353	123.241	130.105	7.850	0.184	0.000	-0.130	41.000	26.000	228.968	642.154	159.489	128.062	133.824	6.101	0.179	0.143	-0.144	NaN	NaN	NaN	NaN	NaN	NaN	NaN	NaN	NaN	NaN	NaN	109.000	26.000	137.735	605.371	131.750	132.474	151.500	0.882	-0.008	0.349	0.378
27.000	28.000	27.000	200.211	613.827	141.573	126.179	132.545	6.333	-0.138	-0.129	-0.113	28.000	27.000	148.172	613.827	139.274	130.179	137.476	1.418	-1.450	0.000	0.897	28.000	27.000	171.276	613.827	137.757	123.828	136.545	7.842	-0.008	0.000	0.000	42.000	27.000	216.903	640.080	160.687	135.415	146.786	6.120	0.019	0.070	0.000	NaN	NaN	NaN	NaN	NaN	NaN	NaN	NaN	NaN	NaN	NaN	110.000	27.000	138.333	603.300	132.289	125.571	139.000	1.602	0.720	0.524	-0.145
28.000	29.000	28.000	203.921	616.621	141.482	125.440	138.500	6.437	0.103	0.000	-0.114	29.000	28.000	172.733	616.621	142.976	129.786	136.941	3.137	1.718	0.060	-1.413	29.000	28.000	180.034	616.621	139.890	125.692	133.786	7.969	0.127	0.000	-0.067	43.000	28.000	215.647	639.493	158.402	133.053	139.462	6.074	-0.046	-0.080	0.062	NaN	NaN	NaN	NaN	NaN	NaN	NaN	NaN	NaN	NaN	NaN	111.000	28.000	135.119	603.563	131.379	127.920	137.909	1.077	-0.525	-1.050	-0.507
29.000	30.000	29.000	191.244	613.554	145.464	127.160	138.727	6.842	0.406	0.089	-0.089	30.000	29.000	138.029	613.554	134.272	127.267	133.350	1.418	-1.718	0.079	1.576	30.000	29.000	201.259	613.554	142.492	127.462	132.850	8.121	0.152	-0.065	-0.330	44.000	29.000	220.853	642.699	158.548	127.714	138.083	6.510	0.436	0.473	-0.019	NaN	NaN	NaN	NaN	NaN	NaN	NaN	NaN	NaN	NaN	NaN	112.000	29.000	144.333	622.077	134.839	130.270	141.684	4.625	3.548	-0.225	-3.370
30.000	31.000	30.000	198.955	620.148	152.381	125.318	145.000	6.961	0.119	-0.032	-0.089	31.000	30.000	151.818	620.148	140.376	127.320	138.455	2.371	0.953	0.205	-0.473	31.000	30.000	210.214	620.148	146.618	132.720	146.111	8.167	0.046	-0.065	-0.065	45.000	30.000	219.147	640.991	157.556	132.344	143.923	6.656	0.146	0.062	-0.125	NaN	NaN	NaN	NaN	NaN	NaN	NaN	NaN	NaN	NaN	NaN	113.000	30.000	143.911	615.632	133.659	123.737	133.000	4.449	-0.176	-0.251	0.000
31.000	32.000	31.000	205.512	620.920	152.059	121.130	132.111	7.072	0.111	-0.056	0.056	32.000	31.000	142.286	620.920	140.636	131.840	149.000	1.751	-0.620	0.144	0.391	32.000	31.000	221.552	620.920	146.827	128.077	139.833	8.305	0.138	-0.002	-0.130	46.000	31.000	214.071	639.135	157.337	129.811	137.538	6.637	-0.019	0.063	0.017	NaN	NaN	NaN	NaN	NaN	NaN	NaN	NaN	NaN	NaN	NaN	114.000	31.000	139.548	616.409	133.480	131.714	137.417	1.556	-2.893	-2.062	0.411
32.000	33.000	32.000	210.744	619.673	153.835	125.375	137.250	7.015	-0.057	-0.113	-0.081	33.000	32.000	140.900	619.673	135.503	124.933	134.550	1.575	-0.176	0.142	0.364	33.000	32.000	218.222	619.673	145.713	121.720	128.529	8.486	0.181	-0.063	-0.063	47.000	32.000	202.963	640.111	158.153	126.875	140.200	6.450	-0.187	0.100	0.249	NaN	NaN	NaN	NaN	NaN	NaN	NaN	NaN	NaN	NaN	NaN	115.000	32.000	130.333	615.413	129.842	129.667	137.083	0.817	-0.739	-0.872	-0.203
33.000	34.000	33.000	216.041	619.294	152.385	121.778	133.750	7.172	0.157	-0.178	-0.010	34.000	33.000	144.576	619.294	142.891	133.120	149.857	1.927	0.352	0.143	-0.205	34.000	33.000	200.148	619.294	147.145	125.583	133.500	8.259	-0.227	0.000	0.062	48.000	33.000	220.286	643.405	160.851	126.692	135.429	6.691	0.241	0.124	-0.143	NaN	NaN	NaN	NaN	NaN	NaN	NaN	NaN	NaN	NaN	NaN	116.000	33.000	141.578	619.261	134.721	130.056	139.500	1.881	1.064	0.106	-0.777
34.000	35.000	34.000	147.200	622.446	131.761	123.692	132.867	4.293	-2.878	-0.058	1.778	35.000	34.000	179.289	622.446	142.985	130.000	144.071	4.051	2.124	0.060	-1.734	35.000	34.000	185.704	622.446	147.687	123.720	132.091	8.137	-0.122	0.065	0.195	49.000	34.000	219.333	643.820	162.048	125.321	134.917	6.691	0.000	0.019	0.081	NaN	NaN	NaN	NaN	NaN	NaN	NaN	NaN	NaN	NaN	NaN	117.000	34.000	136.194	616.134	137.182	137.400	158.000	0.479	-1.403	0.116	0.116
35.000	36.000	35.000	149.586	624.120	133.528	123.444	132.214	4.202	-0.092	-0.088	-0.030	36.000	35.000	171.692	624.120	141.823	132.033	142.235	4.013	-0.038	0.145	0.118	36.000	35.000	218.778	624.120	148.563	119.920	125.684	8.462	0.325	0.000	-0.325	50.000	35.000	220.300	643.138	158.250	122.200	130.632	6.599	-0.092	0.000	0.124	NaN	NaN	NaN	NaN	NaN	NaN	NaN	NaN	NaN	NaN	NaN	118.000	35.000	133.704	614.356	132.000	131.300	140.750	0.460	-0.018	0.046	-0.092
36.000	37.000	36.000	205.550	630.020	148.878	127.600	136.250	5.121	0.919	-0.196	-0.952	37.000	36.000	175.179	630.020	147.695	131.040	153.625	4.208	0.195	0.204	0.000	37.000	36.000	220.222	630.020	153.006	124.481	133.250	8.584	0.122	0.000	-0.130	51.000	36.000	214.939	642.242	157.596	120.500	130.348	6.626	0.027	0.125	0.081	NaN	NaN	NaN	NaN	NaN	NaN	NaN	NaN	NaN	NaN	NaN	119.000	36.000	141.800	618.847	135.341	133.481	145.000	0.817	0.357	0.068	-0.256
37.000	38.000	37.000	197.333	630.593	148.533	128.357	134.455	4.899	-0.222	-0.234	-0.053	38.000	37.000	170.595	630.593	143.493	131.586	140.611	4.292	0.084	0.036	0.024	38.000	37.000	237.276	630.593	153.344	125.480	130.526	8.814	0.230	0.068	-0.133	52.000	37.000	211.250	639.109	157.668	123.406	128.286	6.534	-0.092	0.081	0.124	NaN	NaN	NaN	NaN	NaN	NaN	NaN	NaN	NaN	NaN	NaN	120.000	37.000	140.963	617.007	129.902	125.450	133.357	1.112	0.295	0.370	0.041
38.000	39.000	38.000	203.833	643.049	148.591	125.966	135.167	5.037	0.138	-0.197	-0.287	39.000	38.000	169.826	643.049	144.214	129.040	138.933	4.579	0.287	0.145	-0.085	39.000	38.000	222.393	643.049	149.199	126.000	132.444	8.749	-0.065	-0.003	0.065	53.000	38.000	208.097	639.473	161.260	125.000	131.765	6.886	0.352	0.187	-0.125	NaN	NaN	NaN	NaN	NaN	NaN	NaN	NaN	NaN	NaN	NaN	121.000	38.000	141.379	619.106	134.953	131.500	146.000	0.772	-0.341	-0.361	-0.036
39.000	40.000	39.000	222.581	642.939	153.309	124.357	131.263	4.972	-0.065	-0.197	-0.251	40.000	39.000	172.600	642.939	142.719	133.440	146.091	4.552	-0.027	0.205	0.145	40.000	39.000	220.357	642.939	149.010	124.696	134.417	8.416	-0.333	-0.061	0.255	54.000	39.000	223.567	642.562	166.804	128.406	137.500	6.985	0.100	0.143	0.018	NaN	NaN	NaN	NaN	NaN	NaN	NaN	NaN	NaN	NaN	NaN	NaN	NaN	NaN	NaN	NaN	NaN	NaN	NaN	NaN	NaN	NaN
40.000	41.000	40.000	216.029	642.154	155.508	123.400	133.538	5.056	0.084	-0.090	-0.144	41.000	40.000	173.400	642.154	140.078	119.346	133.875	4.939	0.387	0.181	-0.145	41.000	40.000	215.889	642.154	148.668	121.462	127.412	8.546	0.130	0.065	-0.061	55.000	40.000	234.333	641.434	163.279	128.667	137.375	7.069	0.084	0.000	-0.081	NaN	NaN	NaN	NaN	NaN	NaN	NaN	NaN	NaN	NaN	NaN	NaN	NaN	NaN	NaN	NaN	NaN	NaN	NaN	NaN	NaN	NaN
41.000	42.000	41.000	211.594	640.080	155.190	125.929	135.444	4.945	-0.111	-0.090	-0.054	42.000	41.000	177.125	640.080	144.465	123.917	136.455	5.318	0.379	0.197	-0.145	42.000	41.000	192.815	640.080	145.987	120.583	129.200	8.026	-0.520	-0.068	0.457	56.000	41.000	215.571	644.412	160.233	129.677	138.150	6.893	-0.176	0.082	0.309	NaN	NaN	NaN	NaN	NaN	NaN	NaN	NaN	NaN	NaN	NaN	NaN	NaN	NaN	NaN	NaN	NaN	NaN	NaN	NaN	NaN	NaN
42.000	43.000	42.000	215.618	639.493	157.519	126.207	145.000	4.926	-0.019	-0.106	-0.038	43.000	42.000	174.794	639.493	143.386	121.182	129.583	5.345	0.027	0.325	0.205	43.000	42.000	215.966	639.493	147.623	120.905	137.000	8.148	0.122	0.000	-0.198	57.000	42.000	216.455	647.463	157.199	122.000	133.867	7.077	0.184	0.206	0.019	NaN	NaN	NaN	NaN	NaN	NaN	NaN	NaN	NaN	NaN	NaN	NaN	NaN	NaN	NaN	NaN	NaN	NaN	NaN	NaN	NaN	NaN
43.000	44.000	43.000	219.848	642.699	160.381	125.071	132.611	4.926	0.000	-0.126	-0.054	44.000	43.000	173.650	642.699	140.554	124.591	129.706	5.697	0.352	0.205	-0.060	44.000	43.000	203.448	642.699	150.098	125.679	136.000	8.118	-0.030	0.000	0.130	58.000	43.000	213.179	646.740	155.335	127.400	141.667	7.134	0.057	-0.019	-0.143	NaN	NaN	NaN	NaN	NaN	NaN	NaN	NaN	NaN	NaN	NaN	NaN	NaN	NaN	NaN	NaN	NaN	NaN	NaN	NaN	NaN	NaN
44.000	45.000	44.000	213.676	640.991	165.477	127.714	134.682	4.861	-0.065	-0.106	-0.038	45.000	44.000	175.559	640.991	141.377	127.391	134.286	5.842	0.146	0.257	0.060	45.000	44.000	194.037	640.991	145.332	123.556	130.846	7.777	-0.341	0.000	0.260	59.000	44.000	214.833	645.839	157.455	126.250	145.222	7.245	0.111	0.143	0.081	NaN	NaN	NaN	NaN	NaN	NaN	NaN	NaN	NaN	NaN	NaN	NaN	NaN	NaN	NaN	NaN	NaN	NaN	NaN	NaN	NaN	NaN
45.000	46.000	45.000	210.436	639.135	169.563	136.852	158.765	4.631	-0.230	-0.052	0.143	46.000	45.000	184.804	639.135	139.680	124.000	129.950	6.435	0.593	0.060	-0.325	46.000	45.000	187.000	639.135	142.444	121.885	131.833	7.682	-0.095	0.004	0.130	60.000	45.000	201.233	648.324	154.008	129.719	136.522	7.180	-0.065	0.081	0.143	NaN	NaN	NaN	NaN	NaN	NaN	NaN	NaN	NaN	NaN	NaN	NaN	NaN	NaN	NaN	NaN	NaN	NaN	NaN	NaN	NaN	NaN
46.000	47.000	46.000	203.881	640.111	165.125	131.846	143.917	4.677	0.046	0.157	0.157	47.000	46.000	178.149	640.111	138.105	122.783	131.062	6.714	0.279	0.266	-0.037	47.000	46.000	208.800	640.111	147.582	125.615	133.056	7.877	0.195	-0.003	-0.195	61.000	46.000	208.969	650.020	153.505	127.867	137.278	7.421	0.241	0.081	-0.106	NaN	NaN	NaN	NaN	NaN	NaN	NaN	NaN	NaN	NaN	NaN	NaN	NaN	NaN	NaN	NaN	NaN	NaN	NaN	NaN	NaN	NaN
47.000	48.000	47.000	208.049	643.405	169.802	128.625	144.545	4.907	0.230	0.182	-0.091	48.000	47.000	181.457	643.405	135.931	120.000	126.188	6.963	0.249	0.265	0.036	48.000	47.000	207.862	643.405	146.248	121.852	127.056	7.942	0.065	0.065	0.000	62.000	47.000	200.400	650.294	150.165	124.133	134.467	7.283	-0.138	0.143	0.268	NaN	NaN	NaN	NaN	NaN	NaN	NaN	NaN	NaN	NaN	NaN	NaN	NaN	NaN	NaN	NaN	NaN	NaN	NaN	NaN	NaN	NaN
48.000	49.000	48.000	202.419	643.820	164.091	131.750	138.500	4.842	-0.065	0.091	0.143	49.000	48.000	172.927	643.820	133.930	121.600	129.545	6.955	-0.008	0.145	0.107	49.000	48.000	212.138	643.820	144.127	126.615	135.071	8.072	0.130	0.068	-0.062	63.000	48.000	187.407	648.133	148.855	128.926	136.500	7.081	-0.203	0.062	0.205	NaN	NaN	NaN	NaN	NaN	NaN	NaN	NaN	NaN	NaN	NaN	NaN	NaN	NaN	NaN	NaN	NaN	NaN	NaN	NaN	NaN	NaN
49.000	50.000	49.000	210.814	643.138	162.516	129.407	136.810	4.915	0.073	0.103	0.012	50.000	49.000	176.711	643.138	136.958	126.636	132.438	7.223	0.268	0.205	-0.024	50.000	49.000	216.607	643.138	145.859	125.519	143.571	7.991	-0.081	-0.068	-0.065	64.000	49.000	180.361	648.967	147.805	129.677	137.875	7.088	0.008	0.143	0.205	NaN	NaN	NaN	NaN	NaN	NaN	NaN	NaN	NaN	NaN	NaN	NaN	NaN	NaN	NaN	NaN	NaN	NaN	NaN	NaN	NaN	NaN
50.000	51.000	50.000	201.500	642.242	159.636	128.625	137.286	4.823	-0.092	0.132	0.183	51.000	50.000	176.310	642.242	137.279	123.870	136.375	7.399	0.176	0.182	-0.061	51.000	50.000	208.167	642.242	147.640	124.360	131.941	8.029	0.038	-0.062	-0.127	65.000	50.000	173.500	649.309	144.655	126.267	135.588	7.016	-0.073	0.062	0.143	NaN	NaN	NaN	NaN	NaN	NaN	NaN	NaN	NaN	NaN	NaN	NaN	NaN	NaN	NaN	NaN	NaN	NaN	NaN	NaN	NaN	NaN
51.000	52.000	51.000	209.149	639.109	163.424	122.630	135.929	5.072	0.249	0.195	0.091	52.000	51.000	179.333	639.109	136.742	122.375	130.000	7.705	0.306	0.145	0.000	52.000	51.000	190.000	639.109	147.970	126.750	134.200	7.991	-0.038	0.000	0.067	66.000	51.000	164.512	645.065	140.912	124.788	132.389	6.472	-0.544	0.029	0.536	NaN	NaN	NaN	NaN	NaN	NaN	NaN	NaN	NaN	NaN	NaN	NaN	NaN	NaN	NaN	NaN	NaN	NaN	NaN	NaN	NaN	NaN
52.000	53.000	52.000	202.951	639.473	159.740	129.714	139.500	5.098	0.027	0.040	-0.091	53.000	52.000	179.844	639.473	135.365	124.091	147.250	7.686	-0.019	0.084	0.023	53.000	52.000	209.000	639.473	149.766	127.250	158.000	8.270	0.279	-0.002	-0.260	67.000	52.000	167.054	642.881	140.446	122.690	132.556	7.000	0.528	0.046	-0.490	NaN	NaN	NaN	NaN	NaN	NaN	NaN	NaN	NaN	NaN	NaN	NaN	NaN	NaN	NaN	NaN	NaN	NaN	NaN	NaN	NaN	NaN
53.000	54.000	53.000	212.047	642.562	159.014	128.458	135.929	5.209	0.111	0.131	0.040	54.000	53.000	177.000	642.562	134.409	124.625	129.722	7.556	-0.130	0.061	0.182	54.000	53.000	211.321	642.562	148.223	123.893	132.833	8.362	0.092	0.000	-0.065	68.000	53.000	166.583	646.861	145.047	129.321	140.267	7.176	0.176	0.252	0.079	NaN	NaN	NaN	NaN	NaN	NaN	NaN	NaN	NaN	NaN	NaN	NaN	NaN	NaN	NaN	NaN	NaN	NaN	NaN	NaN	NaN	NaN
54.000	55.000	54.000	213.048	641.434	154.926	122.143	130.111	5.374	0.165	0.142	-0.091	55.000	54.000	179.261	641.434	134.962	123.231	131.615	7.759	0.203	0.061	-0.061	55.000	54.000	189.407	641.434	150.103	126.519	140.000	8.194	-0.168	-0.065	0.130	69.000	54.000	180.595	648.999	147.260	126.233	135.526	7.647	0.471	0.035	-0.285	NaN	NaN	NaN	NaN	NaN	NaN	NaN	NaN	NaN	NaN	NaN	NaN	NaN	NaN	NaN	NaN	NaN	NaN	NaN	NaN	NaN	NaN
55.000	56.000	55.000	215.106	644.412	155.582	124.500	129.368	5.439	0.065	0.091	0.142	56.000	55.000	175.581	644.412	133.753	121.864	128.000	7.759	0.000	0.145	0.061	56.000	55.000	221.889	644.412	151.949	130.444	141.300	8.205	0.011	0.002	-0.065	70.000	55.000	161.697	641.732	140.200	126.357	134.368	6.212	-1.435	0.080	1.311	NaN	NaN	NaN	NaN	NaN	NaN	NaN	NaN	NaN	NaN	NaN	NaN	NaN	NaN	NaN	NaN	NaN	NaN	NaN	NaN	NaN	NaN
56.000	57.000	56.000	215.841	647.463	157.145	128.304	135.714	5.550	0.111	0.183	0.091	57.000	56.000	173.341	647.463	136.606	126.524	131.706	7.916	0.157	0.145	0.000	57.000	56.000	214.963	647.463	148.792	126.962	136.000	8.359	0.154	0.000	-0.065	71.000	56.000	151.667	640.447	132.860	122.833	129.000	5.822	-0.390	0.098	0.616	NaN	NaN	NaN	NaN	NaN	NaN	NaN	NaN	NaN	NaN	NaN	NaN	NaN	NaN	NaN	NaN	NaN	NaN	NaN	NaN	NaN	NaN
57.000	58.000	57.000	213.829	646.740	154.264	119.926	127.250	5.715	0.165	0.195	-0.052	58.000	57.000	175.450	646.740	135.957	124.227	133.462	8.046	0.130	0.182	0.061	58.000	57.000	196.556	646.740	147.189	123.192	135.333	8.305	-0.054	0.063	0.063	72.000	57.000	134.561	631.435	130.409	120.714	130.706	4.268	-1.553	0.122	1.562	NaN	NaN	NaN	NaN	NaN	NaN	NaN	NaN	NaN	NaN	NaN	NaN	NaN	NaN	NaN	NaN	NaN	NaN	NaN	NaN	NaN	NaN
58.000	59.000	58.000	220.532	645.839	154.800	124.583	132.857	5.956	0.241	0.040	-0.091	59.000	58.000	174.955	645.839	134.635	125.200	131.080	8.230	0.184	0.084	-0.061	59.000	58.000	228.429	645.839	151.949	124.517	136.357	8.638	0.333	0.000	-0.258	73.000	58.000	139.289	631.927	131.575	119.889	132.500	4.915	0.647	0.185	-0.370	NaN	NaN	NaN	NaN	NaN	NaN	NaN	NaN	NaN	NaN	NaN	NaN	NaN	NaN	NaN	NaN	NaN	NaN	NaN	NaN	NaN	NaN
59.000	60.000	59.000	230.217	648.324	153.993	124.000	133.429	5.937	-0.019	0.104	0.091	60.000	59.000	175.821	648.324	135.965	126.522	136.000	8.268	0.038	0.145	0.023	60.000	59.000	246.000	648.324	153.780	125.333	135.833	8.844	0.206	-0.063	-0.195	74.000	59.000	135.717	630.601	130.349	124.615	139.333	4.980	0.065	-0.101	-0.061	NaN	NaN	NaN	NaN	NaN	NaN	NaN	NaN	NaN	NaN	NaN	NaN	NaN	NaN	NaN	NaN	NaN	NaN	NaN	NaN	NaN	NaN
60.000	61.000	60.000	226.200	650.020	154.207	123.708	133.375	5.975	0.038	0.040	0.000	61.000	60.000	177.000	650.020	134.339	122.696	132.000	8.490	0.222	0.145	-0.084	61.000	60.000	255.575	650.020	153.063	126.520	136.417	9.074	0.230	0.065	-0.065	75.000	60.000	130.150	628.513	127.155	124.833	130.056	3.343	-1.638	-0.845	0.714	NaN	NaN	NaN	NaN	NaN	NaN	NaN	NaN	NaN	NaN	NaN	NaN	NaN	NaN	NaN	NaN	NaN	NaN	NaN	NaN	NaN	NaN
61.000	62.000	61.000	208.700	650.294	151.303	125.826	137.500	5.772	-0.203	0.091	0.273	62.000	61.000	180.914	650.294	134.574	120.455	127.000	8.849	0.360	0.289	0.000	62.000	61.000	228.074	650.294	151.473	124.040	137.375	8.749	-0.325	0.130	0.257	76.000	61.000	128.633	625.302	126.675	125.800	133.778	0.707	-2.636	-1.545	0.469	NaN	NaN	NaN	NaN	NaN	NaN	NaN	NaN	NaN	NaN	NaN	NaN	NaN	NaN	NaN	NaN	NaN	NaN	NaN	NaN	NaN	NaN
62.000	63.000	62.000	194.419	648.133	151.988	129.409	140.727	5.753	-0.019	0.142	0.153	63.000	62.000	180.542	648.133	134.168	123.400	128.545	9.331	0.482	0.266	-0.122	63.000	62.000	181.815	648.133	150.432	126.640	136.800	8.156	-0.593	0.065	0.584	77.000	62.000	128.902	604.730	NaN	NaN	NaN	NaN	NaN	0.000	0.000	NaN	NaN	NaN	NaN	NaN	NaN	NaN	NaN	NaN	NaN	NaN	NaN	NaN	NaN	NaN	NaN	NaN	NaN	NaN	NaN	NaN	NaN
63.000	64.000	63.000	188.050	648.967	150.134	126.083	137.250	5.696	-0.057	0.041	0.050	64.000	63.000	189.064	648.967	135.270	120.381	125.200	9.469	0.138	0.145	0.061	64.000	63.000	182.074	648.967	150.193	125.190	133.250	8.516	0.360	0.130	-0.130	78.000	63.000	126.853	607.905	128.286	130.833	133.200	0.452	0.452	0.000	0.000	NaN	NaN	NaN	NaN	NaN	NaN	NaN	NaN	NaN	NaN	NaN	NaN	NaN	NaN	NaN	NaN	NaN	NaN	NaN	NaN	NaN	NaN
64.000	65.000	64.000	179.933	649.309	145.193	125.292	133.909	5.558	-0.138	0.042	0.183	65.000	64.000	178.805	649.309	132.519	119.227	124.786	9.580	0.111	0.289	0.106	65.000	64.000	212.593	649.309	153.159	121.619	128.143	9.025	0.509	0.130	-0.323	NaN	NaN	NaN	NaN	NaN	NaN	NaN	NaN	NaN	NaN	NaN	NaN	NaN	NaN	NaN	NaN	NaN	NaN	NaN	NaN	NaN	NaN	NaN	NaN	NaN	NaN	NaN	NaN	NaN	NaN	NaN	NaN	NaN
65.000	66.000	65.000	178.163	645.065	145.386	120.630	127.300	5.244	-0.314	-0.183	0.141	66.000	65.000	189.089	645.065	133.385	122.286	128.615	9.756	0.176	0.000	-0.145	66.000	65.000	191.259	645.065	152.465	121.545	130.750	9.006	-0.019	0.000	0.127	NaN	NaN	NaN	NaN	NaN	NaN	NaN	NaN	NaN	NaN	NaN	NaN	NaN	NaN	NaN	NaN	NaN	NaN	NaN	NaN	NaN	NaN	NaN	NaN	NaN	NaN	NaN	NaN	NaN	NaN	NaN	NaN	NaN
66.000	67.000	66.000	178.111	642.881	146.101	122.583	137.444	5.209	-0.035	-0.223	-0.142	67.000	66.000	185.378	642.881	133.885	124.208	132.071	10.005	0.249	0.229	0.037	67.000	66.000	219.741	642.881	157.845	121.708	129.571	9.530	0.525	0.133	-0.195	NaN	NaN	NaN	NaN	NaN	NaN	NaN	NaN	NaN	NaN	NaN	NaN	NaN	NaN	NaN	NaN	NaN	NaN	NaN	NaN	NaN	NaN	NaN	NaN	NaN	NaN	NaN	NaN	NaN	NaN	NaN	NaN	NaN
67.000	68.000	67.000	186.178	646.861	149.718	122.520	131.000	5.171	-0.038	0.000	0.000	68.000	67.000	187.521	646.861	134.238	126.350	130.667	10.338	0.333	0.205	-0.061	68.000	67.000	193.571	646.861	156.593	122.080	129.286	9.641	0.111	0.065	0.062	NaN	NaN	NaN	NaN	NaN	NaN	NaN	NaN	NaN	NaN	NaN	NaN	NaN	NaN	NaN	NaN	NaN	NaN	NaN	NaN	NaN	NaN	NaN	NaN	NaN	NaN	NaN	NaN	NaN	NaN	NaN	NaN	NaN
68.000	69.000	68.000	193.556	648.999	148.287	127.778	135.750	5.217	0.046	-0.142	-0.183	69.000	68.000	190.222	648.999	133.737	124.550	127.938	10.503	0.165	0.229	0.000	69.000	68.000	202.143	648.999	162.170	121.520	126.800	9.690	0.049	0.130	-0.065	NaN	NaN	NaN	NaN	NaN	NaN	NaN	NaN	NaN	NaN	NaN	NaN	NaN	NaN	NaN	NaN	NaN	NaN	NaN	NaN	NaN	NaN	NaN	NaN	NaN	NaN	NaN	NaN	NaN	NaN	NaN	NaN	NaN
69.000	70.000	69.000	182.225	641.732	146.658	126.320	141.727	5.060	-0.157	-0.091	0.040	70.000	69.000	190.293	641.732	131.537	120.550	128.214	10.706	0.203	0.289	0.084	70.000	69.000	211.000	641.732	163.231	120.522	127.000	9.874	0.184	0.199	-0.069	NaN	NaN	NaN	NaN	NaN	NaN	NaN	NaN	NaN	NaN	NaN	NaN	NaN	NaN	NaN	NaN	NaN	NaN	NaN	NaN	NaN	NaN	NaN	NaN	NaN	NaN	NaN	NaN	NaN	NaN	NaN	NaN	NaN
70.000	71.000	70.000	179.385	640.447	143.611	119.667	129.056	4.739	-0.322	-0.091	0.233	71.000	70.000	182.394	640.447	132.625	122.364	133.100	10.706	0.000	0.145	0.060	71.000	70.000	235.700	640.447	168.411	122.320	127.235	10.210	0.336	0.130	-0.130	NaN	NaN	NaN	NaN	NaN	NaN	NaN	NaN	NaN	NaN	NaN	NaN	NaN	NaN	NaN	NaN	NaN	NaN	NaN	NaN	NaN	NaN	NaN	NaN	NaN	NaN	NaN	NaN	NaN	NaN	NaN	NaN	NaN
71.000	72.000	71.000	174.158	631.435	145.724	129.222	135.524	4.387	-0.352	-0.092	0.149	72.000	71.000	179.361	631.435	132.372	119.292	127.583	11.084	0.379	0.290	0.000	72.000	71.000	212.963	631.435	138.275	127.000	137.300	7.690	-2.521	-0.065	2.122	NaN	NaN	NaN	NaN	NaN	NaN	NaN	NaN	NaN	NaN	NaN	NaN	NaN	NaN	NaN	NaN	NaN	NaN	NaN	NaN	NaN	NaN	NaN	NaN	NaN	NaN	NaN	NaN	NaN	NaN	NaN	NaN	NaN
72.000	73.000	72.000	164.857	631.927	143.094	133.609	142.583	3.927	-0.460	-0.232	0.327	73.000	72.000	191.404	631.927	133.559	123.333	127.125	11.620	0.536	0.205	-0.169	73.000	72.000	205.286	631.927	140.412	121.739	128.533	7.931	0.241	0.194	-0.071	NaN	NaN	NaN	NaN	NaN	NaN	NaN	NaN	NaN	NaN	NaN	NaN	NaN	NaN	NaN	NaN	NaN	NaN	NaN	NaN	NaN	NaN	NaN	NaN	NaN	NaN	NaN	NaN	NaN	NaN	NaN	NaN	NaN
73.000	74.000	73.000	166.765	630.601	141.745	122.960	128.909	3.973	0.046	-0.092	-0.045	74.000	73.000	200.417	630.601	132.982	119.045	126.250	11.850	0.230	0.110	-0.145	74.000	73.000	198.852	630.601	139.707	122.115	128.267	8.088	0.157	0.000	-0.123	NaN	NaN	NaN	NaN	NaN	NaN	NaN	NaN	NaN	NaN	NaN	NaN	NaN	NaN	NaN	NaN	NaN	NaN	NaN	NaN	NaN	NaN	NaN	NaN	NaN	NaN	NaN	NaN	NaN	NaN	NaN	NaN	NaN
74.000	75.000	74.000	169.395	628.513	140.203	126.654	133.211	3.567	-0.406	-0.092	0.075	75.000	74.000	182.429	628.513	132.038	123.348	127.875	11.785	-0.065	0.145	0.145	75.000	74.000	196.926	628.513	141.392	126.857	143.700	7.996	-0.092	-0.135	-0.065	NaN	NaN	NaN	NaN	NaN	NaN	NaN	NaN	NaN	NaN	NaN	NaN	NaN	NaN	NaN	NaN	NaN	NaN	NaN	NaN	NaN	NaN	NaN	NaN	NaN	NaN	NaN	NaN	NaN	NaN	NaN	NaN	NaN
75.000	76.000	75.000	167.140	625.302	140.699	129.889	138.947	3.383	-0.184	-0.140	0.096	76.000	75.000	194.204	625.302	135.493	121.474	127.300	12.072	0.287	0.120	-0.060	76.000	75.000	203.069	625.302	141.347	129.536	135.619	8.134	0.138	-0.194	-0.265	NaN	NaN	NaN	NaN	NaN	NaN	NaN	NaN	NaN	NaN	NaN	NaN	NaN	NaN	NaN	NaN	NaN	NaN	NaN	NaN	NaN	NaN	NaN	NaN	NaN	NaN	NaN	NaN	NaN	NaN	NaN	NaN	NaN
76.000	77.000	76.000	167.900	604.730	137.137	125.320	137.222	3.265	-0.119	-0.092	-0.049	77.000	76.000	134.438	604.730	127.638	124.333	128.533	5.907	-6.165	0.024	5.527	77.000	76.000	208.250	604.730	143.573	131.926	138.000	8.088	-0.046	-0.200	-0.200	NaN	NaN	NaN	NaN	NaN	NaN	NaN	NaN	NaN	NaN	NaN	NaN	NaN	NaN	NaN	NaN	NaN	NaN	NaN	NaN	NaN	NaN	NaN	NaN	NaN	NaN	NaN	NaN	NaN	NaN	NaN	NaN	NaN
77.000	78.000	77.000	167.425	607.905	138.752	124.536	131.200	3.181	-0.084	-0.092	0.048	78.000	77.000	132.455	607.905	128.247	127.000	132.929	6.202	0.295	0.110	-0.145	78.000	77.000	197.852	607.905	144.808	131.000	140.526	7.931	-0.157	-0.253	-0.058	NaN	NaN	NaN	NaN	NaN	NaN	NaN	NaN	NaN	NaN	NaN	NaN	NaN	NaN	NaN	NaN	NaN	NaN	NaN	NaN	NaN	NaN	NaN	NaN	NaN	NaN	NaN	NaN	NaN	NaN	NaN	NaN	NaN
78.000	79.000	78.000	168.581	607.820	139.828	127.407	136.938	3.292	0.111	-0.092	-0.184	79.000	78.000	136.030	607.820	127.485	121.950	128.778	5.934	-0.268	0.060	0.290	79.000	78.000	215.407	607.820	146.541	130.357	140.706	7.801	-0.130	-0.129	-0.065	NaN	NaN	NaN	NaN	NaN	NaN	NaN	NaN	NaN	NaN	NaN	NaN	NaN	NaN	NaN	NaN	NaN	NaN	NaN	NaN	NaN	NaN	NaN	NaN	NaN	NaN	NaN	NaN	NaN	NaN	NaN	NaN	NaN
79.000	80.000	79.000	173.520	623.621	141.670	127.769	147.556	3.330	0.038	-0.184	-0.136	80.000	79.000	178.154	623.621	136.547	119.667	128.200	12.310	6.375	0.197	-5.590	80.000	79.000	222.481	623.621	149.350	129.143	148.636	7.644	-0.157	-0.200	-0.065	NaN	NaN	NaN	NaN	NaN	NaN	NaN	NaN	NaN	NaN	NaN	NaN	NaN	NaN	NaN	NaN	NaN	NaN	NaN	NaN	NaN	NaN	NaN	NaN	NaN	NaN	NaN	NaN	NaN	NaN	NaN	NaN	NaN
80.000	81.000	80.000	172.590	625.538	143.479	134.074	152.625	3.192	-0.138	-0.091	-0.019	81.000	80.000	174.417	625.538	136.135	125.762	136.429	12.318	0.008	0.086	0.060	81.000	80.000	208.778	625.538	145.595	134.448	147.625	7.143	-0.501	-0.130	0.394	NaN	NaN	NaN	NaN	NaN	NaN	NaN	NaN	NaN	NaN	NaN	NaN	NaN	NaN	NaN	NaN	NaN	NaN	NaN	NaN	NaN	NaN	NaN	NaN	NaN	NaN	NaN	NaN	NaN	NaN	NaN	NaN	NaN
81.000	82.000	81.000	170.382	629.077	142.981	129.828	139.118	3.016	-0.176	-0.100	-0.050	82.000	81.000	189.271	629.077	137.216	122.667	131.667	12.918	0.601	0.258	-0.205	82.000	81.000	199.643	629.077	147.984	136.355	148.818	7.021	-0.122	-0.065	0.058	NaN	NaN	NaN	NaN	NaN	NaN	NaN	NaN	NaN	NaN	NaN	NaN	NaN	NaN	NaN	NaN	NaN	NaN	NaN	NaN	NaN	NaN	NaN	NaN	NaN	NaN	NaN	NaN	NaN	NaN	NaN	NaN	NaN
82.000	83.000	82.000	169.162	627.872	142.211	130.258	143.083	2.932	-0.084	0.000	0.097	83.000	82.000	179.719	627.872	135.505	123.095	153.000	12.528	-0.390	0.059	0.290	83.000	82.000	197.296	627.872	147.735	132.300	142.211	6.956	-0.065	-0.065	0.006	NaN	NaN	NaN	NaN	NaN	NaN	NaN	NaN	NaN	NaN	NaN	NaN	NaN	NaN	NaN	NaN	NaN	NaN	NaN	NaN	NaN	NaN	NaN	NaN	NaN	NaN	NaN	NaN	NaN	NaN	NaN	NaN	NaN
83.000	84.000	83.000	164.122	629.601	140.766	130.103	141.562	3.081	0.149	-0.047	-0.045	84.000	83.000	176.421	629.601	135.210	127.542	134.050	12.658	0.130	0.059	-0.027	84.000	83.000	205.630	629.601	150.375	130.276	148.125	7.048	0.092	0.000	-0.071	NaN	NaN	NaN	NaN	NaN	NaN	NaN	NaN	NaN	NaN	NaN	NaN	NaN	NaN	NaN	NaN	NaN	NaN	NaN	NaN	NaN	NaN	NaN	NaN	NaN	NaN	NaN	NaN	NaN	NaN	NaN	NaN	NaN
84.000	85.000	84.000	163.795	627.339	142.062	128.923	149.667	3.035	-0.046	-0.043	-0.048	85.000	84.000	184.556	627.339	135.576	127.167	131.304	12.631	-0.027	-0.086	0.059	85.000	84.000	219.679	627.339	151.323	132.552	140.211	7.270	0.222	0.065	-0.136	NaN	NaN	NaN	NaN	NaN	NaN	NaN	NaN	NaN	NaN	NaN	NaN	NaN	NaN	NaN	NaN	NaN	NaN	NaN	NaN	NaN	NaN	NaN	NaN	NaN	NaN	NaN	NaN	NaN	NaN	NaN	NaN	NaN
85.000	86.000	85.000	167.568	629.094	141.025	128.296	134.789	2.886	-0.149	0.000	0.048	86.000	85.000	179.804	629.094	134.730	132.320	151.500	12.413	-0.219	-0.195	0.050	86.000	85.000	220.750	629.094	152.850	122.692	130.538	7.430	0.160	0.194	-0.059	NaN	NaN	NaN	NaN	NaN	NaN	NaN	NaN	NaN	NaN	NaN	NaN	NaN	NaN	NaN	NaN	NaN	NaN	NaN	NaN	NaN	NaN	NaN	NaN	NaN	NaN	NaN	NaN	NaN	NaN	NaN	NaN	NaN
86.000	87.000	86.000	167.103	628.696	143.637	124.704	142.182	2.913	0.027	0.000	-0.045	87.000	86.000	188.277	628.696	135.783	125.000	132.312	12.321	-0.092	-0.145	-0.085	87.000	86.000	227.536	628.696	152.159	123.080	128.706	7.644	0.214	0.065	-0.129	NaN	NaN	NaN	NaN	NaN	NaN	NaN	NaN	NaN	NaN	NaN	NaN	NaN	NaN	NaN	NaN	NaN	NaN	NaN	NaN	NaN	NaN	NaN	NaN	NaN	NaN	NaN	NaN	NaN	NaN	NaN	NaN	NaN
87.000	88.000	87.000	169.775	627.337	144.698	129.130	139.000	2.978	0.065	-0.045	-0.047	88.000	87.000	176.581	627.337	133.547	129.375	139.364	11.728	-0.593	-0.145	0.205	88.000	87.000	242.633	627.337	157.023	123.957	133.714	8.080	0.436	0.194	-0.189	NaN	NaN	NaN	NaN	NaN	NaN	NaN	NaN	NaN	NaN	NaN	NaN	NaN	NaN	NaN	NaN	NaN	NaN	NaN	NaN	NaN	NaN	NaN	NaN	NaN	NaN	NaN	NaN	NaN	NaN	NaN	NaN	NaN
88.000	89.000	88.000	171.795	633.961	144.776	126.696	132.333	3.154	0.176	0.000	-0.185	89.000	88.000	186.255	633.961	137.287	130.379	139.467	12.034	0.306	-0.049	-0.145	89.000	88.000	266.833	633.961	157.942	127.955	135.636	8.310	0.230	0.065	-0.130	NaN	NaN	NaN	NaN	NaN	NaN	NaN	NaN	NaN	NaN	NaN	NaN	NaN	NaN	NaN	NaN	NaN	NaN	NaN	NaN	NaN	NaN	NaN	NaN	NaN	NaN	NaN	NaN	NaN	NaN	NaN	NaN	NaN
89.000	90.000	89.000	180.108	632.708	144.081	125.565	136.778	3.429	0.276	0.092	-0.231	90.000	89.000	182.641	632.708	134.590	132.846	139.190	11.471	-0.563	-0.145	0.350	90.000	89.000	266.812	632.708	154.093	122.214	130.846	8.283	-0.027	-0.065	-0.065	NaN	NaN	NaN	NaN	NaN	NaN	NaN	NaN	NaN	NaN	NaN	NaN	NaN	NaN	NaN	NaN	NaN	NaN	NaN	NaN	NaN	NaN	NaN	NaN	NaN	NaN	NaN	NaN	NaN	NaN	NaN	NaN	NaN
90.000	91.000	90.000	169.688	631.168	143.380	126.083	130.818	3.227	-0.203	0.000	0.136	91.000	90.000	174.881	631.168	135.783	130.036	139.062	11.211	-0.260	-0.169	0.060	91.000	90.000	208.667	631.168	152.373	128.524	134.462	7.709	-0.574	-0.130	0.394	NaN	NaN	NaN	NaN	NaN	NaN	NaN	NaN	NaN	NaN	NaN	NaN	NaN	NaN	NaN	NaN	NaN	NaN	NaN	NaN	NaN	NaN	NaN	NaN	NaN	NaN	NaN	NaN	NaN	NaN	NaN	NaN	NaN
91.000	92.000	91.000	184.162	627.986	146.108	130.478	142.100	3.337	0.111	-0.092	-0.090	92.000	91.000	173.739	627.986	135.880	138.467	154.462	11.065	-0.146	-0.145	0.060	92.000	91.000	272.700	627.986	156.991	125.862	135.214	8.015	0.306	-0.194	-0.459	NaN	NaN	NaN	NaN	NaN	NaN	NaN	NaN	NaN	NaN	NaN	NaN	NaN	NaN	NaN	NaN	NaN	NaN	NaN	NaN	NaN	NaN	NaN	NaN	NaN	NaN	NaN	NaN	NaN	NaN	NaN	NaN	NaN
92.000	93.000	92.000	181.846	630.837	143.556	127.917	136.818	3.318	-0.019	0.000	0.000	93.000	92.000	175.366	630.837	136.829	131.964	142.222	10.935	-0.130	-0.060	-0.036	93.000	92.000	230.778	630.837	155.108	128.393	137.000	7.625	-0.390	-0.130	0.264	NaN	NaN	NaN	NaN	NaN	NaN	NaN	NaN	NaN	NaN	NaN	NaN	NaN	NaN	NaN	NaN	NaN	NaN	NaN	NaN	NaN	NaN	NaN	NaN	NaN	NaN	NaN	NaN	NaN	NaN	NaN	NaN	NaN
93.000	94.000	93.000	182.220	624.863	145.106	128.083	136.667	3.311	-0.008	-0.092	-0.002	94.000	93.000	181.951	624.863	136.858	131.667	142.474	10.916	-0.019	-0.120	-0.085	94.000	93.000	236.963	624.863	156.250	132.148	141.400	7.606	-0.019	-0.004	0.000	NaN	NaN	NaN	NaN	NaN	NaN	NaN	NaN	NaN	NaN	NaN	NaN	NaN	NaN	NaN	NaN	NaN	NaN	NaN	NaN	NaN	NaN	NaN	NaN	NaN	NaN	NaN	NaN	NaN	NaN	NaN	NaN	NaN
94.000	95.000	94.000	174.977	624.900	143.404	129.261	139.500	3.027	-0.284	-0.184	0.184	95.000	94.000	186.512	624.900	139.889	140.345	152.789	10.981	0.065	-0.145	-0.205	95.000	94.000	218.630	624.900	155.901	132.192	139.765	7.422	-0.184	-0.060	0.065	NaN	NaN	NaN	NaN	NaN	NaN	NaN	NaN	NaN	NaN	NaN	NaN	NaN	NaN	NaN	NaN	NaN	NaN	NaN	NaN	NaN	NaN	NaN	NaN	NaN	NaN	NaN	NaN	NaN	NaN	NaN	NaN	NaN
95.000	96.000	95.000	164.421	625.611	143.263	126.926	138.231	2.181	-0.846	-0.290	0.338	96.000	95.000	192.979	625.611	141.168	137.500	155.214	11.130	0.149	-0.145	-0.205	96.000	95.000	208.741	625.611	150.320	127.172	132.208	7.460	0.038	0.000	-0.065	NaN	NaN	NaN	NaN	NaN	NaN	NaN	NaN	NaN	NaN	NaN	NaN	NaN	NaN	NaN	NaN	NaN	NaN	NaN	NaN	NaN	NaN	NaN	NaN	NaN	NaN	NaN	NaN	NaN	NaN	NaN	NaN	NaN
96.000	97.000	96.000	160.889	625.203	141.649	129.714	136.909	1.886	-0.295	-0.234	0.031	97.000	96.000	181.952	625.203	140.445	134.241	152.333	10.836	-0.295	-0.229	-0.037	97.000	96.000	203.963	625.203	151.709	126.720	141.500	7.479	0.019	-0.134	-0.130	NaN	NaN	NaN	NaN	NaN	NaN	NaN	NaN	NaN	NaN	NaN	NaN	NaN	NaN	NaN	NaN	NaN	NaN	NaN	NaN	NaN	NaN	NaN	NaN	NaN	NaN	NaN	NaN	NaN	NaN	NaN	NaN	NaN
97.000	98.000	97.000	188.000	635.013	NaN	NaN	NaN	NaN	NaN	0.000	0.000	98.000	97.000	178.359	635.013	139.335	132.583	145.154	10.706	-0.130	-0.060	-0.024	98.000	97.000	201.643	635.013	152.384	119.476	130.000	7.996	0.517	0.329	-0.135	NaN	NaN	NaN	NaN	NaN	NaN	NaN	NaN	NaN	NaN	NaN	NaN	NaN	NaN	NaN	NaN	NaN	NaN	NaN	NaN	NaN	NaN	NaN	NaN	NaN	NaN	NaN	NaN	NaN	NaN	NaN	NaN	NaN
98.000	99.000	98.000	162.545	627.999	145.683	136.923	150.692	0.863	0.863	0.000	0.000	99.000	98.000	179.095	627.999	139.081	128.000	134.895	10.798	0.092	0.000	-0.085	99.000	98.000	244.241	627.999	157.129	127.741	133.667	8.692	0.696	0.200	-0.454	NaN	NaN	NaN	NaN	NaN	NaN	NaN	NaN	NaN	NaN	NaN	NaN	NaN	NaN	NaN	NaN	NaN	NaN	NaN	NaN	NaN	NaN	NaN	NaN	NaN	NaN	NaN	NaN	NaN	NaN	NaN	NaN	NaN
99.000	NaN	NaN	NaN	NaN	NaN	NaN	NaN	NaN	NaN	NaN	NaN	100.000	99.000	188.833	637.082	140.088	126.238	135.333	11.157	0.360	0.110	-0.145	100.000	99.000	236.714	637.082	154.571	125.800	132.917	9.128	0.436	0.324	-0.130	NaN	NaN	NaN	NaN	NaN	NaN	NaN	NaN	NaN	NaN	NaN	NaN	NaN	NaN	NaN	NaN	NaN	NaN	NaN	NaN	NaN	NaN	NaN	NaN	NaN	NaN	NaN	NaN	NaN	NaN	NaN	NaN	NaN
100.000	NaN	NaN	NaN	NaN	NaN	NaN	NaN	NaN	NaN	NaN	NaN	101.000	100.000	177.881	624.193	140.093	125.091	131.385	11.203	0.046	0.230	0.170	101.000	100.000	235.111	624.193	151.731	122.167	126.824	9.430	0.303	0.135	-0.065	NaN	NaN	NaN	NaN	NaN	NaN	NaN	NaN	NaN	NaN	NaN	NaN	NaN	NaN	NaN	NaN	NaN	NaN	NaN	NaN	NaN	NaN	NaN	NaN	NaN	NaN	NaN	NaN	NaN	NaN	NaN	NaN	NaN
101.000	NaN	NaN	NaN	NaN	NaN	NaN	NaN	NaN	NaN	NaN	NaN	102.000	101.000	180.114	633.617	139.289	128.167	134.188	11.406	0.203	0.145	0.000	102.000	101.000	246.037	633.617	154.740	122.217	134.700	9.870	0.439	0.389	-0.130	NaN	NaN	NaN	NaN	NaN	NaN	NaN	NaN	NaN	NaN	NaN	NaN	NaN	NaN	NaN	NaN	NaN	NaN	NaN	NaN	NaN	NaN	NaN	NaN	NaN	NaN	NaN	NaN	NaN	NaN	NaN	NaN	NaN
102.000	NaN	NaN	NaN	NaN	NaN	NaN	NaN	NaN	NaN	NaN	NaN	103.000	102.000	182.489	638.946	138.034	127.550	138.875	11.720	0.314	0.230	-0.025	103.000	102.000	242.552	638.946	152.082	125.524	132.455	10.287	0.417	0.259	-0.135	NaN	NaN	NaN	NaN	NaN	NaN	NaN	NaN	NaN	NaN	NaN	NaN	NaN	NaN	NaN	NaN	NaN	NaN	NaN	NaN	NaN	NaN	NaN	NaN	NaN	NaN	NaN	NaN	NaN	NaN	NaN	NaN	NaN
103.000	NaN	NaN	NaN	NaN	NaN	NaN	NaN	NaN	NaN	NaN	NaN	104.000	103.000	188.341	634.231	137.746	126.381	134.250	11.877	0.157	0.205	0.025	104.000	103.000	255.400	634.231	151.683	125.636	138.857	10.615	0.328	0.195	-0.190	NaN	NaN	NaN	NaN	NaN	NaN	NaN	NaN	NaN	NaN	NaN	NaN	NaN	NaN	NaN	NaN	NaN	NaN	NaN	NaN	NaN	NaN	NaN	NaN	NaN	NaN	NaN	NaN	NaN	NaN	NaN	NaN	NaN
104.000	NaN	NaN	NaN	NaN	NaN	NaN	NaN	NaN	NaN	NaN	NaN	105.000	104.000	186.229	635.967	137.002	125.050	130.067	12.172	0.295	0.230	-0.085	105.000	104.000	252.704	635.967	153.336	124.818	129.667	10.856	0.241	0.255	0.000	NaN	NaN	NaN	NaN	NaN	NaN	NaN	NaN	NaN	NaN	NaN	NaN	NaN	NaN	NaN	NaN	NaN	NaN	NaN	NaN	NaN	NaN	NaN	NaN	NaN	NaN	NaN	NaN	NaN	NaN	NaN	NaN	NaN
105.000	NaN	NaN	NaN	NaN	NaN	NaN	NaN	NaN	NaN	NaN	NaN	106.000	105.000	183.234	631.555	139.257	124.900	168.000	12.356	0.184	0.230	0.085	106.000	105.000	255.586	631.555	151.503	121.273	131.600	11.254	0.398	0.195	-0.134	NaN	NaN	NaN	NaN	NaN	NaN	NaN	NaN	NaN	NaN	NaN	NaN	NaN	NaN	NaN	NaN	NaN	NaN	NaN	NaN	NaN	NaN	NaN	NaN	NaN	NaN	NaN	NaN	NaN	NaN	NaN	NaN	NaN
106.000	NaN	NaN	NaN	NaN	NaN	NaN	NaN	NaN	NaN	NaN	NaN	107.000	106.000	140.419	604.070	135.379	125.700	134.500	5.563	-6.792	-0.436	5.683	107.000	106.000	222.852	604.070	148.340	125.091	128.400	11.151	-0.103	0.260	0.393	NaN	NaN	NaN	NaN	NaN	NaN	NaN	NaN	NaN	NaN	NaN	NaN	NaN	NaN	NaN	NaN	NaN	NaN	NaN	NaN	NaN	NaN	NaN	NaN	NaN	NaN	NaN	NaN	NaN	NaN	NaN	NaN	NaN
107.000	NaN	NaN	NaN	NaN	NaN	NaN	NaN	NaN	NaN	NaN	NaN	108.000	107.000	142.107	606.722	132.566	125.238	128.500	6.930	1.366	0.990	-0.317	108.000	107.000	235.414	606.722	149.113	129.120	135.357	11.338	0.187	0.203	-0.061	NaN	NaN	NaN	NaN	NaN	NaN	NaN	NaN	NaN	NaN	NaN	NaN	NaN	NaN	NaN	NaN	NaN	NaN	NaN	NaN	NaN	NaN	NaN	NaN	NaN	NaN	NaN	NaN	NaN	NaN	NaN	NaN	NaN
108.000	NaN	NaN	NaN	NaN	NaN	NaN	NaN	NaN	NaN	NaN	NaN	109.000	108.000	144.467	605.371	133.529	122.944	129.583	6.681	-0.249	0.205	0.461	109.000	108.000	240.897	605.371	146.880	123.680	134.000	11.533	0.195	0.130	-0.065	NaN	NaN	NaN	NaN	NaN	NaN	NaN	NaN	NaN	NaN	NaN	NaN	NaN	NaN	NaN	NaN	NaN	NaN	NaN	NaN	NaN	NaN	NaN	NaN	NaN	NaN	NaN	NaN	NaN	NaN	NaN	NaN	NaN
109.000	NaN	NaN	NaN	NaN	NaN	NaN	NaN	NaN	NaN	NaN	NaN	110.000	109.000	143.844	603.300	133.755	123.947	133.900	7.087	0.406	0.172	-0.205	110.000	109.000	229.037	603.300	144.971	125.150	137.167	11.384	-0.149	-0.065	0.134	NaN	NaN	NaN	NaN	NaN	NaN	NaN	NaN	NaN	NaN	NaN	NaN	NaN	NaN	NaN	NaN	NaN	NaN	NaN	NaN	NaN	NaN	NaN	NaN	NaN	NaN	NaN	NaN	NaN	NaN	NaN	NaN	NaN
110.000	NaN	NaN	NaN	NaN	NaN	NaN	NaN	NaN	NaN	NaN	NaN	111.000	110.000	142.667	603.563	132.233	120.286	132.167	7.595	0.509	0.000	-0.469	111.000	110.000	227.393	603.563	144.868	122.826	131.643	11.552	0.168	0.065	-0.130	NaN	NaN	NaN	NaN	NaN	NaN	NaN	NaN	NaN	NaN	NaN	NaN	NaN	NaN	NaN	NaN	NaN	NaN	NaN	NaN	NaN	NaN	NaN	NaN	NaN	NaN	NaN	NaN	NaN	NaN	NaN	NaN	NaN
111.000	NaN	NaN	NaN	NaN	NaN	NaN	NaN	NaN	NaN	NaN	NaN	112.000	111.000	188.255	622.077	136.328	120.294	124.750	13.971	6.375	0.376	-5.326	112.000	111.000	218.143	622.077	144.068	129.048	134.667	11.571	0.019	0.065	0.000	NaN	NaN	NaN	NaN	NaN	NaN	NaN	NaN	NaN	NaN	NaN	NaN	NaN	NaN	NaN	NaN	NaN	NaN	NaN	NaN	NaN	NaN	NaN	NaN	NaN	NaN	NaN	NaN	NaN	NaN	NaN	NaN	NaN
112.000	NaN	NaN	NaN	NaN	NaN	NaN	NaN	NaN	NaN	NaN	NaN	113.000	112.000	177.257	615.632	134.653	123.176	131.800	13.240	-0.731	-0.376	0.178	113.000	112.000	232.346	615.632	143.714	129.833	133.773	11.827	0.257	-0.065	-0.195	NaN	NaN	NaN	NaN	NaN	NaN	NaN	NaN	NaN	NaN	NaN	NaN	NaN	NaN	NaN	NaN	NaN	NaN	NaN	NaN	NaN	NaN	NaN	NaN	NaN	NaN	NaN	NaN	NaN	NaN	NaN	NaN	NaN
113.000	NaN	NaN	NaN	NaN	NaN	NaN	NaN	NaN	NaN	NaN	NaN	114.000	113.000	190.792	616.409	136.841	125.353	130.769	14.063	0.823	0.435	-0.179	114.000	113.000	226.345	616.409	143.638	129.040	140.167	11.655	-0.173	-0.065	-0.004	NaN	NaN	NaN	NaN	NaN	NaN	NaN	NaN	NaN	NaN	NaN	NaN	NaN	NaN	NaN	NaN	NaN	NaN	NaN	NaN	NaN	NaN	NaN	NaN	NaN	NaN	NaN	NaN	NaN	NaN	NaN	NaN	NaN
114.000	NaN	NaN	NaN	NaN	NaN	NaN	NaN	NaN	NaN	NaN	NaN	115.000	114.000	181.568	615.413	137.317	124.176	131.500	12.788	-1.274	-1.016	0.033	115.000	114.000	225.250	615.413	142.052	125.273	133.083	11.736	0.081	-0.065	-0.065	NaN	NaN	NaN	NaN	NaN	NaN	NaN	NaN	NaN	NaN	NaN	NaN	NaN	NaN	NaN	NaN	NaN	NaN	NaN	NaN	NaN	NaN	NaN	NaN	NaN	NaN	NaN	NaN	NaN	NaN	NaN	NaN	NaN
115.000	NaN	NaN	NaN	NaN	NaN	NaN	NaN	NaN	NaN	NaN	NaN	116.000	115.000	177.818	619.261	138.661	125.062	132.600	12.704	-0.084	0.000	0.086	116.000	115.000	206.036	619.261	138.317	123.800	131.636	11.770	0.035	0.260	0.263	NaN	NaN	NaN	NaN	NaN	NaN	NaN	NaN	NaN	NaN	NaN	NaN	NaN	NaN	NaN	NaN	NaN	NaN	NaN	NaN	NaN	NaN	NaN	NaN	NaN	NaN	NaN	NaN	NaN	NaN	NaN	NaN	NaN
116.000	NaN	NaN	NaN	NaN	NaN	NaN	NaN	NaN	NaN	NaN	NaN	117.000	116.000	173.484	616.134	138.300	127.389	135.333	12.547	-0.157	0.000	0.059	117.000	116.000	219.394	616.134	139.181	129.850	138.818	11.938	0.168	0.065	-0.126	NaN	NaN	NaN	NaN	NaN	NaN	NaN	NaN	NaN	NaN	NaN	NaN	NaN	NaN	NaN	NaN	NaN	NaN	NaN	NaN	NaN	NaN	NaN	NaN	NaN	NaN	NaN	NaN	NaN	NaN	NaN	NaN	NaN
117.000	NaN	NaN	NaN	NaN	NaN	NaN	NaN	NaN	NaN	NaN	NaN	118.000	117.000	177.607	614.356	138.545	119.762	128.333	12.574	0.027	0.086	0.086	118.000	117.000	213.893	614.356	138.089	125.158	134.500	12.042	0.103	0.195	0.065	NaN	NaN	NaN	NaN	NaN	NaN	NaN	NaN	NaN	NaN	NaN	NaN	NaN	NaN	NaN	NaN	NaN	NaN	NaN	NaN	NaN	NaN	NaN	NaN	NaN	NaN	NaN	NaN	NaN	NaN	NaN	NaN	NaN
118.000	NaN	NaN	NaN	NaN	NaN	NaN	NaN	NaN	NaN	NaN	NaN	119.000	118.000	176.074	618.847	139.524	124.682	139.875	12.593	0.019	0.060	0.000	119.000	118.000	230.628	618.847	140.726	124.333	130.667	12.669	0.628	0.133	-0.192	NaN	NaN	NaN	NaN	NaN	NaN	NaN	NaN	NaN	NaN	NaN	NaN	NaN	NaN	NaN	NaN	NaN	NaN	NaN	NaN	NaN	NaN	NaN	NaN	NaN	NaN	NaN	NaN	NaN	NaN	NaN	NaN	NaN
119.000	NaN	NaN	NaN	NaN	NaN	NaN	NaN	NaN	NaN	NaN	NaN	120.000	119.000	176.485	617.007	138.778	120.714	126.143	12.796	0.203	0.000	-0.086	120.000	119.000	224.421	617.007	139.845	124.636	134.889	12.661	-0.008	0.134	0.061	NaN	NaN	NaN	NaN	NaN	NaN	NaN	NaN	NaN	NaN	NaN	NaN	NaN	NaN	NaN	NaN	NaN	NaN	NaN	NaN	NaN	NaN	NaN	NaN	NaN	NaN	NaN	NaN	NaN	NaN	NaN	NaN	NaN
120.000	NaN	NaN	NaN	NaN	NaN	NaN	NaN	NaN	NaN	NaN	NaN	121.000	120.000	176.552	619.106	138.761	125.059	131.167	12.639	-0.157	0.000	0.000	121.000	120.000	215.897	619.106	139.036	119.762	128.889	12.504	-0.157	-0.003	0.003	NaN	NaN	NaN	NaN	NaN	NaN	NaN	NaN	NaN	NaN	NaN	NaN	NaN	NaN	NaN	NaN	NaN	NaN	NaN	NaN	NaN	NaN	NaN	NaN	NaN	NaN	NaN	NaN	NaN	NaN	NaN	NaN	NaN
