 	T (0)	Base X (0)	Base Y (0)	Tip X (0)	Tip Y (0)	||[body,base]|| (0)	||[base,tip]||  (0)	||[base,tip]|| : [body,base] (0)	[base,tip] ? [body,base] (0)	?||[base,tip]|| : [body,base] (0)	||[tip(t-1),tip(t)]|| : [base,tip] (0)	||[base(t-1),base(t)]|| : [base,tip] (0)	T (1)	Base X (1)	Base Y (1)	Tip X (1)	Tip Y (1)	||[body,base]|| (1)	||[base,tip]||  (1)	||[base,tip]|| : [body,base] (1)	[base,tip] ? [body,base] (1)	?||[base,tip]|| : [body,base] (1)	||[tip(t-1),tip(t)]|| : [base,tip] (1)	||[base(t-1),base(t)]|| : [base,tip] (1)	T (2)	Base X (2)	Base Y (2)	Tip X (2)	Tip Y (2)	||[body,base]|| (2)	||[base,tip]||  (2)	||[base,tip]|| : [body,base] (2)	[base,tip] ? [body,base] (2)	?||[base,tip]|| : [body,base] (2)	||[tip(t-1),tip(t)]|| : [base,tip] (2)	||[base(t-1),base(t)]|| : [base,tip] (2)	T (3)	Base X (3)	Base Y (3)	Tip X (3)	Tip Y (3)	||[body,base]|| (3)	||[base,tip]||  (3)	||[base,tip]|| : [body,base] (3)	[base,tip] ? [body,base] (3)	?||[base,tip]|| : [body,base] (3)	||[tip(t-1),tip(t)]|| : [base,tip] (3)	||[base(t-1),base(t)]|| : [base,tip] (3)	T (4)	Base X (4)	Base Y (4)	Tip X (4)	Tip Y (4)	||[body,base]|| (4)	||[base,tip]||  (4)	||[base,tip]|| : [body,base] (4)	[base,tip] ? [body,base] (4)	?||[base,tip]|| : [body,base] (4)	||[tip(t-1),tip(t)]|| : [base,tip] (4)	||[base(t-1),base(t)]|| : [base,tip] (4)	T (5)	Base X (5)	Base Y (5)	Tip X (5)	Tip Y (5)	||[body,base]|| (5)	||[base,tip]||  (5)	||[base,tip]|| : [body,base] (5)	[base,tip] ? [body,base] (5)	?||[base,tip]|| : [body,base] (5)	||[tip(t-1),tip(t)]|| : [base,tip] (5)	||[base(t-1),base(t)]|| : [base,tip] (5)
1	-20.000	NaN	NaN	NaN	NaN	NaN	NaN	NaN	NaN	NaN	NaN	NaN	NaN	NaN	NaN	NaN	NaN	NaN	NaN	NaN	NaN	NaN	NaN	NaN	NaN	NaN	NaN	NaN	NaN	NaN	NaN	NaN	NaN	NaN	NaN	NaN	NaN	NaN	NaN	NaN	NaN	NaN	NaN	NaN	NaN	NaN	NaN	NaN	56.000	663.000	207.000	NaN	NaN	NaN	NaN	NaN	NaN	NaN	NaN	NaN	62.000	661.000	207.000	NaN	NaN	NaN	NaN	NaN	NaN	NaN	NaN	NaN
2	-19.000	NaN	NaN	NaN	NaN	NaN	NaN	NaN	NaN	NaN	NaN	NaN	NaN	NaN	NaN	NaN	NaN	NaN	NaN	NaN	NaN	NaN	NaN	NaN	NaN	NaN	NaN	NaN	NaN	NaN	NaN	NaN	NaN	NaN	NaN	NaN	NaN	NaN	NaN	NaN	NaN	NaN	NaN	NaN	NaN	NaN	NaN	NaN	57.000	663.000	207.000	NaN	NaN	NaN	NaN	NaN	NaN	NaN	NaN	NaN	63.000	661.000	207.000	NaN	NaN	NaN	NaN	NaN	NaN	NaN	NaN	NaN
3	-18.000	NaN	NaN	NaN	NaN	NaN	NaN	NaN	NaN	NaN	NaN	NaN	NaN	NaN	NaN	NaN	NaN	NaN	NaN	NaN	NaN	NaN	NaN	NaN	NaN	NaN	NaN	NaN	NaN	NaN	NaN	NaN	NaN	NaN	NaN	NaN	NaN	NaN	NaN	NaN	NaN	NaN	NaN	NaN	NaN	NaN	NaN	NaN	58.000	663.000	207.000	NaN	NaN	NaN	NaN	NaN	NaN	NaN	NaN	NaN	64.000	649.000	188.000	NaN	NaN	NaN	NaN	NaN	NaN	NaN	NaN	NaN
4	-17.000	NaN	NaN	NaN	NaN	NaN	NaN	NaN	NaN	NaN	NaN	NaN	NaN	NaN	NaN	NaN	NaN	NaN	NaN	NaN	NaN	NaN	NaN	NaN	NaN	NaN	NaN	NaN	NaN	NaN	NaN	NaN	NaN	NaN	NaN	NaN	NaN	NaN	NaN	NaN	NaN	NaN	NaN	NaN	NaN	NaN	NaN	NaN	59.000	663.000	207.000	NaN	NaN	NaN	NaN	NaN	NaN	NaN	NaN	NaN	65.000	658.000	186.000	NaN	NaN	NaN	NaN	NaN	NaN	NaN	NaN	NaN
5	-16.000	NaN	NaN	NaN	NaN	NaN	NaN	NaN	NaN	NaN	NaN	NaN	NaN	NaN	NaN	NaN	NaN	NaN	NaN	NaN	NaN	NaN	NaN	NaN	NaN	NaN	NaN	NaN	NaN	NaN	NaN	NaN	NaN	NaN	NaN	NaN	NaN	NaN	NaN	NaN	NaN	NaN	NaN	NaN	NaN	NaN	NaN	NaN	60.000	661.000	207.000	NaN	NaN	NaN	NaN	NaN	NaN	NaN	NaN	NaN	66.000	650.000	188.000	NaN	NaN	NaN	NaN	NaN	NaN	NaN	NaN	NaN
6	-15.000	NaN	NaN	NaN	NaN	NaN	NaN	NaN	NaN	NaN	NaN	NaN	NaN	NaN	NaN	NaN	NaN	NaN	NaN	NaN	NaN	NaN	NaN	NaN	NaN	NaN	NaN	NaN	NaN	NaN	NaN	NaN	NaN	NaN	NaN	NaN	NaN	NaN	NaN	NaN	NaN	NaN	NaN	NaN	NaN	NaN	NaN	NaN	61.000	660.000	207.000	NaN	NaN	NaN	NaN	NaN	NaN	NaN	NaN	NaN	67.000	651.000	188.000	NaN	NaN	NaN	NaN	NaN	NaN	NaN	NaN	NaN
7	-14.000	NaN	NaN	NaN	NaN	NaN	NaN	NaN	NaN	NaN	NaN	NaN	NaN	NaN	NaN	NaN	NaN	NaN	NaN	NaN	NaN	NaN	NaN	NaN	NaN	NaN	NaN	NaN	NaN	NaN	NaN	NaN	NaN	NaN	NaN	NaN	0.000	673.000	196.000	NaN	NaN	NaN	NaN	NaN	NaN	NaN	NaN	NaN	62.000	661.000	207.000	NaN	NaN	NaN	NaN	NaN	NaN	NaN	NaN	NaN	68.000	648.000	190.000	NaN	NaN	NaN	NaN	NaN	NaN	NaN	NaN	NaN
8	-13.000	NaN	NaN	NaN	NaN	NaN	NaN	NaN	NaN	NaN	NaN	NaN	NaN	NaN	NaN	NaN	NaN	NaN	NaN	NaN	NaN	NaN	NaN	NaN	NaN	NaN	NaN	NaN	NaN	NaN	NaN	NaN	NaN	NaN	NaN	NaN	1.000	664.000	187.000	NaN	NaN	NaN	NaN	NaN	NaN	NaN	NaN	NaN	63.000	661.000	207.000	NaN	NaN	NaN	NaN	NaN	NaN	NaN	NaN	NaN	69.000	665.000	183.000	NaN	NaN	NaN	NaN	NaN	NaN	NaN	NaN	NaN
9	-12.000	NaN	NaN	NaN	NaN	NaN	NaN	NaN	NaN	NaN	NaN	NaN	NaN	NaN	NaN	NaN	NaN	NaN	NaN	NaN	NaN	NaN	NaN	NaN	NaN	NaN	NaN	NaN	NaN	NaN	NaN	NaN	NaN	NaN	NaN	NaN	2.000	665.000	187.000	NaN	NaN	NaN	NaN	NaN	NaN	NaN	NaN	NaN	64.000	662.000	206.000	NaN	NaN	NaN	NaN	NaN	NaN	NaN	NaN	NaN	70.000	676.000	180.000	NaN	NaN	NaN	NaN	NaN	NaN	NaN	NaN	NaN
10	-11.000	NaN	NaN	NaN	NaN	NaN	NaN	NaN	NaN	NaN	NaN	NaN	NaN	NaN	NaN	NaN	NaN	NaN	NaN	NaN	NaN	NaN	NaN	NaN	NaN	NaN	NaN	NaN	NaN	NaN	NaN	NaN	NaN	NaN	NaN	NaN	3.000	662.000	187.000	NaN	NaN	NaN	NaN	NaN	NaN	NaN	NaN	NaN	65.000	658.000	186.000	NaN	NaN	NaN	NaN	NaN	NaN	NaN	NaN	NaN	71.000	679.000	177.000	NaN	NaN	NaN	NaN	NaN	NaN	NaN	NaN	NaN
11	-10.000	NaN	NaN	NaN	NaN	NaN	NaN	NaN	NaN	NaN	NaN	NaN	NaN	NaN	NaN	NaN	NaN	NaN	NaN	NaN	NaN	NaN	NaN	NaN	NaN	NaN	NaN	NaN	NaN	NaN	NaN	NaN	NaN	NaN	NaN	NaN	4.000	662.000	187.000	NaN	NaN	NaN	NaN	NaN	NaN	NaN	NaN	NaN	66.000	661.000	207.000	NaN	NaN	NaN	NaN	NaN	NaN	NaN	NaN	NaN	72.000	678.000	178.000	NaN	NaN	NaN	NaN	NaN	NaN	NaN	NaN	NaN
12	-9.000	NaN	NaN	NaN	NaN	NaN	NaN	NaN	NaN	NaN	NaN	NaN	NaN	NaN	NaN	NaN	NaN	NaN	NaN	NaN	NaN	NaN	NaN	NaN	NaN	NaN	NaN	NaN	NaN	NaN	NaN	NaN	NaN	NaN	NaN	NaN	5.000	659.000	187.000	NaN	NaN	NaN	NaN	NaN	NaN	NaN	NaN	NaN	67.000	660.000	207.000	NaN	NaN	NaN	NaN	NaN	NaN	NaN	NaN	NaN	73.000	677.000	178.000	NaN	NaN	NaN	NaN	NaN	NaN	NaN	NaN	NaN
13	-8.000	NaN	NaN	NaN	NaN	NaN	NaN	NaN	NaN	NaN	NaN	NaN	NaN	NaN	NaN	NaN	NaN	NaN	NaN	NaN	NaN	NaN	NaN	NaN	NaN	NaN	NaN	NaN	NaN	NaN	NaN	NaN	NaN	NaN	NaN	NaN	6.000	661.000	187.000	NaN	NaN	NaN	NaN	NaN	NaN	NaN	NaN	NaN	68.000	660.000	207.000	NaN	NaN	NaN	NaN	NaN	NaN	NaN	NaN	NaN	74.000	677.000	178.000	NaN	NaN	NaN	NaN	NaN	NaN	NaN	NaN	NaN
14	-7.000	NaN	NaN	NaN	NaN	NaN	NaN	NaN	NaN	NaN	NaN	NaN	NaN	NaN	NaN	NaN	NaN	NaN	NaN	NaN	NaN	NaN	NaN	NaN	NaN	NaN	NaN	NaN	NaN	NaN	NaN	NaN	NaN	NaN	NaN	NaN	7.000	660.000	187.000	NaN	NaN	NaN	NaN	NaN	NaN	NaN	NaN	NaN	69.000	665.000	183.000	NaN	NaN	NaN	NaN	NaN	NaN	NaN	NaN	NaN	75.000	678.000	178.000	NaN	NaN	NaN	NaN	NaN	NaN	NaN	NaN	NaN
15	-6.000	NaN	NaN	NaN	NaN	NaN	NaN	NaN	NaN	NaN	NaN	NaN	NaN	NaN	NaN	NaN	NaN	NaN	NaN	NaN	NaN	NaN	NaN	NaN	NaN	NaN	NaN	NaN	NaN	NaN	NaN	NaN	NaN	NaN	NaN	NaN	8.000	667.000	206.000	NaN	NaN	NaN	NaN	NaN	NaN	NaN	NaN	NaN	70.000	676.000	180.000	NaN	NaN	NaN	NaN	NaN	NaN	NaN	NaN	NaN	76.000	679.000	178.000	NaN	NaN	NaN	NaN	NaN	NaN	NaN	NaN	NaN
16	-5.000	NaN	NaN	NaN	NaN	NaN	NaN	NaN	NaN	NaN	NaN	NaN	NaN	NaN	NaN	NaN	NaN	NaN	NaN	NaN	NaN	NaN	NaN	NaN	NaN	NaN	NaN	NaN	NaN	NaN	NaN	NaN	NaN	NaN	NaN	NaN	9.000	656.000	188.000	NaN	NaN	NaN	NaN	NaN	NaN	NaN	NaN	NaN	71.000	699.000	173.000	NaN	NaN	NaN	NaN	NaN	NaN	NaN	NaN	NaN	77.000	678.000	179.000	NaN	NaN	NaN	NaN	NaN	NaN	NaN	NaN	NaN
17	-4.000	NaN	NaN	NaN	NaN	NaN	NaN	NaN	NaN	NaN	NaN	NaN	NaN	NaN	NaN	NaN	NaN	NaN	NaN	NaN	NaN	NaN	NaN	NaN	NaN	NaN	NaN	NaN	NaN	NaN	NaN	NaN	NaN	NaN	NaN	NaN	10.000	656.000	189.000	NaN	NaN	NaN	NaN	NaN	NaN	NaN	NaN	NaN	72.000	694.000	175.000	NaN	NaN	NaN	NaN	NaN	NaN	NaN	NaN	NaN	78.000	679.000	178.000	NaN	NaN	NaN	NaN	NaN	NaN	NaN	NaN	NaN
18	-3.000	NaN	NaN	NaN	NaN	NaN	NaN	NaN	NaN	NaN	NaN	NaN	NaN	NaN	NaN	NaN	NaN	NaN	NaN	NaN	NaN	NaN	NaN	NaN	NaN	NaN	NaN	NaN	NaN	NaN	NaN	NaN	NaN	NaN	NaN	NaN	11.000	659.000	190.000	NaN	NaN	NaN	NaN	NaN	NaN	NaN	NaN	NaN	73.000	693.000	175.000	NaN	NaN	NaN	NaN	NaN	NaN	NaN	NaN	NaN	79.000	678.000	179.000	NaN	NaN	NaN	NaN	NaN	NaN	NaN	NaN	NaN
19	-2.000	NaN	NaN	NaN	NaN	NaN	NaN	NaN	NaN	NaN	NaN	NaN	NaN	NaN	NaN	NaN	NaN	NaN	NaN	NaN	NaN	NaN	NaN	NaN	NaN	NaN	NaN	NaN	NaN	NaN	NaN	NaN	NaN	NaN	NaN	NaN	12.000	668.000	187.000	NaN	NaN	NaN	NaN	NaN	NaN	NaN	NaN	NaN	74.000	703.000	173.000	NaN	NaN	NaN	NaN	NaN	NaN	NaN	NaN	NaN	80.000	679.000	178.000	NaN	NaN	NaN	NaN	NaN	NaN	NaN	NaN	NaN
20	-1.000	NaN	NaN	NaN	NaN	NaN	NaN	NaN	NaN	NaN	NaN	NaN	NaN	NaN	NaN	NaN	NaN	NaN	NaN	NaN	NaN	NaN	NaN	NaN	NaN	NaN	NaN	NaN	NaN	NaN	NaN	NaN	NaN	NaN	NaN	NaN	13.000	674.000	187.000	NaN	NaN	NaN	NaN	NaN	NaN	NaN	NaN	NaN	75.000	710.000	172.000	NaN	NaN	NaN	NaN	NaN	NaN	NaN	NaN	NaN	81.000	673.000	181.000	NaN	NaN	NaN	NaN	NaN	NaN	NaN	NaN	NaN
21	0.000	39.780	13.390	43.095	11.115	18.327	4.021	3.903	71.525	NaN	NaN	NaN	0.000	44.005	13.260	45.500	12.805	22.370	1.563	1.563	34.958	NaN	NaN	NaN	0.000	45.110	16.445	52.130	15.860	22.743	7.044	7.029	159.857	NaN	NaN	NaN	14.000	44.070	12.480	44.265	12.415	22.836	0.206	0.206	4.694	0.206	NaN	NaN	76.000	47.840	11.375	48.880	10.920	25.118	1.135	1.130	28.388	1.130	NaN	NaN	82.000	44.460	12.025	45.175	11.765	23.372	0.761	0.761	17.779	0.761	NaN	NaN
22	1.000	39.780	13.390	43.290	10.985	18.327	4.255	4.131	75.708	0.228	0.234	NaN	1.000	43.810	13.390	45.695	12.740	22.146	1.994	1.993	44.126	0.430	0.206	-0.227	1.000	45.175	16.445	52.195	15.860	22.807	7.044	7.029	160.313	1.962E-4	0.065	0.065	15.000	44.070	12.350	44.330	12.220	22.899	0.291	0.288	6.599	0.083	0.145	0.058	77.000	47.710	11.505	48.230	11.180	25.036	0.613	0.595	14.906	-0.535	-0.689	-0.179	83.000	44.850	11.765	45.825	11.440	23.660	1.028	1.028	24.315	0.267	0.719	0.452
23	2.000	40.885	12.805	43.485	10.790	19.568	3.289	3.150	61.634	-0.981	0.274	1.232	2.000	43.875	13.390	45.825	12.675	22.208	2.077	2.074	46.048	0.081	0.144	0.061	2.000	45.045	16.445	52.130	15.860	22.678	7.109	7.093	160.858	0.064	-0.065	-0.130	16.000	43.940	12.415	44.265	12.220	22.755	0.379	0.371	8.437	0.083	-0.056	-0.145	78.000	47.710	11.505	49.140	11.050	24.933	1.501	1.501	37.412	0.905	0.907	NaN	84.000	44.850	11.700	45.045	11.505	23.599	0.276	0.248	5.856	-0.780	-0.598	0.046
24	3.000	40.625	12.935	43.615	10.660	19.194	3.757	3.604	69.167	0.454	0.182	-0.286	3.000	43.680	13.455	46.020	12.610	21.921	2.488	2.484	54.456	0.411	0.205	-0.205	3.000	45.110	16.510	52.195	15.795	22.659	7.121	7.114	161.205	0.021	0.071	0.058	17.000	43.680	12.480	44.070	12.155	22.592	0.508	0.476	10.744	0.105	-0.108	-0.241	79.000	45.695	11.960	48.295	11.245	23.926	2.697	2.692	64.419	1.192	-0.866	-2.064	85.000	44.850	11.765	45.370	11.440	23.537	0.613	0.598	14.073	0.350	0.310	-0.034
25	4.000	40.300	13.065	43.810	10.660	18.989	4.255	4.136	78.543	0.533	0.161	-0.342	4.000	43.745	13.520	46.085	12.675	22.108	2.488	2.484	54.912	-3.537E-4	0.039	0.039	4.000	44.850	16.510	52.195	15.795	22.540	7.380	7.370	166.127	0.256	NaN	-0.259	18.000	43.875	12.285	44.070	12.090	22.820	0.276	0.249	5.678	-0.227	0.046	0.276	80.000	45.825	11.895	48.165	11.115	24.111	2.467	2.467	59.471	-0.226	-0.082	0.144	86.000	45.305	11.765	47.385	10.985	23.762	2.221	2.220	52.762	1.623	2.046	0.426
26	5.000	40.560	12.935	43.810	10.530	19.339	4.043	3.894	75.298	-0.243	0.077	0.286	5.000	43.225	13.780	46.150	12.675	21.598	3.127	3.117	67.330	0.634	0.061	-0.578	5.000	44.655	16.510	52.065	15.860	22.412	7.438	7.425	166.397	0.054	-0.135	-0.194	19.000	43.940	12.415	44.135	12.155	22.838	0.325	0.269	6.152	0.021	-0.013	-0.065	NaN	NaN	NaN	NaN	NaN	NaN	NaN	NaN	NaN	NaN	NaN	NaN	87.000	46.215	11.570	49.595	10.205	24.214	3.645	3.639	88.112	1.419	2.341	0.917
27	6.000	42.120	11.830	43.940	10.595	21.183	2.199	2.147	45.478	-1.747	0.071	1.911	6.000	43.550	13.845	46.085	12.675	21.903	2.792	2.754	60.320	-0.363	-0.059	0.268	6.000	44.720	16.510	52.065	15.860	22.512	7.374	7.364	165.785	-0.060	NaN	0.065	20.000	43.745	12.285	44.070	12.090	22.636	0.379	0.372	8.412	0.102	-0.022	-0.100	NaN	NaN	NaN	NaN	NaN	NaN	NaN	NaN	NaN	NaN	NaN	NaN	88.000	44.395	12.220	49.725	10.270	23.248	5.676	5.674	131.896	2.035	0.100	-1.933
28	7.000	41.860	11.960	43.940	10.530	20.894	2.524	2.460	51.393	0.313	0.037	-0.288	7.000	43.355	13.975	46.020	12.740	21.680	2.937	2.895	62.762	0.141	-0.086	-0.232	7.000	44.720	16.510	52.065	15.795	22.512	7.380	7.373	165.988	0.009	0.006	NaN	21.000	43.225	12.610	43.875	12.155	22.164	0.793	0.765	16.963	0.394	-0.197	-0.612	NaN	NaN	NaN	NaN	NaN	NaN	NaN	NaN	NaN	NaN	NaN	NaN	89.000	44.980	12.090	49.725	10.400	23.597	5.037	5.036	118.841	-0.637	-0.044	0.595
29	8.000	41.210	12.415	43.940	10.465	20.157	3.355	3.258	65.682	0.799	0.038	-0.793	8.000	43.420	13.910	46.020	12.805	21.768	2.825	2.804	61.026	-0.091	-0.025	0.085	8.000	44.720	16.445	52.065	15.795	22.495	7.374	7.358	165.519	-0.015	NaN	0.006	22.000	43.615	12.350	43.940	12.090	22.758	0.416	0.393	8.949	-0.372	0.091	0.467	NaN	NaN	NaN	NaN	NaN	NaN	NaN	NaN	NaN	NaN	NaN	NaN	90.000	45.630	12.025	49.660	10.465	23.967	4.321	4.316	103.445	-0.720	-0.084	0.630
30	9.000	41.665	11.960	44.070	10.465	20.556	2.832	2.791	57.367	-0.468	0.110	0.627	9.000	43.355	14.040	46.020	12.805	21.492	2.937	2.896	62.243	0.093	NaN	-0.114	9.000	45.110	16.510	52.000	15.795	22.714	6.927	6.922	157.233	-0.436	-0.065	0.381	23.000	43.355	12.415	44.200	12.025	22.553	0.931	0.927	20.901	0.534	0.263	-0.263	NaN	NaN	NaN	NaN	NaN	NaN	NaN	NaN	NaN	NaN	NaN	NaN	91.000	45.890	11.895	49.660	10.400	24.049	4.056	4.049	97.382	-0.267	0.024	0.290
31	10.000	41.860	11.830	44.135	10.465	20.821	2.653	2.621	54.566	-0.170	0.056	0.234	10.000	43.485	13.975	46.020	12.805	21.680	2.792	2.752	59.674	-0.144	NaN	0.145	10.000	44.850	16.445	52.065	15.860	22.521	7.239	7.225	162.722	0.303	0.060	-0.254	24.000	42.900	12.480	44.135	11.960	22.080	1.340	1.338	29.541	0.411	-0.035	-0.445	NaN	NaN	NaN	NaN	NaN	NaN	NaN	NaN	NaN	NaN	NaN	NaN	92.000	45.240	12.155	49.595	10.660	23.761	4.604	4.604	109.402	0.555	-0.146	-0.699
32	11.000	41.795	11.830	44.200	10.400	20.821	2.798	2.766	57.583	0.145	0.089	-0.056	11.000	43.485	13.975	45.955	12.805	21.743	2.733	2.689	58.474	-0.063	-0.059	NaN	11.000	44.655	16.380	52.000	15.795	22.402	7.368	7.352	164.703	0.127	-0.060	-0.189	25.000	43.550	12.285	44.265	11.960	22.737	0.785	0.782	17.787	-0.556	0.118	0.672	NaN	NaN	NaN	NaN	NaN	NaN	NaN	NaN	NaN	NaN	NaN	NaN	93.000	46.800	11.700	49.140	10.790	24.563	2.511	2.507	61.584	-2.097	-0.471	1.619
33	12.000	41.665	11.895	44.265	10.270	20.665	3.066	3.023	62.467	0.257	0.124	-0.145	12.000	43.355	14.040	45.955	12.805	21.572	2.878	2.834	61.144	0.145	NaN	-0.145	12.000	44.850	16.380	52.065	15.860	22.550	7.234	7.211	162.616	-0.141	0.060	0.194	26.000	44.005	12.285	44.330	12.025	23.166	0.416	0.392	9.080	-0.390	0.010	0.355	NaN	NaN	NaN	NaN	NaN	NaN	NaN	NaN	NaN	NaN	NaN	NaN	94.000	46.410	11.830	48.230	11.115	24.378	1.955	1.953	47.599	-0.555	-0.966	-0.411
34	13.000	41.340	12.155	44.395	10.270	20.351	3.590	3.540	72.045	0.517	0.111	-0.413	13.000	43.290	14.040	45.955	12.805	21.589	2.937	2.898	62.576	0.064	NaN	-0.059	13.000	44.850	16.380	52.065	15.860	22.624	7.234	7.210	163.119	-0.001	NaN	NaN	27.000	44.265	12.285	44.655	12.090	23.249	0.436	0.432	10.051	0.040	0.262	0.233	NaN	NaN	NaN	NaN	NaN	NaN	NaN	NaN	NaN	NaN	NaN	NaN	95.000	45.890	11.960	48.165	11.115	24.090	2.427	2.425	58.423	0.473	-0.061	-0.533
35	14.000	41.405	12.090	44.590	10.140	20.471	3.735	3.684	75.408	0.143	0.234	0.089	14.000	43.485	14.040	45.890	12.870	21.823	2.674	2.628	57.342	-0.271	-0.087	0.175	14.000	44.655	16.380	52.130	15.860	22.485	7.493	7.468	167.927	0.258	0.065	-0.195	28.000	44.460	12.025	44.395	11.895	23.375	0.145	-0.018	-0.418	-0.450	0.291	0.145	NaN	NaN	NaN	NaN	NaN	NaN	NaN	NaN	NaN	NaN	NaN	NaN	96.000	46.150	11.895	47.970	11.115	24.193	1.980	1.973	47.743	-0.452	-0.179	0.265
36	15.000	41.275	12.155	44.720	10.010	20.351	4.058	3.999	81.390	0.316	0.179	-0.145	15.000	43.550	14.105	45.760	12.935	21.886	2.501	2.439	53.379	-0.189	-0.145	0.027	15.000	44.655	16.445	52.000	15.860	22.485	7.368	7.349	165.257	-0.119	-0.130	-0.005	29.000	44.525	12.025	44.525	11.895	23.458	0.130	0.044	1.022	0.061	7.960E-18	3.980E-18	NaN	NaN	NaN	NaN	NaN	NaN	NaN	NaN	NaN	NaN	NaN	NaN	97.000	42.120	13.000	46.670	11.700	21.442	4.732	4.723	101.273	2.750	-1.411	-4.179
37	16.000	41.210	12.155	44.850	9.945	20.291	4.258	4.205	85.328	0.206	0.145	-0.056	16.000	43.550	14.040	45.630	13.000	21.903	2.326	2.281	49.956	-0.158	-0.145	0.029	16.000	44.655	16.445	52.000	15.925	22.485	7.363	7.340	165.037	-0.010	-0.005	NaN	30.000	44.135	12.285	44.525	11.960	23.166	0.508	0.475	10.993	0.431	-0.042	-0.466	NaN	NaN	NaN	NaN	NaN	NaN	NaN	NaN	NaN	NaN	NaN	NaN	98.000	44.915	12.155	46.670	11.505	23.556	1.872	1.871	44.071	-2.852	0.068	2.914
38	17.000	40.495	12.675	44.850	9.880	19.542	5.175	5.083	99.326	0.877	0.035	-0.883	17.000	43.485	14.170	45.500	13.065	21.903	2.298	2.235	48.959	-0.046	-0.145	-0.120	17.000	44.525	16.315	51.935	15.860	22.462	7.424	7.386	165.899	0.046	-0.061	-0.122	31.000	44.005	12.220	44.655	11.960	23.043	0.700	0.699	16.114	0.225	0.121	-0.097	NaN	NaN	NaN	NaN	NaN	NaN	NaN	NaN	NaN	NaN	NaN	NaN	99.000	41.730	13.260	46.605	11.570	21.276	5.160	5.160	109.778	3.289	-0.083	-3.371
39	18.000	40.170	12.805	44.980	9.815	19.168	5.664	5.575	106.850	0.492	0.145	-0.345	18.000	43.355	14.040	45.500	13.000	21.795	2.384	2.345	51.118	0.110	0.028	-0.060	18.000	44.590	16.380	51.870	15.860	22.505	7.299	7.272	163.660	-0.114	-0.065	0.060	32.000	44.265	11.895	44.395	11.765	23.213	0.184	0.166	3.862	-0.533	-0.046	0.414	NaN	NaN	NaN	NaN	NaN	NaN	NaN	NaN	NaN	NaN	NaN	NaN	100.000	45.045	12.220	46.995	11.505	23.639	2.077	2.076	49.086	-3.083	0.389	3.470
40	19.000	39.585	13.130	44.980	9.880	18.504	6.298	6.209	114.899	0.635	-0.034	-0.669	19.000	43.290	14.040	45.500	13.065	21.732	2.416	2.391	51.959	0.045	-0.026	-0.059	19.000	44.655	16.315	51.675	15.925	22.580	7.031	6.993	157.905	-0.279	-0.198	0.069	33.000	44.005	12.220	44.460	11.830	22.982	0.599	0.558	12.819	0.391	0.007	-0.409	NaN	NaN	NaN	NaN	NaN	NaN	NaN	NaN	NaN	NaN	NaN	NaN	101.000	41.795	13.260	47.125	11.505	21.421	5.611	5.610	120.180	3.534	0.123	-3.412
41	20.000	39.520	13.195	44.980	9.815	18.359	6.422	6.317	115.968	0.107	0.034	-0.089	20.000	43.290	14.040	45.435	13.065	21.670	2.356	2.329	50.459	-0.062	-0.059	NaN	20.000	44.720	16.250	51.610	15.860	22.590	6.901	6.863	155.032	-0.130	-0.061	0.069	34.000	44.200	11.960	44.460	11.635	23.124	0.416	0.350	8.104	-0.207	0.152	0.325	NaN	NaN	NaN	NaN	NaN	NaN	NaN	NaN	NaN	NaN	NaN	NaN	102.000	41.665	13.325	46.995	11.505	21.298	5.632	5.632	119.948	0.021	-0.123	-0.144
42	21.000	39.455	13.065	45.045	9.815	18.480	6.466	6.406	118.376	0.089	0.056	0.009	21.000	44.070	13.585	45.500	13.000	22.662	1.545	1.538	34.848	-0.791	0.085	0.894	21.000	44.590	16.185	51.480	15.925	22.570	6.895	6.831	154.179	-0.032	-0.132	-0.127	35.000	44.005	11.960	44.915	11.505	23.042	1.017	1.008	23.216	0.657	0.465	-0.174	NaN	NaN	NaN	NaN	NaN	NaN	NaN	NaN	NaN	NaN	NaN	NaN	103.000	41.925	13.195	46.865	11.505	21.543	5.221	5.221	112.478	-0.411	-0.123	0.288
43	22.000	39.650	13.000	45.175	9.815	18.817	6.377	6.311	118.756	-0.095	0.113	0.201	22.000	43.485	13.845	45.435	13.065	22.178	2.100	2.089	46.340	0.552	-0.084	-0.640	22.000	44.265	16.185	51.415	15.925	22.419	7.155	7.092	158.995	0.261	-0.065	-0.325	36.000	44.590	11.895	44.850	11.635	23.497	0.368	0.332	7.791	-0.676	-0.138	0.460	NaN	NaN	NaN	NaN	NaN	NaN	NaN	NaN	NaN	NaN	NaN	NaN	104.000	41.925	13.195	48.165	10.985	21.543	6.620	6.620	142.611	1.399	1.399	NaN
44	23.000	39.650	12.935	45.175	9.815	18.902	6.345	6.289	118.866	-0.022	NaN	0.032	23.000	43.355	13.780	45.370	13.065	22.134	2.138	2.134	47.244	0.045	-0.061	-0.101	23.000	44.135	16.055	51.350	15.925	22.377	7.216	7.127	159.490	0.035	-0.065	-0.128	37.000	44.720	11.765	45.175	11.440	23.559	0.559	0.537	12.650	0.205	0.378	0.181	NaN	NaN	NaN	NaN	NaN	NaN	NaN	NaN	NaN	NaN	NaN	NaN	105.000	41.925	13.195	48.230	11.115	21.543	6.639	6.638	143.012	0.019	0.021	NaN
45	24.000	41.080	12.220	45.305	9.685	20.471	4.927	4.867	99.634	-1.422	0.178	1.594	24.000	43.160	14.040	45.370	13.065	21.857	2.416	2.390	52.246	0.256	NaN	-0.283	24.000	44.070	15.990	51.285	15.925	22.313	7.215	7.115	158.767	-0.012	-0.065	-0.064	38.000	41.275	13.130	45.370	11.505	20.764	4.406	4.403	91.421	3.866	0.157	-3.706	NaN	NaN	NaN	NaN	NaN	NaN	NaN	NaN	NaN	NaN	NaN	NaN	106.000	47.970	11.375	48.295	11.115	25.180	0.416	0.391	9.848	-6.247	0.051	5.857
46	25.000	41.080	12.285	45.500	9.555	20.423	5.195	5.116	104.476	0.249	0.234	-0.034	25.000	43.615	13.585	45.370	13.065	22.402	1.830	1.830	41.004	-0.560	NaN	0.566	25.000	44.005	16.055	51.350	15.925	22.227	7.346	7.261	161.382	0.145	0.065	-0.066	39.000	41.015	13.195	45.695	11.440	20.520	4.998	4.998	102.553	0.595	0.327	-0.266	NaN	NaN	NaN	NaN	NaN	NaN	NaN	NaN	NaN	NaN	NaN	NaN	107.000	47.645	11.635	48.165	11.310	24.954	0.613	0.596	14.880	0.205	-0.214	-0.413
47	26.000	40.755	12.480	45.500	9.425	20.049	5.643	5.534	110.957	0.419	0.070	-0.379	26.000	43.420	13.650	45.370	13.065	22.196	2.036	2.036	45.186	0.205	NaN	-0.205	26.000	43.875	16.055	51.350	15.925	22.099	7.476	7.388	163.258	0.127	NaN	-0.130	40.000	40.885	13.260	45.890	11.570	20.415	5.283	5.282	107.830	0.284	0.143	-0.144	NaN	NaN	NaN	NaN	NaN	NaN	NaN	NaN	NaN	NaN	NaN	NaN	108.000	47.970	11.440	48.490	11.180	25.118	0.581	0.576	14.466	-0.020	0.349	0.378
48	27.000	40.625	12.480	45.500	9.685	19.771	5.619	5.567	110.070	0.033	-0.129	-0.113	27.000	44.265	13.325	45.370	13.065	22.930	1.135	1.133	25.984	-0.903	NaN	0.897	27.000	43.875	16.055	51.350	15.925	21.918	7.476	7.382	161.809	-0.005	NaN	NaN	41.000	40.885	13.260	46.020	11.765	20.231	5.348	5.338	107.999	0.056	0.070	NaN	NaN	NaN	NaN	NaN	NaN	NaN	NaN	NaN	NaN	NaN	NaN	NaN	109.000	47.840	11.505	48.945	10.920	25.077	1.250	1.233	30.927	0.657	0.524	-0.145
49	28.000	40.495	12.480	45.500	9.685	19.506	5.733	5.689	110.970	0.122	NaN	-0.114	28.000	43.030	14.040	45.435	13.065	21.402	2.595	2.579	55.195	1.446	0.060	-1.413	28.000	43.810	16.120	51.350	15.925	21.704	7.543	7.463	161.965	0.080	NaN	-0.067	42.000	40.950	13.260	45.955	11.830	20.353	5.205	5.195	105.731	-0.144	-0.080	0.062	NaN	NaN	NaN	NaN	NaN	NaN	NaN	NaN	NaN	NaN	NaN	NaN	110.000	47.320	11.570	47.970	11.310	24.748	0.700	0.699	17.297	-0.534	-1.050	-0.507
50	29.000	40.430	12.545	45.565	9.620	19.446	5.910	5.859	113.940	0.170	0.089	-0.089	29.000	44.460	13.260	45.500	13.000	23.011	1.072	1.071	24.640	-1.508	0.079	1.576	29.000	43.485	16.250	51.285	15.925	21.372	7.807	7.741	165.451	0.279	-0.065	-0.330	43.000	40.950	13.325	46.410	11.700	20.292	5.697	5.688	115.431	0.494	0.473	-0.019	NaN	NaN	NaN	NaN	NaN	NaN	NaN	NaN	NaN	NaN	NaN	NaN	111.000	44.070	12.480	47.710	11.245	23.104	3.844	3.844	88.805	3.145	-0.225	-3.370
51	30.000	40.365	12.610	45.565	9.685	19.518	5.966	5.913	115.406	0.053	-0.032	-0.089	30.000	44.005	13.390	45.695	12.935	22.706	1.750	1.750	39.728	0.679	0.205	-0.473	30.000	43.420	16.250	51.220	15.925	21.489	7.807	7.745	166.444	0.004	-0.065	-0.065	44.000	40.820	13.325	46.475	11.700	20.048	5.884	5.870	117.687	0.182	0.062	-0.125	NaN	NaN	NaN	NaN	NaN	NaN	NaN	NaN	NaN	NaN	NaN	NaN	112.000	44.070	12.480	47.385	11.115	23.104	3.585	3.577	82.641	-0.267	-0.251	NaN
52	31.000	40.430	12.610	45.500	9.685	19.554	5.853	5.788	113.188	-0.124	-0.056	0.056	31.000	44.395	13.325	45.825	12.870	23.080	1.501	1.500	34.624	-0.250	0.144	0.391	31.000	43.290	16.250	51.220	15.990	21.350	7.934	7.865	167.918	0.119	-0.002	-0.130	45.000	40.820	13.260	46.540	11.700	19.986	5.929	5.909	118.097	0.038	0.063	0.017	NaN	NaN	NaN	NaN	NaN	NaN	NaN	NaN	NaN	NaN	NaN	NaN	113.000	44.460	12.350	45.500	11.960	23.309	1.111	1.110	25.874	-2.467	-2.062	0.411
53	32.000	40.300	12.545	45.370	9.685	19.276	5.821	5.772	111.261	-0.016	-0.113	-0.081	32.000	44.720	13.130	45.955	12.805	23.260	1.277	1.276	29.689	-0.224	0.142	0.364	32.000	43.225	16.185	51.155	15.925	21.105	7.934	7.859	165.874	-0.005	-0.063	-0.063	46.000	41.080	13.260	46.605	11.570	20.375	5.778	5.771	117.586	-0.138	0.100	0.249	NaN	NaN	NaN	NaN	NaN	NaN	NaN	NaN	NaN	NaN	NaN	NaN	114.000	44.265	12.415	44.655	12.220	23.165	0.436	0.432	10.001	-0.678	-0.872	-0.203
54	33.000	40.365	12.675	45.240	9.815	19.409	5.652	5.583	108.354	-0.189	-0.178	-0.010	33.000	44.525	13.195	46.085	12.740	23.179	1.625	1.625	37.666	0.349	0.143	-0.205	33.000	43.290	16.250	51.155	15.925	21.286	7.872	7.811	166.266	-0.049	NaN	0.062	47.000	40.950	13.325	46.735	11.570	20.231	6.045	6.038	122.153	0.267	0.124	-0.143	NaN	NaN	NaN	NaN	NaN	NaN	NaN	NaN	NaN	NaN	NaN	NaN	115.000	43.550	12.740	44.655	12.025	22.816	1.316	1.274	29.076	0.843	0.106	-0.777
55	34.000	41.795	11.570	45.175	9.815	21.002	3.808	3.790	79.599	-1.793	-0.058	1.778	34.000	43.030	14.105	46.150	12.740	21.393	3.406	3.360	71.880	1.735	0.060	-1.734	34.000	43.485	16.250	51.220	15.925	21.418	7.742	7.700	164.919	-0.111	0.065	0.195	48.000	41.015	13.260	46.735	11.505	20.270	5.983	5.978	121.173	-0.060	0.019	0.081	NaN	NaN	NaN	NaN	NaN	NaN	NaN	NaN	NaN	NaN	NaN	NaN	116.000	44.200	12.285	44.135	12.155	23.209	0.145	-0.018	-0.427	-1.293	0.116	0.116
56	35.000	41.795	11.635	45.110	9.880	21.075	3.751	3.726	78.534	-0.064	-0.088	-0.030	35.000	43.160	14.105	46.280	12.675	21.629	3.432	3.372	72.940	0.012	0.145	0.118	35.000	43.160	16.250	51.220	15.925	21.216	8.067	8.023	170.213	0.323	NaN	-0.325	49.000	41.145	13.260	46.735	11.505	20.476	5.859	5.855	119.893	-0.123	NaN	0.124	NaN	NaN	NaN	NaN	NaN	NaN	NaN	NaN	NaN	NaN	NaN	NaN	117.000	44.070	12.285	44.200	12.155	23.188	0.184	0.165	3.836	0.184	0.046	-0.092
57	36.000	41.275	12.545	44.915	9.945	20.160	4.473	4.325	87.204	0.599	-0.196	-0.952	36.000	43.160	14.105	46.475	12.610	21.475	3.637	3.590	77.094	0.218	0.204	NaN	36.000	43.030	16.250	51.220	15.925	20.891	8.196	8.131	169.875	0.109	NaN	-0.130	50.000	41.210	13.195	46.865	11.505	20.620	5.902	5.895	121.549	0.039	0.125	0.081	NaN	NaN	NaN	NaN	NaN	NaN	NaN	NaN	NaN	NaN	NaN	NaN	118.000	43.875	12.480	44.330	12.285	23.043	0.495	0.494	11.378	0.328	0.068	-0.256
58	37.000	41.210	12.545	44.720	10.075	19.993	4.292	4.154	83.047	-0.172	-0.234	-0.053	37.000	43.160	14.040	46.540	12.675	21.396	3.645	3.618	77.406	0.028	0.036	0.024	37.000	42.900	16.315	51.285	15.860	20.667	8.397	8.352	172.617	0.221	0.068	-0.133	51.000	41.340	13.195	46.930	11.440	20.660	5.859	5.856	120.983	-0.039	0.081	0.124	NaN	NaN	NaN	NaN	NaN	NaN	NaN	NaN	NaN	NaN	NaN	NaN	119.000	43.875	12.350	44.655	12.090	23.086	0.822	0.822	18.979	0.328	0.370	0.041
59	38.000	40.950	12.675	44.525	10.140	20.618	4.383	4.247	87.567	0.093	-0.197	-0.287	38.000	43.095	14.105	46.670	12.610	22.205	3.875	3.846	85.391	0.228	0.145	-0.085	38.000	42.965	16.315	51.285	15.925	21.587	8.329	8.260	178.312	-0.092	-0.003	0.065	52.000	41.210	13.195	47.125	11.440	20.660	6.170	6.163	127.320	0.307	0.187	-0.125	NaN	NaN	NaN	NaN	NaN	NaN	NaN	NaN	NaN	NaN	NaN	NaN	120.000	43.875	12.415	44.265	12.155	23.086	0.469	0.454	10.486	-0.368	-0.361	-0.036
60	39.000	40.690	12.740	44.330	10.205	20.375	4.436	4.313	87.872	0.065	-0.197	-0.251	39.000	43.225	14.040	46.865	12.545	22.366	3.935	3.910	87.449	0.064	0.205	0.145	39.000	43.225	16.380	51.220	15.860	21.843	8.012	7.965	173.973	-0.295	-0.061	0.255	53.000	41.210	13.130	47.255	11.375	20.764	6.295	6.284	130.476	0.121	0.143	0.018	NaN	NaN	NaN	NaN	NaN	NaN	NaN	NaN	NaN	NaN	NaN	NaN	NaN	NaN	NaN	NaN	NaN	NaN	NaN	NaN	NaN	NaN	NaN	NaN
61	40.000	40.560	12.805	44.265	10.270	20.268	4.489	4.368	88.535	0.056	-0.090	-0.144	40.000	43.095	14.105	47.060	12.545	22.268	4.261	4.238	94.378	0.328	0.181	-0.145	40.000	43.160	16.315	51.285	15.860	21.843	8.138	8.082	176.525	0.117	0.065	-0.061	54.000	41.145	13.195	47.255	11.375	20.599	6.375	6.368	131.169	0.084	NaN	-0.081	NaN	NaN	NaN	NaN	NaN	NaN	NaN	NaN	NaN	NaN	NaN	NaN	NaN	NaN	NaN	NaN	NaN	NaN	NaN	NaN	NaN	NaN	NaN	NaN
62	41.000	40.495	12.805	44.200	10.335	20.025	4.453	4.349	87.098	-0.019	-0.090	-0.054	41.000	42.965	14.170	47.190	12.350	21.937	4.600	4.559	100.018	0.321	0.197	-0.145	41.000	43.615	16.250	51.220	15.925	22.110	7.612	7.546	166.845	-0.535	-0.068	0.457	55.000	41.470	13.195	47.320	11.310	20.905	6.146	6.145	128.461	-0.223	0.082	0.309	NaN	NaN	NaN	NaN	NaN	NaN	NaN	NaN	NaN	NaN	NaN	NaN	NaN	NaN	NaN	NaN	NaN	NaN	NaN	NaN	NaN	NaN	NaN	NaN
63	42.000	40.495	12.870	44.070	10.335	20.062	4.383	4.247	85.214	-0.102	-0.106	-0.038	42.000	43.160	14.105	47.515	12.285	22.205	4.720	4.684	104.015	0.125	0.325	0.205	42.000	43.420	16.315	51.220	15.925	21.971	7.810	7.751	170.301	0.205	NaN	-0.198	56.000	41.470	13.130	47.515	11.245	20.967	6.332	6.329	132.707	0.185	0.206	0.019	NaN	NaN	NaN	NaN	NaN	NaN	NaN	NaN	NaN	NaN	NaN	NaN	NaN	NaN	NaN	NaN	NaN	NaN	NaN	NaN	NaN	NaN	NaN	NaN
64	43.000	40.430	12.870	44.005	10.465	19.965	4.309	4.206	83.968	-0.042	-0.126	-0.054	43.000	43.095	14.105	47.710	12.220	22.098	4.985	4.955	109.487	0.270	0.205	-0.060	43.000	43.550	16.315	51.220	15.925	22.046	7.680	7.621	168.011	-0.130	NaN	0.130	57.000	41.340	13.195	47.515	11.310	20.761	6.456	6.452	133.958	0.123	-0.019	-0.143	NaN	NaN	NaN	NaN	NaN	NaN	NaN	NaN	NaN	NaN	NaN	NaN	NaN	NaN	NaN	NaN	NaN	NaN	NaN	NaN	NaN	NaN	NaN	NaN
65	44.000	40.430	12.935	43.875	10.465	19.820	4.239	4.108	81.416	-0.098	-0.106	-0.038	44.000	43.160	14.105	47.905	12.025	22.035	5.181	5.134	113.120	0.179	0.257	0.060	44.000	43.810	16.315	51.220	15.925	22.174	7.420	7.366	163.330	-0.255	NaN	0.260	58.000	41.405	13.130	47.645	11.245	20.905	6.518	6.513	136.168	0.061	0.143	0.081	NaN	NaN	NaN	NaN	NaN	NaN	NaN	NaN	NaN	NaN	NaN	NaN	NaN	NaN	NaN	NaN	NaN	NaN	NaN	NaN	NaN	NaN	NaN	NaN
66	45.000	40.560	12.870	43.810	10.465	19.880	4.043	3.901	77.558	-0.207	-0.052	0.143	45.000	42.835	14.170	47.970	12.025	21.625	5.565	5.526	119.496	0.392	0.060	-0.325	45.000	43.940	16.315	51.220	15.860	22.227	7.294	7.252	161.184	-0.114	0.004	0.130	59.000	41.535	13.065	47.710	11.180	21.071	6.456	6.451	135.931	-0.062	0.081	0.143	NaN	NaN	NaN	NaN	NaN	NaN	NaN	NaN	NaN	NaN	NaN	NaN	NaN	NaN	NaN	NaN	NaN	NaN	NaN	NaN	NaN	NaN	NaN	NaN
67	46.000	40.755	12.870	44.005	10.465	20.207	4.043	3.898	78.771	-0.003	0.157	0.157	46.000	42.770	14.105	48.230	11.960	21.723	5.866	5.841	126.889	0.315	0.266	-0.037	46.000	43.745	16.315	51.220	15.925	22.174	7.485	7.430	164.750	0.178	-0.003	-0.195	60.000	41.405	13.000	47.775	11.115	21.010	6.643	6.635	139.395	0.184	0.081	-0.106	NaN	NaN	NaN	NaN	NaN	NaN	NaN	NaN	NaN	NaN	NaN	NaN	NaN	NaN	NaN	NaN	NaN	NaN	NaN	NaN	NaN	NaN	NaN	NaN
68	47.000	40.690	12.935	44.135	10.335	20.123	4.316	4.148	83.473	0.250	0.182	-0.091	47.000	42.835	14.170	48.490	11.895	21.768	6.095	6.062	131.964	0.221	0.265	0.036	47.000	43.745	16.315	51.285	15.925	22.174	7.550	7.494	166.169	0.064	0.065	NaN	61.000	41.665	12.935	47.905	11.050	21.255	6.518	6.513	138.441	-0.122	0.143	0.268	NaN	NaN	NaN	NaN	NaN	NaN	NaN	NaN	NaN	NaN	NaN	NaN	NaN	NaN	NaN	NaN	NaN	NaN	NaN	NaN	NaN	NaN	NaN	NaN
69	48.000	40.820	12.870	44.200	10.270	20.221	4.264	4.081	82.523	-0.067	0.091	0.143	48.000	42.900	14.040	48.620	11.830	21.830	6.132	6.107	133.307	0.044	0.145	0.107	48.000	43.680	16.250	51.350	15.860	22.099	7.680	7.624	168.485	0.130	0.068	-0.062	62.000	41.860	12.870	47.970	11.050	21.194	6.375	6.369	134.980	-0.144	0.062	0.205	NaN	NaN	NaN	NaN	NaN	NaN	NaN	NaN	NaN	NaN	NaN	NaN	NaN	NaN	NaN	NaN	NaN	NaN	NaN	NaN	NaN	NaN	NaN	NaN
70	49.000	40.885	12.935	44.330	10.270	20.343	4.355	4.162	84.665	0.081	0.103	0.012	49.000	42.900	14.105	48.815	11.765	21.893	6.361	6.329	138.563	0.223	0.205	-0.024	49.000	43.615	16.250	51.285	15.925	22.110	7.677	7.610	168.261	-0.014	-0.068	-0.065	63.000	42.055	12.805	48.100	10.985	21.482	6.313	6.307	135.487	-0.062	0.143	0.205	NaN	NaN	NaN	NaN	NaN	NaN	NaN	NaN	NaN	NaN	NaN	NaN	NaN	NaN	NaN	NaN	NaN	NaN	NaN	NaN	NaN	NaN	NaN	NaN
71	50.000	41.015	12.805	44.395	10.140	20.571	4.304	4.104	84.432	-0.057	0.132	0.183	50.000	42.835	14.105	49.010	11.765	21.893	6.604	6.579	144.039	0.250	0.182	-0.061	50.000	43.485	16.185	51.220	15.860	22.058	7.742	7.671	169.194	0.060	-0.062	-0.127	64.000	42.185	12.740	48.165	10.985	21.706	6.232	6.226	135.149	-0.081	0.062	0.143	NaN	NaN	NaN	NaN	NaN	NaN	NaN	NaN	NaN	NaN	NaN	NaN	NaN	NaN	NaN	NaN	NaN	NaN	NaN	NaN	NaN	NaN	NaN	NaN
72	51.000	41.080	12.740	44.590	10.075	20.571	4.407	4.226	86.934	0.122	0.195	0.091	51.000	42.835	14.105	49.140	11.700	21.812	6.748	6.721	146.599	0.142	0.145	NaN	51.000	43.550	16.120	51.220	15.860	22.058	7.674	7.595	167.530	-0.075	NaN	0.067	65.000	42.705	12.610	48.230	11.115	22.179	5.724	5.712	126.687	-0.514	0.029	0.536	NaN	NaN	NaN	NaN	NaN	NaN	NaN	NaN	NaN	NaN	NaN	NaN	NaN	NaN	NaN	NaN	NaN	NaN	NaN	NaN	NaN	NaN	NaN	NaN
73	52.000	41.015	12.805	44.590	10.010	20.609	4.538	4.327	89.181	0.101	0.040	-0.091	52.000	42.835	14.040	49.205	11.635	21.955	6.809	6.784	148.948	0.063	0.084	0.023	52.000	43.290	16.120	51.220	15.925	21.930	7.932	7.838	171.890	0.243	-0.002	-0.260	66.000	42.250	12.805	48.295	11.180	21.830	6.260	6.246	136.358	0.534	0.046	-0.490	NaN	NaN	NaN	NaN	NaN	NaN	NaN	NaN	NaN	NaN	NaN	NaN	NaN	NaN	NaN	NaN	NaN	NaN	NaN	NaN	NaN	NaN	NaN	NaN
74	53.000	41.015	12.740	44.655	9.880	20.716	4.629	4.418	91.514	0.090	0.131	0.040	53.000	43.030	14.040	49.270	11.635	22.223	6.687	6.659	147.981	-0.125	0.061	0.182	53.000	43.225	16.120	51.220	15.925	21.941	7.997	7.899	173.305	0.060	NaN	-0.065	67.000	42.315	12.740	48.555	11.180	21.830	6.432	6.410	139.932	0.164	0.252	0.079	NaN	NaN	NaN	NaN	NaN	NaN	NaN	NaN	NaN	NaN	NaN	NaN	NaN	NaN	NaN	NaN	NaN	NaN	NaN	NaN	NaN	NaN	NaN	NaN
75	54.000	40.950	12.805	44.785	9.815	20.548	4.863	4.641	95.358	0.223	0.142	-0.091	54.000	42.965	14.040	49.335	11.635	22.080	6.809	6.783	149.776	0.124	0.061	-0.061	54.000	43.355	16.120	51.155	15.925	21.994	7.802	7.711	169.592	-0.188	-0.065	0.130	68.000	42.055	12.870	48.555	11.050	21.624	6.750	6.740	145.746	0.330	0.035	-0.285	NaN	NaN	NaN	NaN	NaN	NaN	NaN	NaN	NaN	NaN	NaN	NaN	NaN	NaN	NaN	NaN	NaN	NaN	NaN	NaN	NaN	NaN	NaN	NaN
76	55.000	41.080	12.740	44.850	9.750	20.693	4.812	4.581	94.792	-0.060	0.091	0.142	55.000	43.030	14.040	49.465	11.570	22.143	6.893	6.863	151.965	0.080	0.145	0.061	55.000	43.290	16.120	51.155	15.860	21.930	7.869	7.786	170.741	0.075	0.002	-0.065	69.000	43.290	12.415	48.620	10.985	22.796	5.518	5.507	125.525	-1.233	0.080	1.311	NaN	NaN	NaN	NaN	NaN	NaN	NaN	NaN	NaN	NaN	NaN	NaN	NaN	NaN	NaN	NaN	NaN	NaN	NaN	NaN	NaN	NaN	NaN	NaN
77	56.000	41.145	12.675	44.980	9.620	20.815	4.903	4.661	97.023	0.080	0.183	0.091	56.000	43.030	14.040	49.595	11.505	22.188	7.037	7.003	155.387	0.140	0.145	NaN	56.000	43.225	16.120	51.155	15.860	21.918	7.934	7.853	172.127	0.067	NaN	-0.065	70.000	43.875	12.220	48.685	10.855	23.022	5.000	4.993	114.941	-0.514	0.098	0.616	NaN	NaN	NaN	NaN	NaN	NaN	NaN	NaN	NaN	NaN	NaN	NaN	NaN	NaN	NaN	NaN	NaN	NaN	NaN	NaN	NaN	NaN	NaN	NaN
78	57.000	41.080	12.675	45.175	9.555	20.693	5.148	4.931	102.034	0.270	0.195	-0.052	57.000	43.095	14.040	49.790	11.505	22.188	7.159	7.129	158.167	0.125	0.182	0.061	57.000	43.290	16.185	51.220	15.925	21.907	7.934	7.856	172.110	0.003	0.063	0.063	71.000	45.370	11.765	48.750	10.660	23.823	3.556	3.556	84.711	-1.437	0.122	1.562	NaN	NaN	NaN	NaN	NaN	NaN	NaN	NaN	NaN	NaN	NaN	NaN	NaN	NaN	NaN	NaN	NaN	NaN	NaN	NaN	NaN	NaN	NaN	NaN
79	58.000	41.015	12.740	45.175	9.490	20.670	5.279	5.033	104.028	0.102	0.040	-0.091	58.000	43.030	14.040	49.855	11.440	22.188	7.303	7.271	161.332	0.143	0.084	-0.061	58.000	43.030	16.120	51.220	15.925	21.726	8.192	8.096	175.891	0.239	NaN	-0.258	72.000	45.045	11.960	48.945	10.660	23.597	4.111	4.111	97.006	0.555	0.185	-0.370	NaN	NaN	NaN	NaN	NaN	NaN	NaN	NaN	NaN	NaN	NaN	NaN	NaN	NaN	NaN	NaN	NaN	NaN	NaN	NaN	NaN	NaN	NaN	NaN
80	59.000	41.080	12.675	45.305	9.490	20.777	5.291	5.078	105.507	0.045	0.104	0.091	59.000	43.030	13.975	49.985	11.375	22.223	7.425	7.400	164.450	0.129	0.145	0.023	59.000	42.835	16.120	51.155	15.860	21.546	8.324	8.230	177.315	0.134	-0.063	-0.195	73.000	44.980	11.960	48.815	10.595	23.597	4.071	4.070	96.043	-0.041	-0.101	-0.061	NaN	NaN	NaN	NaN	NaN	NaN	NaN	NaN	NaN	NaN	NaN	NaN	NaN	NaN	NaN	NaN	NaN	NaN	NaN	NaN	NaN	NaN	NaN	NaN
81	60.000	41.080	12.675	45.305	9.425	20.815	5.330	5.095	106.048	0.017	0.040	NaN	60.000	42.965	14.040	50.115	11.310	22.188	7.653	7.619	169.051	0.219	0.145	-0.084	60.000	42.770	16.120	51.220	15.860	21.534	8.454	8.361	180.053	0.132	0.065	-0.065	74.000	45.695	11.830	48.035	10.920	23.987	2.511	2.508	60.156	-1.562	-0.845	0.714	NaN	NaN	NaN	NaN	NaN	NaN	NaN	NaN	NaN	NaN	NaN	NaN	NaN	NaN	NaN	NaN	NaN	NaN	NaN	NaN	NaN	NaN	NaN	NaN
82	61.000	41.275	12.480	45.370	9.360	21.043	5.148	4.931	103.770	-0.163	0.091	0.273	61.000	42.965	14.040	50.375	11.180	22.171	7.943	7.902	175.194	0.283	0.289	NaN	61.000	43.030	16.185	51.350	15.860	21.768	8.326	8.254	179.668	-0.107	0.130	0.257	75.000	46.150	11.700	46.605	11.505	24.214	0.495	0.493	11.948	-2.014	-1.545	0.469	NaN	NaN	NaN	NaN	NaN	NaN	NaN	NaN	NaN	NaN	NaN	NaN	NaN	NaN	NaN	NaN	NaN	NaN	NaN	NaN	NaN	NaN	NaN	NaN
83	62.000	41.470	12.480	45.500	9.295	20.959	5.137	4.891	102.503	-0.041	0.142	0.153	62.000	42.835	14.040	50.635	11.115	21.777	8.330	8.297	180.682	0.395	0.266	-0.122	62.000	43.615	16.185	51.415	15.860	22.077	7.807	7.747	171.028	-0.507	0.065	0.584	76.000	707.000	172.000	NaN	NaN	NaN	NaN	NaN	NaN	NaN	NaN	NaN	NaN	NaN	NaN	NaN	NaN	NaN	NaN	NaN	NaN	NaN	NaN	NaN	NaN	NaN	NaN	NaN	NaN	NaN	NaN	NaN	NaN	NaN	NaN	NaN
84	63.000	41.535	12.480	45.500	9.230	21.104	5.127	4.854	102.431	-0.037	0.041	0.050	63.000	42.900	14.040	50.765	11.050	21.920	8.414	8.378	183.640	0.081	0.145	0.061	63.000	43.485	16.185	51.545	15.860	22.024	8.067	8.000	176.187	0.253	0.130	-0.130	77.000	46.280	11.570	46.215	11.440	23.660	0.145	-0.019	-0.448	-0.019	NaN	NaN	NaN	NaN	NaN	NaN	NaN	NaN	NaN	NaN	NaN	NaN	NaN	NaN	NaN	NaN	NaN	NaN	NaN	NaN	NaN	NaN	NaN	NaN	NaN	NaN
85	64.000	41.665	12.350	45.500	9.165	21.347	4.985	4.702	100.378	-0.152	0.042	0.183	64.000	42.965	13.910	51.025	10.920	22.108	8.597	8.564	189.331	0.186	0.289	0.106	64.000	43.160	16.120	51.675	15.860	21.821	8.519	8.439	184.147	0.439	0.130	-0.323	NaN	NaN	NaN	NaN	NaN	NaN	NaN	NaN	NaN	NaN	NaN	NaN	NaN	NaN	NaN	NaN	NaN	NaN	NaN	NaN	NaN	NaN	NaN	NaN	NaN	NaN	NaN	NaN	NaN	NaN	NaN	NaN	NaN	NaN	NaN	NaN
86	65.000	41.795	12.285	45.370	9.295	21.431	4.661	4.393	94.154	-0.309	-0.183	0.141	65.000	42.835	13.975	51.025	10.920	21.903	8.741	8.706	190.687	0.142	NaN	-0.145	65.000	43.290	16.185	51.675	15.860	21.874	8.391	8.325	182.110	-0.114	NaN	0.127	NaN	NaN	NaN	NaN	NaN	NaN	NaN	NaN	NaN	NaN	NaN	NaN	NaN	NaN	NaN	NaN	NaN	NaN	NaN	NaN	NaN	NaN	NaN	NaN	NaN	NaN	NaN	NaN	NaN	NaN	NaN	NaN	NaN	NaN	NaN	NaN
87	66.000	41.665	12.350	45.240	9.490	21.431	4.578	4.348	93.182	-0.045	-0.223	-0.142	66.000	42.900	14.040	51.220	10.790	22.091	8.932	8.881	196.184	0.175	0.229	0.037	66.000	43.095	16.185	51.805	15.795	21.821	8.719	8.653	188.815	0.328	0.133	-0.195	NaN	NaN	NaN	NaN	NaN	NaN	NaN	NaN	NaN	NaN	NaN	NaN	NaN	NaN	NaN	NaN	NaN	NaN	NaN	NaN	NaN	NaN	NaN	NaN	NaN	NaN	NaN	NaN	NaN	NaN	NaN	NaN	NaN	NaN	NaN	NaN
88	67.000	41.665	12.350	45.240	9.490	21.347	4.578	4.345	92.764	-0.003	NaN	NaN	67.000	42.835	14.040	51.415	10.725	21.948	9.198	9.147	200.772	0.267	0.205	-0.061	67.000	43.160	16.250	51.870	15.795	21.799	8.722	8.670	188.993	0.017	0.065	0.062	NaN	NaN	NaN	NaN	NaN	NaN	NaN	NaN	NaN	NaN	NaN	NaN	NaN	NaN	NaN	NaN	NaN	NaN	NaN	NaN	NaN	NaN	NaN	NaN	NaN	NaN	NaN	NaN	NaN	NaN	NaN	NaN	NaN	NaN	NaN	NaN
89	68.000	41.535	12.480	45.110	9.555	21.264	4.619	4.365	92.823	0.020	-0.142	-0.183	68.000	42.835	14.040	51.610	10.595	22.028	9.427	9.372	206.442	0.224	0.229	NaN	68.000	43.095	16.250	52.000	15.795	21.810	8.917	8.859	193.218	0.190	0.130	-0.065	NaN	NaN	NaN	NaN	NaN	NaN	NaN	NaN	NaN	NaN	NaN	NaN	NaN	NaN	NaN	NaN	NaN	NaN	NaN	NaN	NaN	NaN	NaN	NaN	NaN	NaN	NaN	NaN	NaN	NaN	NaN	NaN	NaN	NaN	NaN	NaN
90	69.000	41.535	12.415	45.045	9.620	21.142	4.487	4.262	90.115	-0.103	-0.091	0.040	69.000	42.900	13.975	51.870	10.465	21.965	9.632	9.578	210.380	0.206	0.289	0.084	69.000	43.030	16.315	52.195	15.730	21.597	9.184	9.141	197.413	0.282	0.199	-0.069	NaN	NaN	NaN	NaN	NaN	NaN	NaN	NaN	NaN	NaN	NaN	NaN	NaN	NaN	NaN	NaN	NaN	NaN	NaN	NaN	NaN	NaN	NaN	NaN	NaN	NaN	NaN	NaN	NaN	NaN	NaN	NaN	NaN	NaN	NaN	NaN
91	70.000	41.730	12.285	44.980	9.685	20.982	4.162	3.959	83.064	-0.304	-0.091	0.233	70.000	42.965	13.975	52.000	10.400	21.635	9.717	9.659	208.964	0.081	0.145	0.060	70.000	42.900	16.315	52.325	15.730	21.073	9.443	9.397	198.017	0.256	0.130	-0.130	NaN	NaN	NaN	NaN	NaN	NaN	NaN	NaN	NaN	NaN	NaN	NaN	NaN	NaN	NaN	NaN	NaN	NaN	NaN	NaN	NaN	NaN	NaN	NaN	NaN	NaN	NaN	NaN	NaN	NaN	NaN	NaN	NaN	NaN	NaN	NaN
92	71.000	41.925	12.285	44.915	9.750	20.404	3.920	3.689	75.264	-0.270	-0.092	0.149	71.000	42.965	13.975	52.260	10.270	20.877	10.006	9.940	207.524	0.282	0.290	NaN	71.000	45.045	16.445	52.260	15.730	22.430	7.250	7.246	162.527	-2.151	-0.065	2.122	NaN	NaN	NaN	NaN	NaN	NaN	NaN	NaN	NaN	NaN	NaN	NaN	NaN	NaN	NaN	NaN	NaN	NaN	NaN	NaN	NaN	NaN	NaN	NaN	NaN	NaN	NaN	NaN	NaN	NaN	NaN	NaN	NaN	NaN	NaN	NaN
93	72.000	42.250	12.155	44.720	9.880	20.898	3.358	3.112	65.035	-0.577	-0.232	0.327	72.000	42.835	14.105	52.455	10.205	20.860	10.380	10.301	214.884	0.361	0.205	-0.169	72.000	44.980	16.510	52.455	15.730	22.495	7.516	7.512	168.987	0.266	0.194	-0.071	NaN	NaN	NaN	NaN	NaN	NaN	NaN	NaN	NaN	NaN	NaN	NaN	NaN	NaN	NaN	NaN	NaN	NaN	NaN	NaN	NaN	NaN	NaN	NaN	NaN	NaN	NaN	NaN	NaN	NaN	NaN	NaN	NaN	NaN	NaN	NaN
94	73.000	42.250	12.220	44.655	9.945	20.936	3.311	3.046	63.772	-0.066	-0.092	-0.045	73.000	42.705	14.170	52.520	10.075	20.780	10.635	10.537	218.961	0.236	0.110	-0.145	73.000	44.850	16.445	52.455	15.730	22.439	7.639	7.632	171.243	0.119	NaN	-0.123	NaN	NaN	NaN	NaN	NaN	NaN	NaN	NaN	NaN	NaN	NaN	NaN	NaN	NaN	NaN	NaN	NaN	NaN	NaN	NaN	NaN	NaN	NaN	NaN	NaN	NaN	NaN	NaN	NaN	NaN	NaN	NaN	NaN	NaN	NaN	NaN
95	74.000	42.185	12.025	44.590	10.010	20.618	3.138	2.968	61.203	-0.077	-0.092	0.075	74.000	42.835	14.105	52.650	10.010	20.592	10.635	10.540	217.047	0.003	0.145	0.145	74.000	44.785	16.445	52.325	15.795	22.044	7.568	7.558	166.617	-0.073	-0.135	-0.065	NaN	NaN	NaN	NaN	NaN	NaN	NaN	NaN	NaN	NaN	NaN	NaN	NaN	NaN	NaN	NaN	NaN	NaN	NaN	NaN	NaN	NaN	NaN	NaN	NaN	NaN	NaN	NaN	NaN	NaN	NaN	NaN	NaN	NaN	NaN	NaN
96	75.000	42.315	12.025	44.460	10.075	20.496	2.899	2.705	55.440	-0.264	-0.140	0.096	75.000	42.770	14.105	52.780	10.010	20.278	10.815	10.734	217.672	0.194	0.120	-0.060	75.000	44.525	16.510	52.130	15.795	21.520	7.639	7.632	164.230	0.073	-0.194	-0.265	NaN	NaN	NaN	NaN	NaN	NaN	NaN	NaN	NaN	NaN	NaN	NaN	NaN	NaN	NaN	NaN	NaN	NaN	NaN	NaN	NaN	NaN	NaN	NaN	NaN	NaN	NaN	NaN	NaN	NaN	NaN	NaN	NaN	NaN	NaN	NaN
97	76.000	42.250	12.025	44.395	10.140	19.638	2.856	2.688	52.779	-0.017	-0.092	-0.049	76.000	47.840	11.895	52.780	9.945	24.960	5.311	5.295	132.166	-5.439	0.024	5.527	76.000	44.330	16.575	51.935	15.860	20.519	7.639	7.633	156.629	0.002	-0.200	-0.200	NaN	NaN	NaN	NaN	NaN	NaN	NaN	NaN	NaN	NaN	NaN	NaN	NaN	NaN	NaN	NaN	NaN	NaN	NaN	NaN	NaN	NaN	NaN	NaN	NaN	NaN	NaN	NaN	NaN	NaN	NaN	NaN	NaN	NaN	NaN	NaN
98	77.000	42.315	12.025	44.330	10.205	19.783	2.715	2.543	50.316	-0.144	-0.092	0.048	77.000	47.710	11.960	52.845	9.815	24.898	5.565	5.539	137.917	0.244	0.110	-0.145	77.000	44.265	16.510	51.675	15.795	20.536	7.444	7.438	152.755	-0.195	-0.253	-0.058	NaN	NaN	NaN	NaN	NaN	NaN	NaN	NaN	NaN	NaN	NaN	NaN	NaN	NaN	NaN	NaN	NaN	NaN	NaN	NaN	NaN	NaN	NaN	NaN	NaN	NaN	NaN	NaN	NaN	NaN	NaN	NaN	NaN	NaN	NaN	NaN
99	78.000	42.185	12.155	44.265	10.270	19.518	2.807	2.629	51.321	0.086	-0.092	-0.184	78.000	47.970	11.830	52.910	9.815	25.080	5.335	5.317	133.358	-0.222	0.060	0.290	78.000	44.200	16.510	51.545	15.795	20.352	7.380	7.373	150.047	-0.066	-0.129	-0.065	NaN	NaN	NaN	NaN	NaN	NaN	NaN	NaN	NaN	NaN	NaN	NaN	NaN	NaN	NaN	NaN	NaN	NaN	NaN	NaN	NaN	NaN	NaN	NaN	NaN	NaN	NaN	NaN	NaN	NaN	NaN	NaN	NaN	NaN	NaN	NaN
100	79.000	42.120	12.285	44.135	10.400	20.450	2.759	2.554	52.229	-0.075	-0.184	-0.136	79.000	42.835	14.040	53.040	9.620	20.580	11.121	11.017	226.735	5.700	0.197	-5.590	79.000	44.135	16.510	51.350	15.860	21.345	7.244	7.234	154.403	-0.139	-0.200	-0.065	NaN	NaN	NaN	NaN	NaN	NaN	NaN	NaN	NaN	NaN	NaN	NaN	NaN	NaN	NaN	NaN	NaN	NaN	NaN	NaN	NaN	NaN	NaN	NaN	NaN	NaN	NaN	NaN	NaN	NaN	NaN	NaN	NaN	NaN	NaN	NaN
101	80.000	41.990	12.155	44.070	10.465	20.412	2.680	2.549	52.027	-0.005	-0.091	-0.019	80.000	42.900	14.040	53.105	9.555	20.688	11.147	11.027	228.129	0.010	0.086	0.060	80.000	44.525	16.445	51.220	15.860	21.795	6.721	6.711	146.265	-0.523	-0.130	0.394	NaN	NaN	NaN	NaN	NaN	NaN	NaN	NaN	NaN	NaN	NaN	NaN	NaN	NaN	NaN	NaN	NaN	NaN	NaN	NaN	NaN	NaN	NaN	NaN	NaN	NaN	NaN	NaN	NaN	NaN	NaN	NaN	NaN	NaN	NaN	NaN
102	81.000	41.925	12.155	43.940	10.465	20.968	2.630	2.488	52.166	-0.061	-0.100	-0.050	81.000	42.705	14.105	53.300	9.360	21.099	11.609	11.474	242.080	0.447	0.258	-0.205	81.000	44.590	16.510	51.155	15.860	22.457	6.597	6.591	148.010	-0.120	-0.065	0.058	NaN	NaN	NaN	NaN	NaN	NaN	NaN	NaN	NaN	NaN	NaN	NaN	NaN	NaN	NaN	NaN	NaN	NaN	NaN	NaN	NaN	NaN	NaN	NaN	NaN	NaN	NaN	NaN	NaN	NaN	NaN	NaN	NaN	NaN	NaN	NaN
103	82.000	42.055	12.155	43.940	10.465	21.066	2.532	2.362	49.758	-0.126	NaN	0.097	82.000	42.965	13.975	53.365	9.360	21.367	11.378	11.251	240.390	-0.223	0.059	0.290	82.000	44.590	16.445	51.090	15.860	22.457	6.526	6.517	146.358	-0.074	-0.065	0.006	NaN	NaN	NaN	NaN	NaN	NaN	NaN	NaN	NaN	NaN	NaN	NaN	NaN	NaN	NaN	NaN	NaN	NaN	NaN	NaN	NaN	NaN	NaN	NaN	NaN	NaN	NaN	NaN	NaN	NaN	NaN	NaN	NaN	NaN	NaN	NaN
104	83.000	42.055	12.220	43.875	10.465	20.876	2.528	2.318	48.385	-0.044	-0.047	-0.045	83.000	42.965	14.040	53.430	9.360	21.190	11.464	11.318	239.824	0.067	0.059	-0.027	83.000	44.525	16.510	51.090	15.860	22.237	6.597	6.593	146.603	0.076	NaN	-0.071	NaN	NaN	NaN	NaN	NaN	NaN	NaN	NaN	NaN	NaN	NaN	NaN	NaN	NaN	NaN	NaN	NaN	NaN	NaN	NaN	NaN	NaN	NaN	NaN	NaN	NaN	NaN	NaN	NaN	NaN	NaN	NaN	NaN	NaN	NaN	NaN
105	84.000	41.990	12.220	43.875	10.530	20.731	2.532	2.355	48.828	0.038	-0.043	-0.048	84.000	43.030	14.040	53.365	9.425	21.174	11.319	11.170	236.507	-0.148	-0.086	0.059	84.000	44.395	16.575	51.155	15.860	22.026	6.798	6.796	149.683	0.203	0.065	-0.136	NaN	NaN	NaN	NaN	NaN	NaN	NaN	NaN	NaN	NaN	NaN	NaN	NaN	NaN	NaN	NaN	NaN	NaN	NaN	NaN	NaN	NaN	NaN	NaN	NaN	NaN	NaN	NaN	NaN	NaN	NaN	NaN	NaN	NaN	NaN	NaN
106	85.000	42.055	12.220	43.875	10.530	20.754	2.484	2.297	47.675	-0.058	NaN	0.048	85.000	43.030	13.910	53.235	9.620	21.162	11.070	10.976	232.265	-0.194	-0.195	0.050	85.000	44.330	16.510	51.350	15.860	21.915	7.050	7.043	154.348	0.247	0.194	-0.059	NaN	NaN	NaN	NaN	NaN	NaN	NaN	NaN	NaN	NaN	NaN	NaN	NaN	NaN	NaN	NaN	NaN	NaN	NaN	NaN	NaN	NaN	NaN	NaN	NaN	NaN	NaN	NaN	NaN	NaN	NaN	NaN	NaN	NaN	NaN	NaN
107	86.000	42.055	12.285	43.875	10.530	20.526	2.528	2.317	47.565	0.020	NaN	-0.045	86.000	42.965	13.975	53.105	9.685	20.877	11.010	10.909	227.744	-0.067	-0.145	-0.085	86.000	44.200	16.510	51.415	15.860	21.584	7.244	7.237	156.194	0.193	0.065	-0.129	NaN	NaN	NaN	NaN	NaN	NaN	NaN	NaN	NaN	NaN	NaN	NaN	NaN	NaN	NaN	NaN	NaN	NaN	NaN	NaN	NaN	NaN	NaN	NaN	NaN	NaN	NaN	NaN	NaN	NaN	NaN	NaN	NaN	NaN	NaN	NaN
108	87.000	42.055	12.350	43.810	10.530	20.031	2.528	2.278	45.626	-0.040	-0.045	-0.047	87.000	43.160	13.910	52.975	9.750	20.609	10.660	10.562	217.664	-0.347	-0.145	0.205	87.000	44.005	16.445	51.610	15.860	20.931	7.627	7.614	159.363	0.377	0.194	-0.189	NaN	NaN	NaN	NaN	NaN	NaN	NaN	NaN	NaN	NaN	NaN	NaN	NaN	NaN	NaN	NaN	NaN	NaN	NaN	NaN	NaN	NaN	NaN	NaN	NaN	NaN	NaN	NaN	NaN	NaN	NaN	NaN	NaN	NaN	NaN	NaN
109	88.000	41.860	12.415	43.810	10.530	20.792	2.712	2.483	51.625	0.205	NaN	-0.185	88.000	43.030	13.975	52.975	9.880	21.430	10.755	10.673	228.720	0.111	-0.049	-0.145	88.000	43.875	16.445	51.675	15.860	21.749	7.822	7.802	169.680	0.188	0.065	-0.130	NaN	NaN	NaN	NaN	NaN	NaN	NaN	NaN	NaN	NaN	NaN	NaN	NaN	NaN	NaN	NaN	NaN	NaN	NaN	NaN	NaN	NaN	NaN	NaN	NaN	NaN	NaN	NaN	NaN	NaN	NaN	NaN	NaN	NaN	NaN	NaN
110	89.000	41.665	12.545	43.875	10.465	20.320	3.035	2.797	56.826	0.314	0.092	-0.231	89.000	43.355	13.845	52.845	9.945	21.527	10.260	10.189	219.337	-0.484	-0.145	0.350	89.000	43.810	16.445	51.610	15.860	21.428	7.822	7.800	167.145	-0.001	-0.065	-0.065	NaN	NaN	NaN	NaN	NaN	NaN	NaN	NaN	NaN	NaN	NaN	NaN	NaN	NaN	NaN	NaN	NaN	NaN	NaN	NaN	NaN	NaN	NaN	NaN	NaN	NaN	NaN	NaN	NaN	NaN	NaN	NaN	NaN	NaN	NaN	NaN
111	90.000	41.730	12.415	43.875	10.465	20.160	2.899	2.697	54.376	-0.099	NaN	0.136	90.000	43.420	13.845	52.715	10.075	21.322	10.030	9.966	212.484	-0.223	-0.169	0.060	90.000	44.200	16.380	51.480	15.860	21.557	7.299	7.277	156.866	-0.523	-0.130	0.394	NaN	NaN	NaN	NaN	NaN	NaN	NaN	NaN	NaN	NaN	NaN	NaN	NaN	NaN	NaN	NaN	NaN	NaN	NaN	NaN	NaN	NaN	NaN	NaN	NaN	NaN	NaN	NaN	NaN	NaN	NaN	NaN	NaN	NaN	NaN	NaN
112	91.000	41.730	12.545	43.810	10.530	19.909	2.896	2.653	52.817	-0.044	-0.092	-0.090	91.000	43.485	13.845	52.585	10.140	21.179	9.825	9.759	206.683	-0.207	-0.145	0.060	91.000	43.745	16.445	51.285	15.860	20.895	7.563	7.545	157.639	0.268	-0.194	-0.459	NaN	NaN	NaN	NaN	NaN	NaN	NaN	NaN	NaN	NaN	NaN	NaN	NaN	NaN	NaN	NaN	NaN	NaN	NaN	NaN	NaN	NaN	NaN	NaN	NaN	NaN	NaN	NaN	NaN	NaN	NaN	NaN	NaN	NaN	NaN	NaN
113	92.000	41.730	12.545	43.810	10.530	20.320	2.896	2.652	53.890	-8.255E-4	NaN	NaN	92.000	43.420	13.780	52.520	10.140	21.544	9.801	9.746	209.983	-0.012	-0.060	-0.036	92.000	44.005	16.380	51.155	15.860	21.566	7.169	7.147	154.128	-0.398	-0.130	0.264	NaN	NaN	NaN	NaN	NaN	NaN	NaN	NaN	NaN	NaN	NaN	NaN	NaN	NaN	NaN	NaN	NaN	NaN	NaN	NaN	NaN	NaN	NaN	NaN	NaN	NaN	NaN	NaN	NaN	NaN	NaN	NaN	NaN	NaN	NaN	NaN
114	93.000	41.795	12.610	43.745	10.595	19.537	2.804	2.527	49.365	-0.125	-0.092	-0.002	93.000	43.355	13.845	52.390	10.140	20.643	9.765	9.697	200.176	-0.049	-0.120	-0.085	93.000	44.005	16.380	51.155	15.925	20.756	7.164	7.141	148.221	-0.006	-0.004	NaN	NaN	NaN	NaN	NaN	NaN	NaN	NaN	NaN	NaN	NaN	NaN	NaN	NaN	NaN	NaN	NaN	NaN	NaN	NaN	NaN	NaN	NaN	NaN	NaN	NaN	NaN	NaN	NaN	NaN	NaN	NaN	NaN	NaN	NaN	NaN	NaN
115	94.000	41.925	12.480	43.615	10.725	19.932	2.436	2.200	43.847	-0.327	-0.184	0.184	94.000	43.160	13.910	52.260	10.205	20.661	9.825	9.763	201.710	0.066	-0.145	-0.205	94.000	44.070	16.380	51.090	15.860	21.033	7.039	7.019	147.638	-0.122	-0.060	0.065	NaN	NaN	NaN	NaN	NaN	NaN	NaN	NaN	NaN	NaN	NaN	NaN	NaN	NaN	NaN	NaN	NaN	NaN	NaN	NaN	NaN	NaN	NaN	NaN	NaN	NaN	NaN	NaN	NaN	NaN	NaN	NaN	NaN	NaN	NaN	NaN
116	95.000	42.575	12.480	43.485	10.985	20.786	1.750	1.361	28.299	-0.838	-0.290	0.338	95.000	42.965	13.975	52.130	10.270	20.706	9.886	9.821	203.358	0.058	-0.145	-0.205	95.000	44.005	16.380	51.090	15.860	21.226	7.104	7.084	150.372	0.065	NaN	-0.065	NaN	NaN	NaN	NaN	NaN	NaN	NaN	NaN	NaN	NaN	NaN	NaN	NaN	NaN	NaN	NaN	NaN	NaN	NaN	NaN	NaN	NaN	NaN	NaN	NaN	NaN	NaN	NaN	NaN	NaN	NaN	NaN	NaN	NaN	NaN	NaN
117	96.000	42.640	12.480	43.355	11.180	20.686	1.484	1.117	23.107	-0.244	-0.234	0.031	96.000	42.900	13.910	51.935	10.400	20.491	9.693	9.653	197.793	-0.169	-0.229	-0.037	96.000	43.875	16.380	50.960	15.925	20.914	7.100	7.072	147.896	-0.013	-0.134	-0.130	NaN	NaN	NaN	NaN	NaN	NaN	NaN	NaN	NaN	NaN	NaN	NaN	NaN	NaN	NaN	NaN	NaN	NaN	NaN	NaN	NaN	NaN	NaN	NaN	NaN	NaN	NaN	NaN	NaN	NaN	NaN	NaN	NaN	NaN	NaN	NaN
118	97.000	648.000	192.000	NaN	NaN	NaN	NaN	NaN	NaN	NaN	NaN	NaN	97.000	42.900	13.975	51.870	10.400	21.884	9.656	9.614	210.401	-0.039	-0.060	-0.024	97.000	43.745	16.445	51.285	15.860	22.152	7.563	7.532	166.841	0.460	0.329	-0.135	NaN	NaN	NaN	NaN	NaN	NaN	NaN	NaN	NaN	NaN	NaN	NaN	NaN	NaN	NaN	NaN	NaN	NaN	NaN	NaN	NaN	NaN	NaN	NaN	NaN	NaN	NaN	NaN	NaN	NaN	NaN	NaN	NaN	NaN	NaN	NaN
119	98.000	43.095	12.415	43.225	11.895	21.753	0.536	0.298	6.481	0.298	NaN	NaN	98.000	42.835	14.040	51.870	10.400	21.009	9.741	9.685	203.463	0.070	NaN	-0.085	98.000	43.290	16.445	51.480	15.795	20.934	8.216	8.190	171.442	0.658	0.200	-0.454	NaN	NaN	NaN	NaN	NaN	NaN	NaN	NaN	NaN	NaN	NaN	NaN	NaN	NaN	NaN	NaN	NaN	NaN	NaN	NaN	NaN	NaN	NaN	NaN	NaN	NaN	NaN	NaN	NaN	NaN	NaN	NaN	NaN	NaN	NaN	NaN
120	99.000	NaN	NaN	NaN	NaN	NaN	NaN	NaN	NaN	NaN	NaN	NaN	99.000	42.705	14.105	51.935	10.270	21.947	9.995	9.936	218.065	0.251	0.110	-0.145	99.000	43.160	16.445	51.805	15.795	21.854	8.669	8.625	188.490	0.435	0.324	-0.130	NaN	NaN	NaN	NaN	NaN	NaN	NaN	NaN	NaN	NaN	NaN	NaN	NaN	NaN	NaN	NaN	NaN	NaN	NaN	NaN	NaN	NaN	NaN	NaN	NaN	NaN	NaN	NaN	NaN	NaN	NaN	NaN	NaN	NaN	NaN	NaN
121	100.000	NaN	NaN	NaN	NaN	NaN	NaN	NaN	NaN	NaN	NaN	NaN	100.000	42.835	13.975	52.130	10.140	21.000	10.055	9.999	209.978	0.063	0.230	0.170	100.000	43.095	16.445	51.935	15.730	20.699	8.869	8.836	182.888	0.211	0.135	-0.065	NaN	NaN	NaN	NaN	NaN	NaN	NaN	NaN	NaN	NaN	NaN	NaN	NaN	NaN	NaN	NaN	NaN	NaN	NaN	NaN	NaN	NaN	NaN	NaN	NaN	NaN	NaN	NaN	NaN	NaN	NaN	NaN	NaN	NaN	NaN	NaN
122	101.000	NaN	NaN	NaN	NaN	NaN	NaN	NaN	NaN	NaN	NaN	NaN	101.000	42.835	13.975	52.260	10.075	22.189	10.200	10.148	225.171	0.149	0.145	NaN	101.000	42.965	16.445	52.325	15.730	21.738	9.387	9.336	202.952	0.501	0.389	-0.130	NaN	NaN	NaN	NaN	NaN	NaN	NaN	NaN	NaN	NaN	NaN	NaN	NaN	NaN	NaN	NaN	NaN	NaN	NaN	NaN	NaN	NaN	NaN	NaN	NaN	NaN	NaN	NaN	NaN	NaN	NaN	NaN	NaN	NaN	NaN	NaN
123	102.000	NaN	NaN	NaN	NaN	NaN	NaN	NaN	NaN	NaN	NaN	NaN	102.000	42.835	14.040	52.455	9.945	22.189	10.455	10.391	230.558	0.243	0.230	-0.025	102.000	42.835	16.510	52.585	15.730	21.610	9.781	9.731	210.278	0.394	0.259	-0.135	NaN	NaN	NaN	NaN	NaN	NaN	NaN	NaN	NaN	NaN	NaN	NaN	NaN	NaN	NaN	NaN	NaN	NaN	NaN	NaN	NaN	NaN	NaN	NaN	NaN	NaN	NaN	NaN	NaN	NaN	NaN	NaN	NaN	NaN	NaN	NaN
124	103.000	NaN	NaN	NaN	NaN	NaN	NaN	NaN	NaN	NaN	NaN	NaN	103.000	42.835	13.975	52.650	9.880	22.170	10.635	10.574	234.437	0.184	0.205	0.025	103.000	42.640	16.445	52.780	15.730	21.406	10.165	10.104	216.290	0.373	0.195	-0.190	NaN	NaN	NaN	NaN	NaN	NaN	NaN	NaN	NaN	NaN	NaN	NaN	NaN	NaN	NaN	NaN	NaN	NaN	NaN	NaN	NaN	NaN	NaN	NaN	NaN	NaN	NaN	NaN	NaN	NaN	NaN	NaN	NaN	NaN	NaN	NaN
125	104.000	NaN	NaN	NaN	NaN	NaN	NaN	NaN	NaN	NaN	NaN	NaN	104.000	42.770	14.040	52.845	9.750	22.090	10.950	10.877	240.259	0.302	0.230	-0.085	104.000	42.640	16.445	53.040	15.795	21.406	10.420	10.348	221.517	0.244	0.255	NaN	NaN	NaN	NaN	NaN	NaN	NaN	NaN	NaN	NaN	NaN	NaN	NaN	NaN	NaN	NaN	NaN	NaN	NaN	NaN	NaN	NaN	NaN	NaN	NaN	NaN	NaN	NaN	NaN	NaN	NaN	NaN	NaN	NaN	NaN	NaN	NaN
126	105.000	NaN	NaN	NaN	NaN	NaN	NaN	NaN	NaN	NaN	NaN	NaN	105.000	42.835	13.975	53.040	9.620	22.170	11.095	11.022	244.366	0.146	0.230	0.085	105.000	42.510	16.510	53.235	15.795	21.267	10.749	10.682	227.170	0.334	0.195	-0.134	NaN	NaN	NaN	NaN	NaN	NaN	NaN	NaN	NaN	NaN	NaN	NaN	NaN	NaN	NaN	NaN	NaN	NaN	NaN	NaN	NaN	NaN	NaN	NaN	NaN	NaN	NaN	NaN	NaN	NaN	NaN	NaN	NaN	NaN	NaN	NaN
127	106.000	NaN	NaN	NaN	NaN	NaN	NaN	NaN	NaN	NaN	NaN	NaN	106.000	48.100	11.830	52.650	9.815	25.162	4.976	4.946	124.456	-6.076	-0.436	5.683	106.000	42.900	16.445	53.495	15.795	19.021	10.615	10.565	200.971	-0.116	0.260	0.393	NaN	NaN	NaN	NaN	NaN	NaN	NaN	NaN	NaN	NaN	NaN	NaN	NaN	NaN	NaN	NaN	NaN	NaN	NaN	NaN	NaN	NaN	NaN	NaN	NaN	NaN	NaN	NaN	NaN	NaN	NaN	NaN	NaN	NaN	NaN	NaN
128	107.000	NaN	NaN	NaN	NaN	NaN	NaN	NaN	NaN	NaN	NaN	NaN	107.000	47.840	12.025	53.560	9.425	25.018	6.283	6.238	156.055	1.291	0.990	-0.317	107.000	42.835	16.380	53.690	15.665	19.117	10.879	10.822	206.894	0.257	0.203	-0.061	NaN	NaN	NaN	NaN	NaN	NaN	NaN	NaN	NaN	NaN	NaN	NaN	NaN	NaN	NaN	NaN	NaN	NaN	NaN	NaN	NaN	NaN	NaN	NaN	NaN	NaN	NaN	NaN	NaN	NaN	NaN	NaN	NaN	NaN	NaN	NaN
129	108.000	NaN	NaN	NaN	NaN	NaN	NaN	NaN	NaN	NaN	NaN	NaN	108.000	48.230	11.765	53.755	9.360	25.263	6.026	5.996	151.479	-0.242	0.205	0.461	108.000	42.770	16.380	53.820	15.665	18.850	11.073	11.016	207.650	0.194	0.130	-0.065	NaN	NaN	NaN	NaN	NaN	NaN	NaN	NaN	NaN	NaN	NaN	NaN	NaN	NaN	NaN	NaN	NaN	NaN	NaN	NaN	NaN	NaN	NaN	NaN	NaN	NaN	NaN	NaN	NaN	NaN	NaN	NaN	NaN	NaN	NaN	NaN
130	109.000	NaN	NaN	NaN	NaN	NaN	NaN	NaN	NaN	NaN	NaN	NaN	109.000	48.035	11.830	53.885	9.230	25.162	6.402	6.362	160.085	0.366	0.172	-0.205	109.000	42.900	16.315	53.755	15.665	19.106	10.874	10.815	206.645	-0.200	-0.065	0.134	NaN	NaN	NaN	NaN	NaN	NaN	NaN	NaN	NaN	NaN	NaN	NaN	NaN	NaN	NaN	NaN	NaN	NaN	NaN	NaN	NaN	NaN	NaN	NaN	NaN	NaN	NaN	NaN	NaN	NaN	NaN	NaN	NaN	NaN	NaN	NaN
131	110.000	NaN	NaN	NaN	NaN	NaN	NaN	NaN	NaN	NaN	NaN	NaN	110.000	47.580	11.960	53.885	9.230	24.875	6.871	6.834	169.993	0.472	NaN	-0.469	110.000	42.770	16.315	53.820	15.665	19.171	11.069	11.008	211.039	0.193	0.065	-0.130	NaN	NaN	NaN	NaN	NaN	NaN	NaN	NaN	NaN	NaN	NaN	NaN	NaN	NaN	NaN	NaN	NaN	NaN	NaN	NaN	NaN	NaN	NaN	NaN	NaN	NaN	NaN	NaN	NaN	NaN	NaN	NaN	NaN	NaN	NaN	NaN
132	111.000	NaN	NaN	NaN	NaN	NaN	NaN	NaN	NaN	NaN	NaN	NaN	111.000	42.705	14.105	54.210	9.035	21.322	12.573	12.443	265.313	5.609	0.376	-5.326	111.000	42.770	16.315	53.885	15.665	20.902	11.134	11.066	231.306	0.058	0.065	NaN	NaN	NaN	NaN	NaN	NaN	NaN	NaN	NaN	NaN	NaN	NaN	NaN	NaN	NaN	NaN	NaN	NaN	NaN	NaN	NaN	NaN	NaN	NaN	NaN	NaN	NaN	NaN	NaN	NaN	NaN	NaN	NaN	NaN	NaN	NaN	NaN
133	112.000	NaN	NaN	NaN	NaN	NaN	NaN	NaN	NaN	NaN	NaN	NaN	112.000	42.900	14.105	53.885	9.230	21.510	12.018	11.886	255.659	-0.558	-0.376	0.178	112.000	42.575	16.315	53.820	15.665	20.710	11.264	11.192	231.792	0.126	-0.065	-0.195	NaN	NaN	NaN	NaN	NaN	NaN	NaN	NaN	NaN	NaN	NaN	NaN	NaN	NaN	NaN	NaN	NaN	NaN	NaN	NaN	NaN	NaN	NaN	NaN	NaN	NaN	NaN	NaN	NaN	NaN	NaN	NaN	NaN	NaN	NaN	NaN
134	113.000	NaN	NaN	NaN	NaN	NaN	NaN	NaN	NaN	NaN	NaN	NaN	113.000	42.705	14.105	54.275	9.035	21.116	12.632	12.505	264.063	0.619	0.435	-0.179	113.000	42.575	16.380	53.755	15.665	20.496	11.203	11.145	228.420	-0.048	-0.065	-0.004	NaN	NaN	NaN	NaN	NaN	NaN	NaN	NaN	NaN	NaN	NaN	NaN	NaN	NaN	NaN	NaN	NaN	NaN	NaN	NaN	NaN	NaN	NaN	NaN	NaN	NaN	NaN	NaN	NaN	NaN	NaN	NaN	NaN	NaN	NaN	NaN
135	114.000	NaN	NaN	NaN	NaN	NaN	NaN	NaN	NaN	NaN	NaN	NaN	114.000	42.770	14.170	53.365	9.490	21.224	11.583	11.454	243.094	-1.052	-1.016	0.033	114.000	42.510	16.380	53.690	15.665	20.496	11.203	11.145	228.420	NaN	-0.065	-0.065	NaN	NaN	NaN	NaN	NaN	NaN	NaN	NaN	NaN	NaN	NaN	NaN	NaN	NaN	NaN	NaN	NaN	NaN	NaN	NaN	NaN	NaN	NaN	NaN	NaN	NaN	NaN	NaN	NaN	NaN	NaN	NaN	NaN	NaN	NaN	NaN
136	115.000	NaN	NaN	NaN	NaN	NaN	NaN	NaN	NaN	NaN	NaN	NaN	115.000	42.835	14.105	53.365	9.490	21.732	11.497	11.384	247.391	-0.070	NaN	0.086	115.000	42.770	16.315	53.950	15.665	21.180	11.199	11.125	235.637	-0.019	0.260	0.263	NaN	NaN	NaN	NaN	NaN	NaN	NaN	NaN	NaN	NaN	NaN	NaN	NaN	NaN	NaN	NaN	NaN	NaN	NaN	NaN	NaN	NaN	NaN	NaN	NaN	NaN	NaN	NaN	NaN	NaN	NaN	NaN	NaN	NaN	NaN	NaN
137	116.000	NaN	NaN	NaN	NaN	NaN	NaN	NaN	NaN	NaN	NaN	NaN	116.000	42.900	14.105	53.365	9.490	21.419	11.437	11.328	242.629	-0.056	NaN	0.059	116.000	42.640	16.250	54.015	15.665	20.680	11.390	11.296	233.592	0.170	0.065	-0.126	NaN	NaN	NaN	NaN	NaN	NaN	NaN	NaN	NaN	NaN	NaN	NaN	NaN	NaN	NaN	NaN	NaN	NaN	NaN	NaN	NaN	NaN	NaN	NaN	NaN	NaN	NaN	NaN	NaN	NaN	NaN	NaN	NaN	NaN	NaN	NaN
138	117.000	NaN	NaN	NaN	NaN	NaN	NaN	NaN	NaN	NaN	NaN	NaN	117.000	42.965	14.040	53.430	9.425	21.607	11.437	11.324	244.670	-0.004	0.086	0.086	117.000	42.705	16.250	54.210	15.665	20.860	11.520	11.431	238.442	0.135	0.195	0.065	NaN	NaN	NaN	NaN	NaN	NaN	NaN	NaN	NaN	NaN	NaN	NaN	NaN	NaN	NaN	NaN	NaN	NaN	NaN	NaN	NaN	NaN	NaN	NaN	NaN	NaN	NaN	NaN	NaN	NaN	NaN	NaN	NaN	NaN	NaN	NaN
139	118.000	NaN	NaN	NaN	NaN	NaN	NaN	NaN	NaN	NaN	NaN	NaN	118.000	42.965	14.040	53.495	9.425	21.705	11.497	11.394	247.306	0.070	0.060	NaN	118.000	42.510	16.185	54.340	15.600	20.767	11.844	11.735	243.694	0.304	0.133	-0.192	NaN	NaN	NaN	NaN	NaN	NaN	NaN	NaN	NaN	NaN	NaN	NaN	NaN	NaN	NaN	NaN	NaN	NaN	NaN	NaN	NaN	NaN	NaN	NaN	NaN	NaN	NaN	NaN	NaN	NaN	NaN	NaN	NaN	NaN	NaN	NaN
140	119.000	NaN	NaN	NaN	NaN	NaN	NaN	NaN	NaN	NaN	NaN	NaN	119.000	42.900	14.105	53.495	9.425	21.625	11.583	11.471	248.058	0.077	NaN	-0.086	119.000	42.575	16.250	54.470	15.535	20.819	11.916	11.828	246.246	0.093	0.134	0.061	NaN	NaN	NaN	NaN	NaN	NaN	NaN	NaN	NaN	NaN	NaN	NaN	NaN	NaN	NaN	NaN	NaN	NaN	NaN	NaN	NaN	NaN	NaN	NaN	NaN	NaN	NaN	NaN	NaN	NaN	NaN	NaN	NaN	NaN	NaN	NaN
141	120.000	NaN	NaN	NaN	NaN	NaN	NaN	NaN	NaN	NaN	NaN	NaN	120.000	42.900	14.105	53.495	9.425	21.643	11.583	11.476	248.362	0.005	NaN	NaN	120.000	42.575	16.185	54.470	15.600	20.843	11.909	11.794	245.832	-0.033	-0.003	0.003	NaN	NaN	NaN	NaN	NaN	NaN	NaN	NaN	NaN	NaN	NaN	NaN	NaN	NaN	NaN	NaN	NaN	NaN	NaN	NaN	NaN	NaN	NaN	NaN	NaN	NaN	NaN	NaN	NaN	NaN	NaN	NaN	NaN	NaN	NaN	NaN
