 	T (0)	Base X (0)	Base Y (0)	Tip X (0)	Tip Y (0)	||[body,base]|| (0)	||[base,tip]||  (0)	||[base,tip]|| : [body,base] (0)	[base,tip] ? [body,base] (0)	?||[base,tip]|| : [body,base] (0)	||[tip(t-1),tip(t)]|| : [base,tip] (0)	||[base(t-1),base(t)]|| : [base,tip] (0)	T (1)	Base X (1)	Base Y (1)	Tip X (1)	Tip Y (1)	||[body,base]|| (1)	||[base,tip]||  (1)	||[base,tip]|| : [body,base] (1)	[base,tip] ? [body,base] (1)	?||[base,tip]|| : [body,base] (1)	||[tip(t-1),tip(t)]|| : [base,tip] (1)	||[base(t-1),base(t)]|| : [base,tip] (1)	T (2)	Base X (2)	Base Y (2)	Tip X (2)	Tip Y (2)	||[body,base]|| (2)	||[base,tip]||  (2)	||[base,tip]|| : [body,base] (2)	[base,tip] ? [body,base] (2)	?||[base,tip]|| : [body,base] (2)	||[tip(t-1),tip(t)]|| : [base,tip] (2)	||[base(t-1),base(t)]|| : [base,tip] (2)	T (3)	Base X (3)	Base Y (3)	Tip X (3)	Tip Y (3)	||[body,base]|| (3)	||[base,tip]||  (3)	||[base,tip]|| : [body,base] (3)	[base,tip] ? [body,base] (3)	?||[base,tip]|| : [body,base] (3)	||[tip(t-1),tip(t)]|| : [base,tip] (3)	||[base(t-1),base(t)]|| : [base,tip] (3)	T (4)	Base X (4)	Base Y (4)	Tip X (4)	Tip Y (4)	||[body,base]|| (4)	||[base,tip]||  (4)	||[base,tip]|| : [body,base] (4)	[base,tip] ? [body,base] (4)	?||[base,tip]|| : [body,base] (4)	||[tip(t-1),tip(t)]|| : [base,tip] (4)	||[base(t-1),base(t)]|| : [base,tip] (4)	T (5)	Base X (5)	Base Y (5)	Tip X (5)	Tip Y (5)	||[body,base]|| (5)	||[base,tip]||  (5)	||[base,tip]|| : [body,base] (5)	[base,tip] ? [body,base] (5)	?||[base,tip]|| : [body,base] (5)	||[tip(t-1),tip(t)]|| : [base,tip] (5)	||[base(t-1),base(t)]|| : [base,tip] (5)	T (6)	Base X (6)	Base Y (6)	Tip X (6)	Tip Y (6)	||[body,base]|| (6)	||[base,tip]||  (6)	||[base,tip]|| : [body,base] (6)	[base,tip] ? [body,base] (6)	?||[base,tip]|| : [body,base] (6)	||[tip(t-1),tip(t)]|| : [base,tip] (6)	||[base(t-1),base(t)]|| : [base,tip] (6)
1	-20.000	NaN	NaN	NaN	NaN	NaN	NaN	NaN	NaN	NaN	NaN	NaN	NaN	NaN	NaN	NaN	NaN	NaN	NaN	NaN	NaN	NaN	NaN	NaN	NaN	NaN	NaN	NaN	NaN	NaN	NaN	NaN	NaN	NaN	NaN	NaN	NaN	NaN	NaN	NaN	NaN	NaN	NaN	NaN	NaN	NaN	NaN	NaN	21.000	380.000	382.000	NaN	NaN	NaN	NaN	NaN	NaN	NaN	NaN	NaN	22.000	374.000	395.000	NaN	NaN	NaN	NaN	NaN	NaN	NaN	NaN	NaN	66.000	320.000	303.000	NaN	NaN	NaN	NaN	NaN	NaN	NaN	NaN	NaN
2	-19.000	NaN	NaN	NaN	NaN	NaN	NaN	NaN	NaN	NaN	NaN	NaN	NaN	NaN	NaN	NaN	NaN	NaN	NaN	NaN	NaN	NaN	NaN	NaN	NaN	NaN	NaN	NaN	NaN	NaN	NaN	NaN	NaN	NaN	NaN	NaN	NaN	NaN	NaN	NaN	NaN	NaN	NaN	NaN	NaN	NaN	NaN	NaN	22.000	380.000	382.000	NaN	NaN	NaN	NaN	NaN	NaN	NaN	NaN	NaN	23.000	357.000	456.000	NaN	NaN	NaN	NaN	NaN	NaN	NaN	NaN	NaN	67.000	322.000	302.000	NaN	NaN	NaN	NaN	NaN	NaN	NaN	NaN	NaN
3	-18.000	NaN	NaN	NaN	NaN	NaN	NaN	NaN	NaN	NaN	NaN	NaN	NaN	NaN	NaN	NaN	NaN	NaN	NaN	NaN	NaN	NaN	NaN	NaN	NaN	NaN	NaN	NaN	NaN	NaN	NaN	NaN	NaN	NaN	NaN	NaN	NaN	NaN	NaN	NaN	NaN	NaN	NaN	NaN	NaN	NaN	NaN	NaN	23.000	380.000	381.000	NaN	NaN	NaN	NaN	NaN	NaN	NaN	NaN	NaN	24.000	357.000	453.000	NaN	NaN	NaN	NaN	NaN	NaN	NaN	NaN	NaN	68.000	320.000	304.000	NaN	NaN	NaN	NaN	NaN	NaN	NaN	NaN	NaN
4	-17.000	NaN	NaN	NaN	NaN	NaN	NaN	NaN	NaN	NaN	NaN	NaN	NaN	NaN	NaN	NaN	NaN	NaN	NaN	NaN	NaN	NaN	NaN	NaN	NaN	NaN	NaN	NaN	NaN	NaN	NaN	NaN	NaN	NaN	NaN	NaN	NaN	NaN	NaN	NaN	NaN	NaN	NaN	NaN	NaN	NaN	NaN	NaN	24.000	382.000	380.000	NaN	NaN	NaN	NaN	NaN	NaN	NaN	NaN	NaN	25.000	359.000	455.000	NaN	NaN	NaN	NaN	NaN	NaN	NaN	NaN	NaN	69.000	321.000	302.000	NaN	NaN	NaN	NaN	NaN	NaN	NaN	NaN	NaN
5	-16.000	NaN	NaN	NaN	NaN	NaN	NaN	NaN	NaN	NaN	NaN	NaN	NaN	NaN	NaN	NaN	NaN	NaN	NaN	NaN	NaN	NaN	NaN	NaN	NaN	NaN	NaN	NaN	NaN	NaN	NaN	NaN	NaN	NaN	NaN	NaN	NaN	NaN	NaN	NaN	NaN	NaN	NaN	NaN	NaN	NaN	NaN	NaN	25.000	383.000	381.000	NaN	NaN	NaN	NaN	NaN	NaN	NaN	NaN	NaN	26.000	361.000	454.000	NaN	NaN	NaN	NaN	NaN	NaN	NaN	NaN	NaN	70.000	322.000	305.000	NaN	NaN	NaN	NaN	NaN	NaN	NaN	NaN	NaN
6	-15.000	NaN	NaN	NaN	NaN	NaN	NaN	NaN	NaN	NaN	NaN	NaN	NaN	NaN	NaN	NaN	NaN	NaN	NaN	NaN	NaN	NaN	NaN	NaN	NaN	NaN	NaN	NaN	NaN	NaN	NaN	NaN	NaN	NaN	NaN	NaN	NaN	NaN	NaN	NaN	NaN	NaN	NaN	NaN	NaN	NaN	NaN	NaN	26.000	383.000	382.000	NaN	NaN	NaN	NaN	NaN	NaN	NaN	NaN	NaN	27.000	363.000	453.000	NaN	NaN	NaN	NaN	NaN	NaN	NaN	NaN	NaN	71.000	320.000	310.000	NaN	NaN	NaN	NaN	NaN	NaN	NaN	NaN	NaN
7	-14.000	NaN	NaN	NaN	NaN	NaN	NaN	NaN	NaN	NaN	NaN	NaN	NaN	NaN	NaN	NaN	NaN	NaN	NaN	NaN	NaN	NaN	NaN	NaN	NaN	NaN	NaN	NaN	NaN	NaN	NaN	NaN	NaN	NaN	NaN	NaN	NaN	NaN	NaN	NaN	NaN	NaN	NaN	NaN	NaN	NaN	NaN	NaN	27.000	383.000	381.000	NaN	NaN	NaN	NaN	NaN	NaN	NaN	NaN	NaN	28.000	381.000	401.000	NaN	NaN	NaN	NaN	NaN	NaN	NaN	NaN	NaN	72.000	319.000	310.000	NaN	NaN	NaN	NaN	NaN	NaN	NaN	NaN	NaN
8	-13.000	NaN	NaN	NaN	NaN	NaN	NaN	NaN	NaN	NaN	NaN	NaN	NaN	NaN	NaN	NaN	NaN	NaN	NaN	NaN	NaN	NaN	NaN	NaN	NaN	NaN	NaN	NaN	NaN	NaN	NaN	NaN	NaN	NaN	NaN	NaN	NaN	NaN	NaN	NaN	NaN	NaN	NaN	NaN	NaN	NaN	NaN	NaN	28.000	381.000	382.000	NaN	NaN	NaN	NaN	NaN	NaN	NaN	NaN	NaN	29.000	383.000	403.000	NaN	NaN	NaN	NaN	NaN	NaN	NaN	NaN	NaN	73.000	324.000	303.000	NaN	NaN	NaN	NaN	NaN	NaN	NaN	NaN	NaN
9	-12.000	NaN	NaN	NaN	NaN	NaN	NaN	NaN	NaN	NaN	NaN	NaN	NaN	NaN	NaN	NaN	NaN	NaN	NaN	NaN	NaN	NaN	NaN	NaN	NaN	NaN	NaN	NaN	NaN	NaN	NaN	NaN	NaN	NaN	NaN	NaN	NaN	NaN	NaN	NaN	NaN	NaN	NaN	NaN	NaN	NaN	NaN	NaN	29.000	381.000	382.000	NaN	NaN	NaN	NaN	NaN	NaN	NaN	NaN	NaN	30.000	383.000	408.000	NaN	NaN	NaN	NaN	NaN	NaN	NaN	NaN	NaN	74.000	324.000	306.000	NaN	NaN	NaN	NaN	NaN	NaN	NaN	NaN	NaN
10	-11.000	NaN	NaN	NaN	NaN	NaN	NaN	NaN	NaN	NaN	NaN	NaN	NaN	NaN	NaN	NaN	NaN	NaN	NaN	NaN	NaN	NaN	NaN	NaN	NaN	NaN	NaN	NaN	NaN	NaN	NaN	NaN	NaN	NaN	NaN	NaN	NaN	NaN	NaN	NaN	NaN	NaN	NaN	NaN	NaN	NaN	NaN	NaN	30.000	382.000	380.000	NaN	NaN	NaN	NaN	NaN	NaN	NaN	NaN	NaN	31.000	387.000	414.000	NaN	NaN	NaN	NaN	NaN	NaN	NaN	NaN	NaN	75.000	324.000	311.000	NaN	NaN	NaN	NaN	NaN	NaN	NaN	NaN	NaN
11	-10.000	NaN	NaN	NaN	NaN	NaN	NaN	NaN	NaN	NaN	NaN	NaN	NaN	NaN	NaN	NaN	NaN	NaN	NaN	NaN	NaN	NaN	NaN	NaN	NaN	NaN	NaN	NaN	NaN	NaN	NaN	NaN	NaN	NaN	NaN	NaN	NaN	NaN	NaN	NaN	NaN	NaN	NaN	NaN	NaN	NaN	NaN	NaN	31.000	381.000	380.000	NaN	NaN	NaN	NaN	NaN	NaN	NaN	NaN	NaN	32.000	386.000	416.000	NaN	NaN	NaN	NaN	NaN	NaN	NaN	NaN	NaN	76.000	321.000	312.000	NaN	NaN	NaN	NaN	NaN	NaN	NaN	NaN	NaN
12	-9.000	NaN	NaN	NaN	NaN	NaN	NaN	NaN	NaN	NaN	NaN	NaN	NaN	NaN	NaN	NaN	NaN	NaN	NaN	NaN	NaN	NaN	NaN	NaN	NaN	NaN	NaN	NaN	NaN	NaN	NaN	NaN	NaN	NaN	NaN	NaN	NaN	NaN	NaN	NaN	NaN	NaN	NaN	NaN	NaN	NaN	NaN	NaN	32.000	382.000	380.000	NaN	NaN	NaN	NaN	NaN	NaN	NaN	NaN	NaN	33.000	390.000	415.000	NaN	NaN	NaN	NaN	NaN	NaN	NaN	NaN	NaN	77.000	325.000	310.000	NaN	NaN	NaN	NaN	NaN	NaN	NaN	NaN	NaN
13	-8.000	NaN	NaN	NaN	NaN	NaN	NaN	NaN	NaN	NaN	NaN	NaN	NaN	NaN	NaN	NaN	NaN	NaN	NaN	NaN	NaN	NaN	NaN	NaN	NaN	NaN	NaN	NaN	NaN	NaN	NaN	NaN	NaN	NaN	NaN	NaN	NaN	NaN	NaN	NaN	NaN	NaN	NaN	NaN	NaN	NaN	NaN	NaN	33.000	384.000	382.000	NaN	NaN	NaN	NaN	NaN	NaN	NaN	NaN	NaN	34.000	391.000	420.000	NaN	NaN	NaN	NaN	NaN	NaN	NaN	NaN	NaN	78.000	331.000	311.000	NaN	NaN	NaN	NaN	NaN	NaN	NaN	NaN	NaN
14	-7.000	NaN	NaN	NaN	NaN	NaN	NaN	NaN	NaN	NaN	NaN	NaN	NaN	NaN	NaN	NaN	NaN	NaN	NaN	NaN	NaN	NaN	NaN	NaN	NaN	NaN	NaN	NaN	NaN	NaN	NaN	NaN	NaN	NaN	NaN	NaN	NaN	NaN	NaN	NaN	NaN	NaN	NaN	NaN	NaN	NaN	NaN	NaN	34.000	385.000	382.000	NaN	NaN	NaN	NaN	NaN	NaN	NaN	NaN	NaN	35.000	393.000	420.000	NaN	NaN	NaN	NaN	NaN	NaN	NaN	NaN	NaN	79.000	325.000	316.000	NaN	NaN	NaN	NaN	NaN	NaN	NaN	NaN	NaN
15	-6.000	NaN	NaN	NaN	NaN	NaN	NaN	NaN	NaN	NaN	NaN	NaN	NaN	NaN	NaN	NaN	NaN	NaN	NaN	NaN	NaN	NaN	NaN	NaN	NaN	NaN	NaN	NaN	NaN	NaN	NaN	NaN	NaN	NaN	NaN	NaN	NaN	NaN	NaN	NaN	NaN	NaN	NaN	NaN	NaN	NaN	NaN	NaN	35.000	386.000	384.000	NaN	NaN	NaN	NaN	NaN	NaN	NaN	NaN	NaN	36.000	389.000	420.000	NaN	NaN	NaN	NaN	NaN	NaN	NaN	NaN	NaN	80.000	332.000	311.000	NaN	NaN	NaN	NaN	NaN	NaN	NaN	NaN	NaN
16	-5.000	NaN	NaN	NaN	NaN	NaN	NaN	NaN	NaN	NaN	NaN	NaN	NaN	NaN	NaN	NaN	NaN	NaN	NaN	NaN	NaN	NaN	NaN	NaN	NaN	NaN	NaN	NaN	NaN	NaN	NaN	NaN	NaN	NaN	NaN	NaN	NaN	NaN	NaN	NaN	NaN	NaN	NaN	NaN	NaN	NaN	NaN	NaN	36.000	385.000	382.000	NaN	NaN	NaN	NaN	NaN	NaN	NaN	NaN	NaN	37.000	389.000	421.000	NaN	NaN	NaN	NaN	NaN	NaN	NaN	NaN	NaN	81.000	323.000	319.000	NaN	NaN	NaN	NaN	NaN	NaN	NaN	NaN	NaN
17	-4.000	NaN	NaN	NaN	NaN	NaN	NaN	NaN	NaN	NaN	NaN	NaN	NaN	NaN	NaN	NaN	NaN	NaN	NaN	NaN	NaN	NaN	NaN	NaN	NaN	NaN	NaN	NaN	NaN	NaN	NaN	NaN	NaN	NaN	NaN	NaN	NaN	NaN	NaN	NaN	NaN	NaN	NaN	NaN	NaN	NaN	NaN	NaN	37.000	384.000	382.000	NaN	NaN	NaN	NaN	NaN	NaN	NaN	NaN	NaN	38.000	386.000	421.000	NaN	NaN	NaN	NaN	NaN	NaN	NaN	NaN	NaN	82.000	325.000	317.000	NaN	NaN	NaN	NaN	NaN	NaN	NaN	NaN	NaN
18	-3.000	NaN	NaN	NaN	NaN	NaN	NaN	NaN	NaN	NaN	NaN	NaN	NaN	NaN	NaN	NaN	NaN	NaN	NaN	NaN	NaN	NaN	NaN	NaN	NaN	NaN	NaN	NaN	NaN	NaN	NaN	NaN	NaN	NaN	NaN	NaN	NaN	NaN	NaN	NaN	NaN	NaN	NaN	NaN	NaN	NaN	NaN	NaN	38.000	384.000	383.000	NaN	NaN	NaN	NaN	NaN	NaN	NaN	NaN	NaN	39.000	391.000	428.000	NaN	NaN	NaN	NaN	NaN	NaN	NaN	NaN	NaN	83.000	320.000	322.000	NaN	NaN	NaN	NaN	NaN	NaN	NaN	NaN	NaN
19	-2.000	NaN	NaN	NaN	NaN	NaN	NaN	NaN	NaN	NaN	NaN	NaN	NaN	NaN	NaN	NaN	NaN	NaN	NaN	NaN	NaN	NaN	NaN	NaN	NaN	NaN	NaN	NaN	NaN	NaN	NaN	NaN	NaN	NaN	NaN	NaN	NaN	NaN	NaN	NaN	NaN	NaN	NaN	NaN	NaN	NaN	NaN	NaN	39.000	381.000	382.000	NaN	NaN	NaN	NaN	NaN	NaN	NaN	NaN	NaN	40.000	393.000	433.000	NaN	NaN	NaN	NaN	NaN	NaN	NaN	NaN	NaN	84.000	326.000	319.000	NaN	NaN	NaN	NaN	NaN	NaN	NaN	NaN	NaN
20	-1.000	NaN	NaN	NaN	NaN	NaN	NaN	NaN	NaN	NaN	NaN	NaN	NaN	NaN	NaN	NaN	NaN	NaN	NaN	NaN	NaN	NaN	NaN	NaN	NaN	NaN	NaN	NaN	NaN	NaN	NaN	NaN	NaN	NaN	NaN	NaN	NaN	NaN	NaN	NaN	NaN	NaN	NaN	NaN	NaN	NaN	NaN	NaN	40.000	380.000	382.000	NaN	NaN	NaN	NaN	NaN	NaN	NaN	NaN	NaN	41.000	393.000	432.000	NaN	NaN	NaN	NaN	NaN	NaN	NaN	NaN	NaN	85.000	323.000	322.000	NaN	NaN	NaN	NaN	NaN	NaN	NaN	NaN	NaN
21	0.000	22.490	21.450	26.715	11.765	14.345	10.566	9.932	142.467	NaN	NaN	NaN	0.000	24.310	22.685	26.195	21.970	14.862	2.016	1.925	28.607	NaN	NaN	NaN	0.000	17.225	29.965	14.625	27.105	4.985	3.865	-1.326	-6.608	NaN	NaN	NaN	0.000	19.175	35.425	27.105	43.485	7.475	11.307	10.819	80.875	NaN	NaN	NaN	41.000	25.285	25.155	29.185	24.700	13.986	3.926	3.657	51.152	3.657	NaN	NaN	42.000	25.870	28.535	25.935	28.665	13.180	0.145	0.032	0.427	0.032	NaN	NaN	86.000	20.605	19.955	17.810	11.635	13.031	8.777	5.702	74.305	5.702	NaN	NaN
22	1.000	22.750	21.190	26.845	11.635	14.762	10.396	9.779	144.356	-0.153	0.171	0.341	1.000	24.440	22.685	26.325	21.905	14.994	2.040	1.963	29.427	0.038	0.145	0.120	1.000	16.900	29.640	14.690	27.105	4.830	3.363	-0.705	-3.405	0.620	-0.043	0.459	1.000	19.110	35.360	27.040	43.485	7.269	11.353	10.799	78.492	-0.020	-0.045	-0.092	42.000	25.285	25.090	29.380	24.635	13.872	4.120	3.823	53.028	0.165	0.201	0.007	43.000	25.805	28.340	26.065	28.470	13.195	0.291	0.221	2.915	0.189	0.029	-0.145	87.000	20.800	20.410	17.810	11.635	12.912	9.270	5.826	75.222	0.124	NaN	-0.494
23	2.000	23.335	19.760	26.975	11.440	15.732	9.081	8.585	135.065	-1.193	0.231	1.545	2.000	24.180	22.685	26.455	21.970	14.391	2.385	2.248	32.355	0.286	0.105	-0.248	2.000	17.095	29.770	14.755	27.170	4.687	3.498	-1.341	-6.287	-0.636	-0.092	-0.227	2.000	19.890	36.205	26.975	43.420	8.708	10.112	9.910	86.291	-0.889	-0.092	1.149	43.000	25.545	25.155	29.640	24.570	14.070	4.137	3.916	55.098	0.093	0.267	0.248	44.000	24.960	27.885	26.130	28.600	12.634	1.371	0.931	11.758	0.710	0.123	-0.958	88.000	21.255	21.645	17.745	11.440	12.012	10.792	5.990	71.956	0.164	0.206	-1.316
24	3.000	23.400	19.370	27.170	11.310	15.920	8.898	8.496	135.259	-0.089	0.200	0.381	3.000	24.115	22.750	26.520	21.840	14.184	2.571	2.478	35.144	0.229	0.107	-0.084	3.000	17.225	29.770	14.755	27.235	4.750	3.539	-1.637	-7.778	-0.296	-0.047	-0.091	3.000	19.435	35.685	27.040	43.355	8.149	10.801	10.592	86.308	0.682	-3.912E-4	-0.690	44.000	25.480	25.155	29.835	24.635	14.099	4.386	4.143	58.411	0.227	0.186	-0.065	45.000	25.155	28.080	26.130	28.600	12.599	1.105	0.804	10.127	-0.127	NaN	0.264	89.000	21.255	21.840	17.745	11.570	9.955	10.853	4.047	40.290	-1.943	-0.123	-0.185
25	4.000	23.400	19.370	27.235	11.180	15.916	9.043	8.621	137.203	0.124	0.145	NaN	4.000	24.115	22.815	26.650	21.775	14.160	2.740	2.666	37.750	0.188	0.145	-0.025	4.000	17.160	29.640	14.755	27.235	4.769	3.401	-1.573	-7.504	0.064	NaN	0.138	4.000	19.435	35.555	26.975	43.355	8.167	10.849	10.585	86.444	-0.007	-0.045	-0.093	45.000	25.870	25.025	29.900	24.635	14.360	4.049	3.785	54.350	-0.358	0.065	0.401	46.000	25.415	28.210	26.195	28.535	12.913	0.845	0.670	8.657	-0.133	0.035	0.290	90.000	21.320	21.970	17.615	11.245	12.202	11.347	6.012	73.363	1.965	0.350	-0.144
26	5.000	23.335	19.565	27.365	10.985	15.776	9.479	9.032	142.492	0.412	0.232	-0.204	5.000	24.245	22.815	26.780	21.645	14.304	2.792	2.743	39.229	0.077	0.173	0.118	5.000	17.095	29.510	14.755	27.300	4.770	3.219	-1.447	-6.904	0.126	-0.045	0.137	5.000	19.435	35.555	26.845	43.355	8.131	10.759	10.460	85.049	-0.125	-0.090	NaN	46.000	25.740	25.090	30.160	24.635	14.331	4.443	4.154	59.526	0.369	0.259	-0.136	47.000	25.090	28.275	26.260	28.795	12.628	1.280	1.018	12.852	0.347	0.165	-0.271	91.000	21.255	22.165	17.550	11.180	9.879	11.593	4.159	41.084	-1.854	0.082	-0.164
27	6.000	23.335	19.630	27.430	10.790	15.776	9.742	9.267	146.198	0.235	0.204	-0.059	6.000	24.245	22.815	26.845	21.580	14.342	2.878	2.831	40.606	0.089	0.087	NaN	6.000	17.030	29.445	14.755	27.300	4.756	3.127	-1.323	-6.291	0.124	NaN	0.092	6.000	19.435	35.490	26.845	43.290	8.061	10.759	10.425	84.035	-0.035	-0.047	-0.047	47.000	25.480	25.155	30.355	24.635	14.043	4.903	4.624	64.934	0.470	0.194	-0.265	48.000	24.960	28.340	26.325	28.730	12.502	1.420	1.236	15.451	0.218	0.045	-0.107	92.000	21.320	22.490	17.485	11.050	9.686	12.066	3.949	38.253	-0.209	0.144	-0.329
28	7.000	23.205	19.760	27.560	10.660	15.640	10.088	9.644	150.837	0.377	0.173	-0.173	7.000	24.115	22.880	26.910	21.515	14.236	3.111	3.063	43.602	0.231	0.087	-0.145	7.000	17.030	29.445	14.820	27.365	4.780	3.035	-1.252	-5.983	0.071	-0.092	NaN	7.000	19.370	35.425	26.780	43.225	7.937	10.759	10.399	82.540	-0.026	-0.092	-0.092	48.000	25.480	25.090	30.550	24.440	14.099	5.111	4.843	68.276	0.219	0.218	0.008	49.000	24.895	28.470	26.325	28.795	12.502	1.466	1.314	16.431	0.078	0.014	-0.035	93.000	21.255	22.360	17.485	11.115	9.938	11.860	4.126	41.008	0.177	-0.062	0.144
29	8.000	23.205	19.760	27.690	10.530	15.593	10.262	9.819	153.110	0.175	0.174	NaN	8.000	24.180	22.880	26.975	21.515	14.251	3.111	3.066	43.695	0.003	0.058	0.058	8.000	17.225	29.445	14.755	27.300	4.937	3.271	-1.546	-7.635	-0.295	0.092	-0.147	8.000	19.565	35.620	26.650	43.095	8.241	10.299	9.989	82.316	-0.410	-0.184	0.276	49.000	25.415	25.220	30.745	24.440	14.099	5.387	5.133	72.374	0.291	0.193	-0.083	50.000	24.505	28.535	26.195	28.795	11.966	1.710	1.583	18.936	0.268	-0.128	-0.376	94.000	21.190	22.295	17.485	11.115	9.979	11.778	4.192	41.832	0.066	NaN	0.082
30	9.000	23.205	19.825	27.755	10.400	15.593	10.466	10.007	156.029	0.187	0.145	-0.059	9.000	24.310	22.880	27.105	21.385	14.394	3.170	3.143	45.237	0.077	0.176	0.115	9.000	17.030	29.380	14.690	27.300	4.805	3.131	-1.336	-6.422	0.210	0.049	0.189	9.000	19.695	35.815	26.650	43.095	8.420	10.068	9.786	82.400	-0.203	NaN	0.231	50.000	25.545	25.220	31.135	24.375	14.071	5.654	5.402	76.016	0.269	0.395	0.129	51.000	24.310	28.600	26.130	28.795	11.922	1.830	1.734	20.669	0.151	-0.065	-0.187	95.000	21.255	22.490	17.485	11.050	9.999	12.045	4.099	40.991	-0.093	0.062	-0.206
31	10.000	23.205	19.695	27.950	10.205	15.640	10.610	10.195	159.456	0.189	0.262	0.116	10.000	24.635	22.880	27.235	21.320	14.623	3.032	3.026	44.244	-0.117	0.145	0.279	10.000	17.225	29.380	14.755	27.300	4.961	3.229	-1.535	-7.613	-0.198	-0.050	-0.149	10.000	19.630	35.685	26.650	43.095	8.330	10.207	9.905	82.514	0.119	NaN	-0.139	51.000	25.220	25.350	31.200	24.375	13.842	6.059	5.832	80.723	0.429	0.064	-0.342	52.000	23.530	28.405	26.065	28.795	11.130	2.565	2.362	26.288	0.628	-0.064	-0.801	96.000	21.255	22.360	17.290	10.985	10.131	12.046	3.976	40.277	-0.124	0.126	0.123
32	11.000	23.270	19.630	28.015	9.945	15.684	10.785	10.329	162.008	0.134	0.262	0.087	11.000	24.310	22.945	27.365	21.190	14.282	3.523	3.509	50.117	0.483	0.177	-0.314	11.000	17.160	29.315	14.755	27.235	4.901	3.180	-1.460	-7.157	0.074	0.043	0.092	11.000	19.565	35.685	26.585	43.095	8.311	10.207	9.931	82.540	0.026	-0.045	-0.045	52.000	25.350	25.350	31.395	24.310	13.874	6.134	5.928	82.244	0.096	0.203	0.128	53.000	23.075	28.145	26.065	28.795	10.741	3.060	2.700	29.000	0.338	NaN	-0.500	97.000	20.995	20.995	17.290	10.920	10.894	10.735	4.381	47.721	0.405	0.061	1.371
33	12.000	23.205	19.695	28.145	9.945	15.684	10.930	10.509	164.834	0.180	0.059	-0.087	12.000	24.440	22.945	27.560	21.125	14.479	3.612	3.601	52.137	0.092	0.201	0.112	12.000	17.225	29.315	14.885	27.495	5.045	2.964	-1.491	-7.521	-0.030	-0.262	-0.051	12.000	19.630	35.750	26.520	42.965	8.420	9.976	9.696	81.644	-0.235	-0.139	0.092	53.000	25.350	25.285	31.655	24.310	13.874	6.380	6.137	85.146	0.209	0.257	0.010	54.000	23.205	28.275	26.130	28.860	10.866	2.983	2.660	28.899	-0.040	0.076	0.153	98.000	21.255	20.995	17.290	11.050	11.085	10.706	3.858	42.770	-0.522	-0.121	-0.096
34	13.000	23.205	19.825	28.210	9.750	15.637	11.250	10.783	168.611	0.274	0.204	-0.116	13.000	24.505	23.010	27.625	21.060	14.532	3.679	3.675	53.412	0.075	0.090	0.021	13.000	17.290	29.315	14.885	27.495	5.130	3.016	-1.533	-7.863	-0.042	NaN	-0.052	13.000	19.500	35.555	26.585	42.965	8.172	10.252	9.920	81.065	0.224	0.045	-0.231	54.000	25.350	25.220	32.045	24.245	13.956	6.766	6.467	90.254	0.330	0.395	0.009	55.000	22.880	28.080	26.260	28.795	10.678	3.455	3.055	32.621	0.395	0.114	-0.358	99.000	21.385	21.060	17.160	11.310	11.185	10.626	3.373	37.729	-0.485	-0.187	-0.111
35	14.000	23.140	20.215	28.275	9.620	15.358	11.774	11.233	172.524	0.450	0.145	-0.379	14.000	24.440	23.205	27.690	21.060	14.388	3.894	3.893	56.015	0.218	0.054	-0.162	14.000	17.225	29.315	15.015	27.625	5.062	2.782	-1.320	-6.684	0.212	-0.182	0.052	14.000	19.695	35.750	26.585	43.030	8.316	10.023	9.682	80.520	-0.238	0.047	0.276	55.000	25.155	25.220	32.305	24.245	13.815	7.216	6.901	95.337	0.434	0.258	-0.193	56.000	22.945	28.080	26.325	28.795	10.652	3.455	3.033	32.309	-0.022	0.064	0.064	100.000	21.385	21.060	17.160	11.180	11.185	10.745	3.460	38.701	0.087	0.120	NaN
36	15.000	23.140	20.215	28.275	9.555	15.403	11.832	11.270	173.584	0.036	0.059	NaN	15.000	24.375	23.205	27.690	20.930	14.388	4.021	4.021	57.849	0.127	0.074	-0.054	15.000	17.290	29.445	15.080	27.820	5.130	2.743	-1.426	-7.318	-0.106	-0.168	-0.129	15.000	19.630	35.685	26.520	42.965	8.283	10.023	9.664	80.047	-0.018	-0.092	-0.092	56.000	25.350	25.155	32.370	24.180	13.956	7.087	6.761	94.353	-0.141	0.073	0.202	57.000	22.880	28.080	26.325	28.795	9.482	3.518	3.105	29.444	0.072	NaN	-0.064	101.000	21.385	21.255	17.615	11.375	11.093	10.575	3.794	42.089	0.334	-0.344	-0.182
37	16.000	23.075	20.215	28.405	9.555	15.361	11.918	11.435	175.650	0.165	0.058	-0.029	16.000	24.440	23.270	27.690	20.930	14.388	4.005	4.004	57.612	-0.016	NaN	0.015	16.000	17.355	29.380	15.145	27.885	5.181	2.668	-1.424	-7.377	0.003	-0.090	-0.017	16.000	19.630	35.685	26.520	42.965	8.193	10.023	9.657	79.126	-0.007	NaN	NaN	57.000	27.495	24.765	32.695	24.180	14.962	5.233	5.000	74.816	-1.760	0.323	2.175	58.000	22.815	28.015	26.455	28.795	9.501	3.723	3.262	30.995	0.157	0.127	-0.077	102.000	21.320	21.190	17.485	11.570	11.040	10.356	3.691	40.750	-0.103	-0.133	0.084
38	17.000	23.205	19.955	28.340	9.360	15.589	11.774	11.242	175.257	-0.193	0.147	0.291	17.000	24.310	23.335	27.690	20.865	14.224	4.186	4.184	59.513	0.180	0.038	-0.143	17.000	17.485	29.380	15.210	28.015	5.311	2.653	-1.615	-8.577	-0.191	-0.123	-0.111	17.000	19.435	35.360	26.390	42.900	7.982	10.258	9.810	78.306	0.153	-0.136	-0.371	58.000	27.365	24.765	32.760	24.180	14.902	5.427	5.176	77.140	0.176	0.065	-0.129	59.000	22.815	28.080	26.325	28.795	9.545	3.582	3.171	30.264	-0.092	-0.127	0.013	103.000	21.255	21.645	17.745	11.635	10.688	10.608	3.928	41.980	0.237	-0.147	-0.408
39	18.000	23.010	20.605	28.470	9.230	15.172	12.618	12.002	182.093	0.760	0.173	-0.670	18.000	24.310	23.335	27.625	20.735	14.372	4.213	4.207	60.464	0.023	0.029	NaN	18.000	17.615	29.315	15.275	28.080	5.557	2.646	-1.629	-9.054	-0.014	-0.088	-0.085	18.000	19.565	35.620	26.390	42.835	8.095	9.932	9.511	76.988	-0.299	-0.047	0.278	59.000	27.170	24.830	32.695	24.180	14.757	5.563	5.322	78.543	0.146	-0.065	-0.201	60.000	22.945	28.015	26.260	28.860	9.725	3.421	2.920	28.396	-0.251	-0.047	0.110	104.000	21.255	21.710	17.810	11.960	10.774	10.341	3.893	41.946	-0.034	-0.328	-0.061
40	19.000	23.010	20.475	28.535	8.970	15.311	12.763	12.152	186.056	0.150	0.263	0.117	19.000	24.375	23.400	27.690	20.605	14.442	4.336	4.315	62.323	0.108	0.133	0.008	19.000	17.745	29.250	15.340	28.210	5.762	2.620	-1.775	-10.229	-0.146	-0.111	-0.094	19.000	19.370	35.295	26.195	42.770	7.823	10.122	9.551	74.719	0.040	-0.179	-0.371	60.000	27.170	24.830	32.695	24.245	14.810	5.556	5.283	78.234	-0.040	-0.007	NaN	61.000	22.945	27.950	26.130	28.795	9.875	3.295	2.827	27.919	-0.093	-0.142	-0.017	105.000	21.255	22.165	17.810	12.090	10.386	10.648	3.779	39.254	-0.114	-0.123	-0.431
41	20.000	23.010	20.540	28.405	8.840	15.217	12.884	12.180	185.334	0.028	0.064	-0.059	20.000	24.115	23.595	27.690	20.540	14.080	4.703	4.675	65.821	0.359	0.042	-0.324	20.000	17.680	29.315	15.470	28.210	5.650	2.471	-1.602	-9.050	0.174	-0.116	0.029	20.000	19.240	34.840	26.065	42.640	7.529	10.364	9.562	71.994	0.011	-0.183	-0.428	61.000	26.845	24.960	32.630	24.245	14.561	5.829	5.601	81.551	0.318	-0.065	-0.338	62.000	22.945	27.885	25.935	28.795	9.912	3.125	2.600	25.773	-0.227	-0.187	-0.019	106.000	21.255	22.230	17.875	12.220	10.512	10.565	3.928	41.295	0.149	-0.144	-0.062
42	21.000	22.880	20.930	28.145	8.775	15.033	13.246	12.419	186.699	0.240	-0.044	-0.410	21.000	24.635	23.465	27.625	20.540	14.730	4.183	4.120	60.679	-0.555	-0.046	0.463	21.000	17.550	29.250	15.470	28.210	5.668	2.326	-1.395	-7.909	0.206	NaN	0.145	21.000	19.240	34.905	25.935	42.445	7.445	10.083	9.238	68.783	-0.324	-0.232	0.049	62.000	26.845	24.960	32.565	24.180	14.586	5.773	5.560	81.103	-0.041	-0.056	NaN	63.000	22.945	27.885	25.935	28.730	10.018	3.107	2.636	26.402	0.035	-0.018	NaN	107.000	21.190	22.295	18.200	12.155	10.329	10.572	4.296	44.371	0.367	-0.030	-0.044
43	22.000	22.750	21.190	28.210	8.580	14.712	13.741	12.900	189.787	0.481	0.205	-0.290	22.000	24.895	23.335	27.690	20.475	14.947	3.999	3.926	58.689	-0.193	0.092	0.275	22.000	17.550	29.250	15.470	28.210	5.582	2.326	-1.356	-7.571	0.039	NaN	NaN	22.000	19.240	34.775	25.870	42.445	7.247	10.138	9.162	66.392	-0.077	-0.043	-0.098	63.000	26.585	24.960	32.370	24.245	14.441	5.829	5.595	80.799	0.035	-0.202	-0.258	64.000	22.945	27.885	26.065	28.795	10.018	3.250	2.742	27.471	0.107	0.143	NaN	108.000	21.320	22.555	18.915	11.765	10.162	11.055	4.971	50.518	0.675	0.225	-0.282
44	23.000	22.750	21.060	28.145	8.515	14.762	13.656	12.851	189.715	-0.049	0.034	0.119	23.000	25.025	23.270	27.755	20.410	15.038	3.954	3.874	58.254	-0.053	0.092	0.137	23.000	17.355	29.250	15.535	28.275	5.354	2.065	-1.117	-5.983	0.239	-0.088	0.172	23.000	19.175	34.840	25.740	42.250	7.155	9.900	9.061	64.828	-0.101	-0.232	0.006	64.000	26.585	24.960	32.240	24.245	14.441	5.700	5.476	79.075	-0.119	-0.129	NaN	65.000	22.880	27.885	25.935	28.730	9.955	3.170	2.695	26.829	-0.047	-0.143	-0.063	109.000	21.190	22.490	19.110	11.440	10.089	11.244	5.693	57.443	0.722	0.283	0.088
45	24.000	22.685	21.385	28.080	8.255	14.576	14.195	13.249	193.116	0.398	0.216	-0.325	24.000	25.025	23.400	27.755	20.410	15.038	4.049	3.948	59.370	0.074	NaN	-0.096	24.000	17.355	29.315	15.470	28.210	5.386	2.185	-1.091	-5.877	0.026	0.089	-0.033	24.000	19.045	34.580	25.480	42.055	6.880	9.863	8.783	60.426	-0.278	-0.317	-0.282	65.000	26.520	24.960	32.175	24.310	14.381	5.692	5.447	78.336	-0.029	-0.072	-0.065	66.000	23.075	27.755	25.870	28.730	10.250	2.960	2.434	24.953	-0.261	-0.061	0.141	110.000	21.320	22.555	19.110	11.505	10.138	11.269	5.554	56.311	-0.139	-0.064	-0.089
46	25.000	22.685	21.255	28.015	8.060	14.579	14.231	13.284	193.666	0.035	0.156	0.121	25.000	25.155	23.075	27.755	20.410	15.241	3.723	3.664	55.838	-0.284	NaN	0.323	25.000	17.420	29.315	15.535	28.275	5.354	2.153	-1.143	-6.118	-0.051	-0.088	-0.057	25.000	18.980	34.450	25.415	41.925	6.735	9.863	8.775	59.104	-0.007	-0.141	-0.141	66.000	26.325	25.025	32.045	24.115	14.220	5.792	5.631	80.072	0.184	-0.098	-0.203	67.000	23.140	27.755	25.870	28.730	10.376	2.899	2.377	24.666	-0.057	NaN	0.061	111.000	20.540	20.540	19.240	11.635	10.974	8.999	6.214	68.196	0.660	-0.147	2.107
47	26.000	22.685	21.190	27.950	7.800	14.582	14.388	13.415	195.626	0.131	0.218	0.060	26.000	25.350	22.880	27.885	20.410	15.460	3.539	3.501	54.118	-0.163	0.093	0.276	26.000	17.160	29.315	15.535	28.275	5.072	1.929	-0.862	-4.373	0.281	NaN	0.219	26.000	18.915	34.320	25.415	41.990	6.566	10.054	8.858	58.161	0.082	0.050	-0.141	67.000	26.195	24.960	31.850	24.180	14.185	5.709	5.512	78.192	-0.119	-0.202	-0.120	68.000	23.205	27.690	25.740	28.665	10.438	2.716	2.192	22.878	-0.185	-0.145	0.037	112.000	20.540	20.670	19.175	11.765	10.832	9.009	6.157	66.687	-0.058	-0.119	-0.128
48	27.000	22.685	21.320	27.885	7.475	14.490	14.789	13.707	198.626	0.292	0.281	-0.122	27.000	25.415	22.945	27.950	20.280	15.460	3.678	3.615	55.880	0.114	0.139	-0.002	27.000	17.030	29.250	15.470	28.210	4.976	1.875	-0.734	-3.650	0.129	0.090	0.144	27.000	18.850	34.060	25.415	41.925	6.331	10.245	8.784	55.618	-0.073	-0.050	-0.241	68.000	26.130	25.025	31.850	24.180	14.075	5.782	5.607	78.919	0.095	NaN	-0.074	69.000	23.205	27.625	25.740	28.600	10.422	2.716	2.201	22.942	0.010	-0.023	-0.023	113.000	20.605	20.800	19.240	11.765	10.872	9.138	6.227	67.706	0.071	-0.010	-0.138
49	28.000	22.620	21.515	27.755	7.215	14.398	15.194	14.000	201.575	0.292	0.201	-0.205	28.000	25.415	22.880	28.015	20.280	15.575	3.677	3.635	56.615	0.021	0.046	0.046	28.000	17.095	29.315	15.535	28.275	5.066	1.875	-0.727	-3.684	0.006	-0.090	-0.090	28.000	18.915	34.255	25.350	41.925	6.414	10.012	8.629	55.352	-0.155	-0.042	0.191	69.000	26.195	24.960	31.785	24.180	14.110	5.644	5.470	77.191	-0.137	-0.064	0.073	70.000	23.205	27.560	25.675	28.535	10.501	2.655	2.132	22.384	-0.070	-0.084	-0.024	114.000	20.540	20.865	19.305	11.960	10.895	8.990	6.315	68.796	0.087	-0.202	-0.055
50	29.000	22.555	21.775	27.690	7.020	14.164	15.623	14.278	202.225	0.278	0.163	-0.267	29.000	25.415	22.685	27.950	20.345	15.691	3.450	3.432	53.856	-0.203	-0.092	0.132	29.000	17.030	29.250	15.470	28.210	5.048	1.875	-0.696	-3.515	0.031	0.090	0.090	29.000	18.850	34.125	25.220	41.860	6.310	10.020	8.506	53.679	-0.123	-0.133	-0.142	70.000	26.065	25.025	31.720	24.115	14.026	5.728	5.583	78.306	0.113	-0.054	-0.139	71.000	23.270	27.560	25.480	28.470	10.564	2.390	1.900	20.069	-0.232	-0.205	0.060	115.000	20.605	20.995	19.240	12.090	10.689	9.009	6.139	65.618	-0.176	-0.119	-0.138
51	30.000	22.490	21.840	27.690	6.890	14.164	15.829	14.464	204.870	0.187	0.123	-0.083	30.000	25.480	22.620	28.015	20.280	15.873	3.450	3.433	54.490	5.624E-4	0.092	0.092	30.000	17.030	29.185	15.535	28.275	5.176	1.750	-0.695	-3.595	0.002	-0.089	0.034	30.000	18.850	34.125	25.285	41.860	6.352	10.062	8.499	53.983	-0.008	0.042	NaN	71.000	26.065	25.090	31.720	24.115	14.001	5.738	5.613	78.585	0.030	NaN	-0.011	72.000	23.140	27.560	25.220	28.405	10.473	2.245	1.770	18.539	-0.130	-0.265	-0.120	116.000	20.540	21.060	19.240	12.090	10.689	9.064	6.230	66.594	0.091	NaN	-0.055
52	31.000	22.425	22.035	27.625	6.630	13.804	16.259	14.890	205.542	0.426	0.226	-0.206	31.000	26.065	22.100	27.950	20.410	16.436	2.532	2.526	41.519	-0.907	-0.135	0.783	31.000	17.095	29.120	15.470	28.210	5.045	1.862	-0.714	-3.604	-0.020	0.088	-0.025	31.000	18.785	34.060	25.285	41.795	5.941	10.103	8.557	50.835	0.058	-0.050	-0.092	72.000	26.000	25.090	31.655	24.050	13.990	5.750	5.625	78.691	0.012	-0.052	-0.064	73.000	23.205	27.560	25.155	28.340	10.491	2.100	1.655	17.365	-0.115	-0.084	0.060	117.000	20.475	21.060	19.240	12.155	10.972	8.990	6.443	70.693	0.213	-0.064	0.009
53	32.000	22.425	21.905	27.560	6.435	13.808	16.300	14.938	206.273	0.048	0.165	0.123	32.000	26.130	21.970	28.015	20.280	16.476	2.532	2.527	41.629	5.066E-4	0.135	0.135	32.000	16.900	29.120	15.405	28.210	4.802	1.750	-0.575	-2.759	0.140	0.056	0.167	32.000	18.785	34.125	25.220	41.795	5.920	10.012	8.602	50.928	0.045	-0.042	0.050	73.000	26.130	25.090	31.720	24.050	14.075	5.686	5.562	78.281	-0.063	0.064	0.128	74.000	23.205	27.560	25.090	28.275	10.438	2.016	1.632	17.039	-0.023	-0.084	NaN	118.000	20.475	21.125	19.305	12.220	10.752	8.982	6.338	68.145	-0.105	-0.073	-0.064
54	33.000	22.490	21.840	27.495	6.240	13.800	16.383	14.858	205.031	-0.081	0.166	0.082	33.000	26.130	21.970	28.080	20.215	16.407	2.623	2.616	42.918	0.089	0.092	NaN	33.000	16.900	29.120	15.470	28.210	4.732	1.695	-0.589	-2.789	-0.015	-0.055	NaN	33.000	18.655	33.865	25.220	41.795	5.838	10.295	8.774	51.220	0.172	NaN	-0.283	74.000	26.130	25.155	31.720	24.050	13.977	5.698	5.605	78.344	0.043	NaN	-0.013	75.000	23.140	27.625	25.025	28.340	10.280	2.016	1.673	17.196	0.040	-0.038	-0.038	119.000	20.410	21.255	19.240	12.285	10.752	9.046	6.389	68.699	0.051	-0.056	-0.121
55	34.000	22.425	22.035	27.430	5.980	13.565	16.817	15.123	205.145	0.265	0.229	-0.206	34.000	26.130	22.035	28.210	20.085	16.328	2.851	2.836	46.306	0.220	0.184	-0.044	34.000	16.835	29.055	15.405	28.145	4.680	1.695	-0.576	-2.696	0.013	0.090	0.090	34.000	18.720	33.930	25.285	41.795	5.942	10.245	8.843	52.546	0.069	0.042	0.092	75.000	26.130	25.220	31.590	24.115	13.839	5.571	5.508	76.223	-0.097	-0.140	-0.013	76.000	23.140	27.560	24.960	28.275	10.057	1.955	1.742	17.521	0.069	-0.084	-0.024	120.000	20.410	21.320	19.240	12.285	10.946	9.110	6.481	70.938	0.091	NaN	-0.064
56	35.000	22.360	22.295	27.430	5.915	13.238	17.147	15.277	202.242	0.154	0.062	-0.268	35.000	26.195	22.035	28.275	19.955	16.302	2.942	2.911	47.455	0.075	0.138	0.046	35.000	16.965	29.055	15.535	28.275	4.707	1.629	-0.713	-3.355	-0.137	-0.176	-0.114	35.000	18.720	33.865	25.220	41.795	5.964	10.254	8.857	52.829	0.014	-0.041	-0.050	76.000	26.130	25.220	31.525	24.050	13.416	5.520	5.517	74.014	0.009	-0.050	NaN	77.000	23.270	27.625	24.830	28.275	10.609	1.690	1.300	13.790	-0.442	-0.120	0.145	NaN	NaN	NaN	NaN	NaN	NaN	NaN	NaN	NaN	NaN	NaN	NaN
57	36.000	22.425	22.165	27.365	5.655	13.284	17.233	15.252	202.597	-0.025	0.230	0.143	36.000	26.000	22.100	28.340	19.825	16.029	3.264	3.235	51.853	0.324	0.137	-0.185	36.000	16.835	28.990	15.470	28.275	4.564	1.541	-0.691	-3.152	0.022	0.058	0.145	36.000	18.785	33.995	25.155	41.730	6.120	10.020	8.843	54.122	-0.014	-0.091	0.142	77.000	26.130	25.220	31.395	23.985	14.125	5.408	5.329	75.268	-0.188	-0.112	NaN	78.000	23.335	27.690	24.895	28.210	10.628	1.644	1.332	14.162	0.033	0.041	0.082	NaN	NaN	NaN	NaN	NaN	NaN	NaN	NaN	NaN	NaN	NaN	NaN
58	37.000	22.230	22.490	27.300	5.460	12.870	17.769	15.566	200.333	0.315	0.168	-0.367	37.000	25.935	22.100	28.470	19.695	15.952	3.494	3.466	55.293	0.231	0.184	-0.047	37.000	16.770	28.990	15.470	28.210	4.489	1.516	-0.632	-2.839	0.058	0.033	0.056	37.000	18.785	33.995	25.090	41.730	6.231	9.979	8.855	55.170	0.011	-0.041	NaN	78.000	26.260	25.285	31.395	24.050	14.211	5.281	5.207	73.992	-0.122	-0.015	0.111	79.000	23.335	27.755	24.765	28.210	10.628	1.501	1.228	13.051	-0.105	-0.124	0.020	NaN	NaN	NaN	NaN	NaN	NaN	NaN	NaN	NaN	NaN	NaN	NaN
59	38.000	23.140	20.475	27.430	5.915	14.954	15.179	13.650	204.110	-1.917	-0.400	2.190	38.000	25.805	22.165	28.600	19.565	15.809	3.817	3.792	59.944	0.326	0.184	-0.139	38.000	16.835	28.925	15.535	28.210	4.580	1.484	-0.664	-3.042	-0.032	-0.057	-0.026	38.000	18.785	33.930	25.155	41.730	6.205	10.071	8.895	55.195	0.040	0.041	-0.050	79.000	26.325	25.285	31.395	24.050	14.296	5.218	5.145	73.553	-0.062	NaN	0.063	80.000	23.465	27.690	24.700	28.145	10.485	1.316	1.044	10.943	-0.184	-0.083	0.100	NaN	NaN	NaN	NaN	NaN	NaN	NaN	NaN	NaN	NaN	NaN	NaN
60	39.000	22.620	22.165	27.430	5.980	13.467	16.885	14.818	199.555	1.169	-0.062	-1.768	39.000	26.000	22.165	28.730	19.500	16.043	3.815	3.778	60.603	-0.014	0.138	0.140	39.000	16.835	28.990	15.470	28.275	4.617	1.541	-0.702	-3.241	-0.038	0.027	-0.030	39.000	18.785	33.995	25.220	41.730	6.180	10.062	8.885	54.908	-0.011	0.042	0.050	80.000	26.780	25.350	31.395	24.050	14.400	4.795	4.763	68.593	-0.382	NaN	0.420	81.000	23.465	27.690	24.700	28.145	10.013	1.316	1.009	10.102	-0.035	NaN	NaN	NaN	NaN	NaN	NaN	NaN	NaN	NaN	NaN	NaN	NaN	NaN	NaN
61	40.000	22.100	23.075	27.430	6.110	12.642	17.783	15.613	197.371	0.795	-0.124	-1.024	40.000	25.675	22.425	28.860	19.435	15.795	4.369	4.340	68.551	0.562	0.139	-0.415	40.000	16.770	28.860	15.535	28.210	4.812	1.396	-0.564	-2.712	0.138	-0.027	0.118	40.000	18.720	33.800	25.220	41.730	6.043	10.254	8.711	52.644	-0.173	NaN	-0.192	81.000	27.950	24.700	31.200	24.115	15.299	3.302	3.198	48.934	-1.565	-0.203	1.267	82.000	23.595	27.625	24.700	28.080	9.587	1.195	1.064	10.203	0.055	-0.025	0.095	NaN	NaN	NaN	NaN	NaN	NaN	NaN	NaN	NaN	NaN	NaN	NaN
62	41.000	22.880	21.320	27.430	6.110	14.390	15.876	14.137	203.434	-1.475	NaN	1.905	41.000	25.545	22.490	28.990	19.370	15.627	4.648	4.623	72.239	0.283	0.140	-0.140	41.000	16.640	28.925	15.600	28.210	4.641	1.262	-0.400	-1.855	0.164	-0.054	0.070	41.000	18.785	33.995	25.090	41.665	6.277	9.929	8.656	54.334	-0.055	-0.133	0.192	82.000	27.950	24.765	31.135	24.180	14.378	3.238	3.229	46.433	0.031	-0.076	-0.012	83.000	23.660	27.625	24.700	28.145	10.197	1.163	0.809	8.247	-0.255	0.029	0.058	NaN	NaN	NaN	NaN	NaN	NaN	NaN	NaN	NaN	NaN	NaN	NaN
63	42.000	22.750	21.320	27.495	6.175	14.164	15.871	14.296	202.479	0.158	-0.043	-0.039	42.000	25.545	22.620	29.120	19.240	15.407	4.920	4.878	75.154	0.255	0.184	-0.089	42.000	16.640	28.925	15.470	28.145	4.498	1.406	-0.456	-2.053	-0.057	0.144	NaN	42.000	18.720	33.735	25.220	41.730	6.025	10.304	8.860	53.387	0.204	0.132	-0.243	83.000	27.950	24.700	31.200	24.115	15.272	3.302	3.202	48.896	-0.028	0.075	0.012	84.000	23.595	27.625	24.635	28.080	10.240	1.135	0.821	8.408	0.012	-0.086	-0.060	NaN	NaN	NaN	NaN	NaN	NaN	NaN	NaN	NaN	NaN	NaN	NaN
64	43.000	23.010	20.475	27.495	6.305	14.910	14.863	13.513	201.473	-0.783	-0.124	0.884	43.000	25.415	22.750	29.120	19.175	15.203	5.149	5.089	77.368	0.211	0.045	-0.184	43.000	16.640	28.925	15.470	28.145	4.473	1.406	-0.499	-2.231	-0.042	NaN	NaN	43.000	18.655	33.735	25.220	41.730	6.072	10.345	9.025	54.794	0.164	NaN	-0.041	84.000	27.885	24.700	31.330	24.050	15.326	3.506	3.400	52.103	0.198	0.140	-0.064	85.000	23.595	27.625	24.635	28.145	10.197	1.163	0.809	8.247	-0.012	0.029	NaN	NaN	NaN	NaN	NaN	NaN	NaN	NaN	NaN	NaN	NaN	NaN	NaN
65	44.000	23.075	20.345	27.560	6.500	15.038	14.553	13.176	198.148	-0.336	-0.165	0.144	44.000	25.415	22.750	29.055	19.240	15.252	5.057	4.984	76.016	-0.105	-0.092	NaN	44.000	16.315	28.860	15.600	28.340	4.292	0.884	-0.285	-1.225	0.213	-0.220	0.301	44.000	18.655	33.735	25.220	41.860	6.325	10.446	9.161	57.946	0.137	0.101	NaN	85.000	27.885	24.700	31.460	24.050	15.272	3.634	3.524	53.827	0.125	0.128	NaN	86.000	23.530	27.300	24.570	28.080	10.356	1.300	0.677	7.014	-0.132	-0.091	-0.247	NaN	NaN	NaN	NaN	NaN	NaN	NaN	NaN	NaN	NaN	NaN	NaN
66	45.000	23.075	20.215	27.625	6.565	15.050	14.388	13.186	198.448	0.010	-0.041	0.123	45.000	25.285	22.750	28.925	19.305	15.022	5.012	4.959	74.499	-0.025	-0.139	-0.094	45.000	16.575	28.925	15.535	28.275	4.345	1.226	-0.486	-2.113	-0.201	0.090	-0.255	45.000	18.590	33.605	25.220	41.730	6.011	10.487	9.153	55.018	-0.008	-0.101	-0.142	86.000	27.755	24.765	31.460	23.985	15.240	3.786	3.692	56.264	0.167	0.013	-0.141	87.000	23.465	27.300	24.635	28.210	10.370	1.482	0.724	7.512	0.047	0.131	-0.051	NaN	NaN	NaN	NaN	NaN	NaN	NaN	NaN	NaN	NaN	NaN	NaN
67	46.000	23.010	20.475	27.625	6.630	14.954	14.594	13.340	199.483	0.154	-0.062	-0.267	46.000	25.155	22.880	28.860	19.370	14.969	5.104	5.052	75.619	0.092	-0.092	-0.184	46.000	16.380	28.730	15.600	28.340	4.436	0.872	-0.360	-1.597	0.126	-0.087	0.262	46.000	18.590	33.670	25.220	41.730	6.048	10.436	9.058	54.781	-0.095	NaN	0.050	87.000	27.690	24.765	31.720	24.050	15.264	4.093	3.946	60.227	0.254	0.245	-0.064	88.000	23.400	27.300	24.505	28.145	10.200	1.391	0.698	7.119	-0.026	-0.143	-0.052	NaN	NaN	NaN	NaN	NaN	NaN	NaN	NaN	NaN	NaN	NaN	NaN
68	47.000	23.140	19.890	27.625	6.695	15.321	13.936	12.766	195.588	-0.574	-0.062	0.596	47.000	25.025	23.010	28.860	19.370	14.711	5.287	5.212	76.675	0.160	NaN	-0.184	47.000	16.445	28.990	15.665	28.405	4.258	0.975	-0.363	-1.546	-0.003	-0.091	-0.208	47.000	18.590	33.670	25.220	41.730	6.290	10.436	9.262	58.263	0.205	NaN	NaN	88.000	27.820	24.765	31.785	24.050	15.267	4.029	3.897	59.496	-0.049	0.064	0.128	89.000	23.270	27.430	24.505	28.145	9.598	1.427	1.162	11.150	0.464	NaN	-0.047	NaN	NaN	NaN	NaN	NaN	NaN	NaN	NaN	NaN	NaN	NaN	NaN
69	48.000	23.010	20.085	27.625	6.825	15.137	14.040	12.905	195.343	0.139	-0.123	-0.227	48.000	25.220	22.945	28.990	19.240	14.945	5.286	5.194	77.630	-0.018	0.184	0.185	48.000	16.575	28.860	15.730	28.470	4.472	0.931	-0.503	-2.248	-0.140	-0.086	-0.064	48.000	18.655	33.735	25.220	41.730	6.350	10.345	9.158	58.153	-0.105	NaN	0.091	89.000	27.300	24.765	31.720	24.050	14.048	4.477	4.456	62.602	0.559	-0.064	-0.513	90.000	23.205	27.560	24.635	28.210	10.320	1.571	1.078	11.129	-0.083	0.145	-0.005	NaN	NaN	NaN	NaN	NaN	NaN	NaN	NaN	NaN	NaN	NaN	NaN
70	49.000	22.880	20.345	27.560	6.890	14.997	14.246	13.078	196.133	0.173	-0.083	-0.288	49.000	25.090	23.010	29.185	19.175	14.928	5.610	5.542	82.730	0.348	0.187	-0.139	49.000	16.315	28.860	15.730	28.405	4.383	0.741	-0.214	-0.938	0.289	0.040	0.205	49.000	18.590	33.670	25.155	41.730	6.277	10.395	9.040	56.742	-0.118	-0.041	-0.091	90.000	27.235	24.765	31.915	23.985	15.145	4.745	4.543	68.800	0.086	0.203	-0.064	91.000	23.075	27.560	24.570	28.210	9.469	1.630	1.426	13.499	0.347	-0.060	-0.119	NaN	NaN	NaN	NaN	NaN	NaN	NaN	NaN	NaN	NaN	NaN	NaN
71	50.000	22.815	20.280	27.625	6.825	14.866	14.289	13.219	196.513	0.141	0.083	0.039	50.000	25.090	23.010	29.315	18.980	14.783	5.839	5.760	85.159	0.218	0.229	NaN	50.000	16.445	28.990	15.730	28.405	4.273	0.924	-0.278	-1.187	-0.064	NaN	-0.183	50.000	18.525	33.410	25.155	41.730	6.025	10.639	9.095	54.798	0.055	NaN	-0.244	91.000	27.170	24.700	31.915	23.985	14.036	4.799	4.763	66.848	0.220	NaN	-0.055	92.000	22.945	27.625	24.505	28.145	9.328	1.644	1.511	14.095	0.085	-0.082	-0.103	NaN	NaN	NaN	NaN	NaN	NaN	NaN	NaN	NaN	NaN	NaN	NaN
72	51.000	22.815	20.345	27.560	6.890	14.854	14.267	13.072	194.168	-0.147	-0.083	-0.061	51.000	24.960	23.140	29.380	18.915	14.693	6.114	6.013	88.353	0.253	0.092	-0.184	51.000	16.380	28.860	15.730	28.470	4.382	0.758	-0.341	-1.496	-0.063	-0.033	0.123	51.000	18.525	33.540	25.025	41.600	6.301	10.354	9.029	56.885	-0.066	-0.183	0.101	92.000	27.235	24.700	31.850	23.985	14.081	4.670	4.641	65.344	-0.122	-0.064	0.064	93.000	23.010	27.625	24.050	27.950	9.540	1.090	1.001	9.553	-0.510	-0.492	0.062	NaN	NaN	NaN	NaN	NaN	NaN	NaN	NaN	NaN	NaN	NaN	NaN
73	52.000	22.945	20.020	27.560	6.825	15.089	13.979	12.841	193.759	-0.231	0.061	0.350	52.000	25.025	23.270	29.380	18.850	14.587	6.205	6.051	88.264	0.038	0.046	-0.047	52.000	16.315	28.860	15.730	28.405	4.237	0.741	-0.249	-1.056	0.092	0.040	0.051	52.000	18.525	33.410	24.960	41.535	6.216	10.365	8.962	55.711	-0.066	-0.091	-0.102	93.000	26.975	24.635	31.850	24.050	14.027	4.910	4.842	67.913	0.201	-0.008	-0.250	NaN	NaN	NaN	NaN	NaN	NaN	NaN	NaN	NaN	NaN	NaN	NaN	NaN	NaN	NaN	NaN	NaN	NaN	NaN	NaN	NaN	NaN	NaN	NaN
74	53.000	22.945	20.020	27.560	6.825	15.041	13.979	12.825	192.901	-0.016	NaN	NaN	53.000	24.895	23.400	29.510	18.720	14.373	6.573	6.400	91.991	0.350	0.184	-0.184	53.000	16.510	28.990	15.665	28.405	4.306	1.028	-0.457	-1.969	-0.208	0.053	-0.234	53.000	18.525	33.345	24.830	41.340	6.216	10.182	8.794	54.663	-0.169	-0.234	-0.051	94.000	26.780	24.635	31.655	24.050	13.902	4.910	4.839	67.279	-0.002	-0.194	-0.194	NaN	NaN	NaN	NaN	NaN	NaN	NaN	NaN	NaN	NaN	NaN	NaN	NaN	NaN	NaN	NaN	NaN	NaN	NaN	NaN	NaN	NaN	NaN	NaN
75	54.000	22.945	20.150	27.495	6.825	15.041	14.080	12.876	193.674	0.051	-0.021	-0.123	54.000	24.830	23.400	29.705	18.525	14.388	6.894	6.739	96.964	0.339	0.276	-0.046	54.000	16.315	28.925	15.730	28.470	4.237	0.741	-0.249	-1.056	0.208	-0.091	0.194	54.000	18.525	33.345	24.765	41.405	6.170	10.193	8.653	53.387	-0.141	0.012	NaN	95.000	26.650	24.765	31.915	24.050	13.822	5.313	5.253	72.602	0.413	0.258	-0.146	NaN	NaN	NaN	NaN	NaN	NaN	NaN	NaN	NaN	NaN	NaN	NaN	NaN	NaN	NaN	NaN	NaN	NaN	NaN	NaN	NaN	NaN	NaN	NaN
76	55.000	22.945	20.020	27.560	6.890	15.083	13.917	12.725	191.929	-0.151	-0.040	0.123	55.000	24.700	23.465	29.900	18.460	14.248	7.217	7.061	100.606	0.321	0.186	-0.139	55.000	16.250	28.860	15.730	28.470	4.225	0.650	-0.250	-1.056	-7.364E-4	NaN	0.091	55.000	18.460	33.280	24.765	41.340	6.277	10.233	8.798	55.221	0.145	-0.051	-0.091	96.000	26.520	24.830	31.915	23.985	13.741	5.461	5.416	74.428	0.164	0.010	-0.138	NaN	NaN	NaN	NaN	NaN	NaN	NaN	NaN	NaN	NaN	NaN	NaN	NaN	NaN	NaN	NaN	NaN	NaN	NaN	NaN	NaN	NaN	NaN	NaN
77	56.000	22.945	20.150	27.495	6.890	14.994	14.019	12.812	192.094	0.086	-0.021	-0.123	56.000	24.700	23.530	29.965	18.330	14.173	7.400	7.233	102.515	0.172	0.138	-0.046	56.000	16.380	28.925	15.795	28.470	4.258	0.741	-0.264	-1.124	-0.014	-0.051	-0.143	56.000	18.460	33.150	24.700	41.340	6.065	10.296	8.607	52.196	-0.191	-0.039	-0.103	97.000	26.260	24.830	31.980	23.985	13.598	5.782	5.730	77.917	0.314	0.064	-0.257	NaN	NaN	NaN	NaN	NaN	NaN	NaN	NaN	NaN	NaN	NaN	NaN	NaN	NaN	NaN	NaN	NaN	NaN	NaN	NaN	NaN	NaN	NaN	NaN
78	57.000	23.140	19.890	27.560	6.760	14.333	13.854	12.830	183.897	0.019	0.144	0.309	57.000	24.765	23.465	29.965	18.265	13.178	7.354	7.207	94.978	-0.026	0.046	0.092	57.000	16.380	28.990	15.665	28.470	3.137	0.884	-0.302	-0.946	-0.038	0.105	-0.038	57.000	18.460	33.280	24.700	41.210	5.322	10.091	9.264	49.306	0.657	-0.102	0.102	98.000	26.195	24.895	31.915	24.050	13.563	5.782	5.737	77.808	0.007	-0.074	-0.074	NaN	NaN	NaN	NaN	NaN	NaN	NaN	NaN	NaN	NaN	NaN	NaN	NaN	NaN	NaN	NaN	NaN	NaN	NaN	NaN	NaN	NaN	NaN	NaN
79	58.000	23.205	19.630	27.495	6.890	14.615	13.443	12.475	182.317	-0.356	-0.144	0.267	58.000	24.765	23.595	30.030	18.265	13.161	7.492	7.316	96.288	0.109	0.046	-0.092	58.000	16.445	28.990	15.730	28.470	3.245	0.884	-0.320	-1.039	-0.019	-0.053	-0.053	58.000	18.460	33.215	24.635	41.210	5.349	10.102	9.169	49.048	-0.095	-0.040	-0.051	99.000	26.065	24.960	32.110	24.050	13.483	6.113	6.070	81.838	0.333	0.193	-0.138	NaN	NaN	NaN	NaN	NaN	NaN	NaN	NaN	NaN	NaN	NaN	NaN	NaN	NaN	NaN	NaN	NaN	NaN	NaN	NaN	NaN	NaN	NaN	NaN
80	59.000	23.140	19.630	27.560	6.890	14.615	13.485	12.559	183.551	0.084	0.021	-0.021	59.000	24.700	23.725	30.225	18.135	13.091	7.860	7.661	100.293	0.345	0.230	-0.138	59.000	16.315	28.925	15.795	28.405	3.227	0.735	-0.136	-0.439	0.184	1.087E-15	0.138	59.000	18.525	33.280	24.700	41.210	5.495	10.051	9.137	50.206	-0.032	0.040	0.091	100.000	26.065	24.960	32.240	23.985	13.483	6.251	6.212	83.761	0.143	0.139	NaN	NaN	NaN	NaN	NaN	NaN	NaN	NaN	NaN	NaN	NaN	NaN	NaN	NaN	NaN	NaN	NaN	NaN	NaN	NaN	NaN	NaN	NaN	NaN	NaN
81	60.000	23.140	19.630	27.495	7.020	14.714	13.341	12.446	183.128	-0.113	-0.144	NaN	60.000	24.700	23.790	30.290	18.135	13.126	7.952	7.758	101.835	0.097	0.046	-0.046	60.000	16.380	28.860	15.730	28.470	3.393	0.758	-0.291	-0.989	-0.155	0.022	-0.022	60.000	18.525	33.280	24.635	41.275	5.436	10.062	9.017	49.014	-0.120	0.012	NaN	101.000	26.130	24.960	32.435	23.985	13.518	6.380	6.331	85.577	0.118	0.193	0.064	NaN	NaN	NaN	NaN	NaN	NaN	NaN	NaN	NaN	NaN	NaN	NaN	NaN	NaN	NaN	NaN	NaN	NaN	NaN	NaN	NaN	NaN	NaN	NaN
82	61.000	23.010	19.695	27.495	6.955	14.559	13.506	12.556	182.803	0.110	0.061	-0.104	61.000	24.700	23.725	30.420	18.070	13.222	8.043	7.839	103.652	0.081	0.138	0.046	61.000	16.250	28.925	15.730	28.405	3.300	0.735	-0.164	-0.541	0.128	0.046	0.046	61.000	18.525	33.215	24.700	41.210	5.668	10.102	9.099	51.575	0.082	-0.012	-0.051	102.000	26.260	24.895	32.500	23.985	13.598	6.306	6.248	84.956	-0.083	0.064	0.138	NaN	NaN	NaN	NaN	NaN	NaN	NaN	NaN	NaN	NaN	NaN	NaN	NaN	NaN	NaN	NaN	NaN	NaN	NaN	NaN	NaN	NaN	NaN	NaN
83	62.000	23.205	19.435	27.560	6.955	14.932	13.218	12.296	183.610	-0.260	0.021	0.310	62.000	24.765	23.465	30.485	18.005	13.450	7.908	7.765	104.442	-0.074	0.092	0.227	62.000	16.315	28.925	15.795	28.470	3.390	0.691	-0.194	-0.659	-0.031	-0.092	-0.049	62.000	18.655	33.670	24.700	41.275	5.966	9.715	8.997	53.679	-0.101	0.051	0.437	103.000	26.260	24.895	32.500	23.985	13.598	6.306	6.248	84.956	NaN	NaN	NaN	NaN	NaN	NaN	NaN	NaN	NaN	NaN	NaN	NaN	NaN	NaN	NaN	NaN	NaN	NaN	NaN	NaN	NaN	NaN	NaN	NaN	NaN	NaN	NaN
84	63.000	23.140	19.435	27.495	7.020	14.926	13.157	12.217	182.351	-0.079	-0.083	-0.022	63.000	24.700	23.400	30.550	17.875	13.505	8.047	7.906	106.766	0.141	0.137	-0.003	63.000	16.315	28.990	15.730	28.470	3.435	0.783	-0.253	-0.870	-0.059	0.049	-0.043	63.000	18.655	33.410	24.700	41.275	5.988	9.920	8.966	53.691	-0.031	NaN	-0.206	104.000	26.325	24.895	32.695	23.920	13.716	6.444	6.380	87.504	0.132	0.203	0.064	NaN	NaN	NaN	NaN	NaN	NaN	NaN	NaN	NaN	NaN	NaN	NaN	NaN	NaN	NaN	NaN	NaN	NaN	NaN	NaN	NaN	NaN	NaN	NaN
85	64.000	23.465	18.915	27.560	6.890	15.532	12.703	11.782	182.997	-0.435	0.144	0.597	64.000	24.635	23.465	30.680	17.745	13.415	8.322	8.173	109.639	0.267	0.184	-0.092	64.000	16.315	28.925	15.730	28.470	3.467	0.741	-0.274	-0.951	-0.021	NaN	0.040	64.000	18.590	33.280	24.700	41.275	5.872	10.062	9.018	52.956	0.053	NaN	-0.143	105.000	26.390	24.960	32.695	23.920	13.679	6.390	6.344	86.773	-0.036	NaN	0.054	NaN	NaN	NaN	NaN	NaN	NaN	NaN	NaN	NaN	NaN	NaN	NaN	NaN	NaN	NaN	NaN	NaN	NaN	NaN	NaN	NaN	NaN	NaN	NaN
86	65.000	23.400	18.980	27.495	6.890	15.440	12.765	11.834	182.710	0.051	-0.021	-0.082	65.000	24.635	23.335	30.810	17.680	13.486	8.373	8.259	111.375	0.086	0.140	0.088	65.000	16.445	29.055	15.795	28.470	3.518	0.874	-0.306	-1.077	-0.032	-0.048	-0.184	65.000	18.655	33.410	24.635	41.275	5.988	9.880	8.908	53.345	-0.111	-0.039	0.143	106.000	26.390	24.895	32.695	23.920	13.773	6.380	6.305	86.841	-0.039	NaN	0.010	NaN	NaN	NaN	NaN	NaN	NaN	NaN	NaN	NaN	NaN	NaN	NaN	NaN	NaN	NaN	NaN	NaN	NaN	NaN	NaN	NaN	NaN	NaN	NaN
87	66.000	23.530	18.720	27.495	6.825	15.660	12.538	11.553	180.923	-0.280	0.062	0.288	66.000	24.765	23.205	30.940	17.550	13.670	8.373	8.238	112.613	-0.021	0.184	0.184	66.000	16.445	29.120	15.795	28.470	3.525	0.919	-0.348	-1.225	-0.041	NaN	-0.046	66.000	18.655	33.410	24.765	41.340	6.194	10.011	9.131	56.556	0.223	0.131	NaN	107.000	26.585	24.830	32.695	23.855	13.897	6.187	6.122	85.075	-0.183	0.010	0.203	NaN	NaN	NaN	NaN	NaN	NaN	NaN	NaN	NaN	NaN	NaN	NaN	NaN	NaN	NaN	NaN	NaN	NaN	NaN	NaN	NaN	NaN	NaN	NaN
88	67.000	23.465	18.655	27.495	6.955	15.709	12.375	11.463	180.061	-0.091	-0.123	0.040	67.000	24.635	23.335	31.070	17.420	13.546	8.741	8.588	116.327	0.350	0.184	-0.184	67.000	16.315	28.860	15.795	28.535	3.576	0.613	-0.315	-1.128	0.032	-0.034	0.248	67.000	18.655	33.280	24.700	41.340	6.192	10.075	9.032	55.926	-0.098	-0.039	-0.104	108.000	26.780	24.895	32.695	23.920	13.940	5.995	5.940	82.810	-0.181	-0.011	0.182	NaN	NaN	NaN	NaN	NaN	NaN	NaN	NaN	NaN	NaN	NaN	NaN	NaN	NaN	NaN	NaN	NaN	NaN	NaN	NaN	NaN	NaN	NaN	NaN
89	68.000	23.530	18.460	27.495	6.955	15.849	12.169	11.283	178.836	-0.179	NaN	0.206	68.000	24.700	23.205	31.330	17.225	13.635	8.928	8.790	119.855	0.202	0.324	0.135	68.000	16.445	29.055	15.795	28.470	3.585	0.874	-0.378	-1.356	-0.063	0.043	-0.227	68.000	18.720	33.475	24.700	41.210	6.370	9.777	8.957	57.059	-0.075	-0.103	0.194	109.000	27.105	24.830	32.630	23.920	14.184	5.599	5.541	78.602	-0.399	-0.064	0.331	NaN	NaN	NaN	NaN	NaN	NaN	NaN	NaN	NaN	NaN	NaN	NaN	NaN	NaN	NaN	NaN	NaN	NaN	NaN	NaN	NaN	NaN	NaN	NaN
90	69.000	23.530	18.330	27.495	6.890	15.849	12.108	11.234	178.058	-0.049	0.061	0.123	69.000	24.765	23.140	31.460	17.030	13.656	9.064	8.903	121.583	0.113	0.227	0.092	69.000	16.510	29.055	15.795	28.470	3.599	0.924	-0.471	-1.694	-0.093	NaN	-0.050	69.000	18.785	33.670	24.635	41.210	6.588	9.543	8.890	58.567	-0.067	-0.040	0.194	110.000	27.170	24.765	32.760	23.855	14.224	5.664	5.596	79.599	0.055	0.139	0.075	NaN	NaN	NaN	NaN	NaN	NaN	NaN	NaN	NaN	NaN	NaN	NaN	NaN	NaN	NaN	NaN	NaN	NaN	NaN	NaN	NaN	NaN	NaN	NaN
91	70.000	23.530	18.200	27.495	6.890	15.990	11.985	11.146	178.232	-0.088	NaN	0.123	70.000	24.895	23.075	31.655	16.900	13.857	9.156	8.987	124.523	0.084	0.232	0.140	70.000	16.380	28.925	15.730	28.405	3.585	0.832	-0.403	-1.445	0.068	0.091	0.183	70.000	18.785	33.735	24.570	41.145	6.677	9.401	8.779	58.618	-0.111	-0.091	0.051	111.000	27.430	24.765	32.760	23.855	14.348	5.407	5.351	76.777	-0.245	NaN	0.256	NaN	NaN	NaN	NaN	NaN	NaN	NaN	NaN	NaN	NaN	NaN	NaN	NaN	NaN	NaN	NaN	NaN	NaN	NaN	NaN	NaN	NaN	NaN	NaN
92	71.000	23.530	18.265	27.560	6.955	15.941	12.007	11.177	178.177	0.031	-0.039	-0.061	71.000	25.025	22.945	31.850	16.510	14.035	9.380	9.183	128.892	0.197	0.409	0.184	71.000	16.380	29.120	15.665	28.340	3.515	1.058	-0.415	-1.458	-0.012	0.092	-0.144	71.000	18.720	33.085	24.570	41.145	6.308	9.959	8.816	55.609	0.037	NaN	-0.564	112.000	27.560	24.700	32.630	23.920	14.430	5.130	5.061	73.033	-0.290	-0.138	0.138	NaN	NaN	NaN	NaN	NaN	NaN	NaN	NaN	NaN	NaN	NaN	NaN	NaN	NaN	NaN	NaN	NaN	NaN	NaN	NaN	NaN	NaN	NaN	NaN
93	72.000	23.465	18.460	27.495	6.955	15.849	12.190	11.326	179.512	0.149	-0.021	-0.206	72.000	25.025	23.010	32.110	16.250	14.069	9.793	9.583	134.828	0.400	0.368	-0.045	72.000	16.250	28.925	15.730	28.470	3.518	0.691	-0.277	-0.976	0.137	-0.135	0.226	72.000	18.785	33.410	24.635	41.210	6.454	9.750	8.798	56.784	-0.018	0.091	0.299	113.000	27.625	24.765	32.565	23.920	14.512	5.012	4.956	71.918	-0.105	-0.064	0.053	NaN	NaN	NaN	NaN	NaN	NaN	NaN	NaN	NaN	NaN	NaN	NaN	NaN	NaN	NaN	NaN	NaN	NaN	NaN	NaN	NaN	NaN	NaN	NaN
94	73.000	23.400	18.655	27.495	6.955	15.666	12.396	11.520	180.467	0.194	NaN	-0.206	73.000	24.960	23.140	32.305	15.860	13.925	10.342	10.080	140.363	0.497	0.413	-0.138	73.000	16.380	29.055	15.665	28.470	3.551	0.924	-0.419	-1.487	-0.141	0.050	-0.183	73.000	18.785	33.540	24.505	41.080	6.427	9.464	8.616	55.381	-0.181	-0.182	0.104	114.000	27.690	24.700	32.435	23.920	14.595	4.809	4.737	69.138	-0.219	-0.128	0.075	NaN	NaN	NaN	NaN	NaN	NaN	NaN	NaN	NaN	NaN	NaN	NaN	NaN	NaN	NaN	NaN	NaN	NaN	NaN	NaN	NaN	NaN	NaN	NaN
95	74.000	23.595	18.265	27.365	7.540	15.941	11.368	10.565	168.421	-0.954	-0.595	0.433	74.000	24.960	23.010	32.500	15.600	13.891	10.572	10.305	143.143	0.225	0.321	0.091	74.000	16.250	28.925	15.730	28.405	3.406	0.735	-0.268	-0.913	0.151	1.292E-15	0.184	74.000	18.785	33.345	24.505	41.080	6.427	9.620	8.709	55.977	0.093	NaN	-0.157	115.000	27.885	24.700	32.370	23.985	14.676	4.542	4.479	65.733	-0.258	-0.074	0.193	NaN	NaN	NaN	NaN	NaN	NaN	NaN	NaN	NaN	NaN	NaN	NaN	NaN	NaN	NaN	NaN	NaN	NaN	NaN	NaN	NaN	NaN	NaN	NaN
96	75.000	23.855	17.615	27.495	8.255	16.357	10.043	9.454	154.635	-1.111	-0.619	0.700	75.000	24.895	23.075	32.110	16.185	13.634	9.976	9.708	132.357	-0.597	-0.686	-0.092	75.000	16.380	28.990	15.665	28.405	3.393	0.924	-0.517	-1.753	-0.249	0.050	-0.142	75.000	18.785	33.345	24.570	41.145	6.588	9.711	8.967	59.078	0.258	0.091	NaN	116.000	27.755	24.700	32.305	23.985	14.636	4.606	4.536	66.387	0.057	-0.064	-0.128	NaN	NaN	NaN	NaN	NaN	NaN	NaN	NaN	NaN	NaN	NaN	NaN	NaN	NaN	NaN	NaN	NaN	NaN	NaN	NaN	NaN	NaN	NaN	NaN
97	76.000	25.025	14.755	27.560	8.385	18.204	6.856	6.478	117.932	-2.975	-0.097	3.090	76.000	24.895	23.075	32.695	15.015	12.970	11.216	10.468	135.775	0.760	1.248	NaN	76.000	16.315	29.120	15.730	28.405	3.238	0.924	-0.705	-2.282	-0.188	-0.041	-0.059	76.000	18.785	33.345	24.570	41.080	7.424	9.659	9.418	69.920	0.451	-0.052	NaN	117.000	27.820	24.700	32.435	23.920	14.789	4.680	4.595	67.951	0.059	0.139	0.064	NaN	NaN	NaN	NaN	NaN	NaN	NaN	NaN	NaN	NaN	NaN	NaN	NaN	NaN	NaN	NaN	NaN	NaN	NaN	NaN	NaN	NaN	NaN	NaN
98	77.000	23.335	19.110	27.495	8.450	15.476	11.443	10.757	166.482	4.279	-0.084	-4.671	77.000	24.895	23.140	32.825	14.755	14.009	11.541	11.212	157.064	0.744	0.278	-0.047	77.000	16.250	28.990	15.730	28.405	3.580	0.783	-0.166	-0.596	0.538	NaN	0.140	77.000	18.850	33.280	24.505	41.080	6.257	9.634	8.330	52.120	-1.088	-0.038	-0.014	118.000	27.755	24.700	32.370	23.920	14.700	4.680	4.609	67.748	0.014	-0.064	-0.064	NaN	NaN	NaN	NaN	NaN	NaN	NaN	NaN	NaN	NaN	NaN	NaN	NaN	NaN	NaN	NaN	NaN	NaN	NaN	NaN	NaN	NaN	NaN	NaN
99	78.000	23.270	19.370	27.495	8.450	15.293	11.709	10.999	168.201	0.241	NaN	-0.266	78.000	24.895	23.205	32.890	14.690	13.990	11.680	11.355	158.852	0.143	0.092	-0.047	78.000	16.315	28.990	15.730	28.405	3.645	0.827	-0.198	-0.722	-0.032	NaN	-0.046	78.000	18.850	33.800	24.570	41.080	6.367	9.258	8.425	53.641	0.095	0.040	0.409	119.000	27.625	24.700	32.240	23.985	14.683	4.670	4.578	67.220	-0.031	-0.138	-0.128	NaN	NaN	NaN	NaN	NaN	NaN	NaN	NaN	NaN	NaN	NaN	NaN	NaN	NaN	NaN	NaN	NaN	NaN	NaN	NaN	NaN	NaN	NaN	NaN
100	79.000	23.205	19.565	27.495	8.385	15.152	11.975	11.227	170.115	0.228	0.061	-0.205	79.000	24.830	23.335	32.955	14.560	13.900	11.959	11.602	161.268	0.247	0.140	-0.140	79.000	16.380	28.990	15.730	28.470	3.735	0.832	-0.283	-1.056	-0.085	-0.041	-0.051	79.000	18.850	33.735	24.570	41.080	6.308	9.310	8.382	52.876	-0.043	NaN	-0.051	120.000	27.495	24.765	32.045	23.985	14.691	4.616	4.527	66.510	-0.051	-0.192	-0.139	NaN	NaN	NaN	NaN	NaN	NaN	NaN	NaN	NaN	NaN	NaN	NaN	NaN	NaN	NaN	NaN	NaN	NaN	NaN	NaN	NaN	NaN	NaN	NaN
101	80.000	23.270	19.370	27.495	8.190	15.073	11.952	11.236	169.368	0.009	0.182	0.205	80.000	24.700	23.465	33.085	14.235	13.431	12.470	12.068	162.084	0.466	0.328	-0.184	80.000	16.250	28.990	15.730	28.405	3.335	0.783	-0.117	-0.389	0.166	0.049	0.086	80.000	18.850	33.475	24.505	41.080	6.017	9.477	8.438	50.776	0.056	-0.039	-0.209	NaN	NaN	NaN	NaN	NaN	NaN	NaN	NaN	NaN	NaN	NaN	NaN	NaN	NaN	NaN	NaN	NaN	NaN	NaN	NaN	NaN	NaN	NaN	NaN	NaN	NaN	NaN	NaN	NaN	NaN	NaN	NaN	NaN	NaN	NaN	NaN
102	81.000	23.075	19.760	27.495	7.865	14.476	12.690	12.052	174.467	0.816	0.305	-0.433	81.000	24.635	23.595	33.215	13.975	12.966	12.890	12.557	162.815	0.489	0.281	-0.140	81.000	16.315	29.055	15.665	28.405	3.039	0.919	-0.056	-0.169	0.061	0.046	-0.092	81.000	18.785	33.670	24.505	41.080	5.411	9.361	8.577	46.407	0.139	NaN	0.115	NaN	NaN	NaN	NaN	NaN	NaN	NaN	NaN	NaN	NaN	NaN	NaN	NaN	NaN	NaN	NaN	NaN	NaN	NaN	NaN	NaN	NaN	NaN	NaN	NaN	NaN	NaN	NaN	NaN	NaN	NaN	NaN	NaN	NaN	NaN	NaN
103	82.000	25.220	14.495	27.560	7.800	17.846	7.092	6.684	119.289	-5.368	0.083	5.678	82.000	24.635	23.595	33.410	13.780	11.636	13.166	12.047	140.181	-0.509	0.275	NaN	82.000	16.185	28.925	15.665	28.340	2.207	0.783	-0.643	-1.420	-0.588	0.049	0.184	82.000	18.785	33.280	24.570	41.145	6.803	9.763	9.671	65.792	1.094	0.091	-0.314	NaN	NaN	NaN	NaN	NaN	NaN	NaN	NaN	NaN	NaN	NaN	NaN	NaN	NaN	NaN	NaN	NaN	NaN	NaN	NaN	NaN	NaN	NaN	NaN	NaN	NaN	NaN	NaN	NaN	NaN	NaN	NaN	NaN	NaN	NaN	NaN
104	83.000	23.140	19.695	27.625	7.540	14.516	12.956	12.282	178.287	5.597	0.266	-5.599	83.000	24.635	23.530	33.410	13.520	12.966	13.312	12.941	167.796	0.893	0.196	0.049	83.000	16.120	28.860	15.600	28.340	2.988	0.735	0.011	0.034	0.655	0.046	0.092	83.000	18.720	33.345	24.505	41.145	5.232	9.711	8.663	45.326	-1.008	-0.039	0.013	NaN	NaN	NaN	NaN	NaN	NaN	NaN	NaN	NaN	NaN	NaN	NaN	NaN	NaN	NaN	NaN	NaN	NaN	NaN	NaN	NaN	NaN	NaN	NaN	NaN	NaN	NaN	NaN	NaN	NaN	NaN	NaN	NaN	NaN	NaN	NaN
105	84.000	23.075	19.890	27.625	7.540	14.466	13.161	12.463	180.281	0.181	NaN	-0.205	84.000	24.570	23.595	33.540	13.065	13.004	13.833	13.414	174.433	0.473	0.431	-0.092	84.000	16.055	28.860	15.730	28.470	3.083	0.508	0.069	0.211	0.057	-0.183	0.042	84.000	18.720	33.475	24.635	41.145	5.291	9.686	8.697	46.014	0.035	0.079	0.103	NaN	NaN	NaN	NaN	NaN	NaN	NaN	NaN	NaN	NaN	NaN	NaN	NaN	NaN	NaN	NaN	NaN	NaN	NaN	NaN	NaN	NaN	NaN	NaN	NaN	NaN	NaN	NaN	NaN	NaN	NaN	NaN	NaN	NaN	NaN	NaN
106	85.000	23.140	19.760	27.625	7.475	14.507	13.078	12.356	179.250	-0.106	0.061	0.144	85.000	24.570	23.595	33.670	12.740	12.929	14.165	13.678	176.850	0.265	0.333	NaN	85.000	16.185	28.795	15.665	28.340	3.125	0.691	-0.046	-0.144	-0.114	0.135	-0.055	85.000	18.720	33.150	24.505	41.080	5.207	9.816	8.538	44.460	-0.159	-0.129	-0.263	NaN	NaN	NaN	NaN	NaN	NaN	NaN	NaN	NaN	NaN	NaN	NaN	NaN	NaN	NaN	NaN	NaN	NaN	NaN	NaN	NaN	NaN	NaN	NaN	NaN	NaN	NaN	NaN	NaN	NaN	NaN	NaN	NaN	NaN	NaN	NaN
107	86.000	23.075	19.890	27.625	7.280	14.507	13.406	12.649	183.500	0.293	0.183	-0.144	86.000	24.570	23.595	33.670	12.610	13.057	14.265	13.773	179.833	0.094	0.100	NaN	86.000	16.185	28.990	15.730	28.470	3.127	0.691	0.026	0.080	0.072	-0.141	-0.147	86.000	18.720	33.215	24.505	41.080	5.240	9.763	8.432	44.185	-0.106	NaN	0.052	NaN	NaN	NaN	NaN	NaN	NaN	NaN	NaN	NaN	NaN	NaN	NaN	NaN	NaN	NaN	NaN	NaN	NaN	NaN	NaN	NaN	NaN	NaN	NaN	NaN	NaN	NaN	NaN	NaN	NaN	NaN	NaN	NaN	NaN	NaN	NaN
108	87.000	22.945	20.280	27.625	7.150	14.274	13.939	13.127	187.370	0.478	0.122	-0.411	87.000	24.635	23.595	33.800	12.350	13.223	14.507	14.011	185.275	0.238	0.284	0.041	87.000	16.120	28.860	15.730	28.470	3.314	0.552	0.031	0.101	0.005	NaN	0.138	87.000	18.785	33.735	24.440	41.015	5.436	9.218	8.292	45.077	-0.139	-0.091	0.451	NaN	NaN	NaN	NaN	NaN	NaN	NaN	NaN	NaN	NaN	NaN	NaN	NaN	NaN	NaN	NaN	NaN	NaN	NaN	NaN	NaN	NaN	NaN	NaN	NaN	NaN	NaN	NaN	NaN	NaN	NaN	NaN	NaN	NaN	NaN	NaN
109	88.000	23.075	20.020	27.625	7.150	14.415	13.651	12.854	185.292	-0.273	NaN	0.288	88.000	25.025	23.010	33.735	12.415	13.754	13.716	13.306	183.019	-0.705	-0.091	0.700	88.000	16.120	28.860	15.665	28.405	3.174	0.643	0.028	0.089	-0.003	0.092	NaN	88.000	18.655	33.345	24.375	40.950	5.148	9.516	8.369	43.082	0.076	-0.091	-0.390	NaN	NaN	NaN	NaN	NaN	NaN	NaN	NaN	NaN	NaN	NaN	NaN	NaN	NaN	NaN	NaN	NaN	NaN	NaN	NaN	NaN	NaN	NaN	NaN	NaN	NaN	NaN	NaN	NaN	NaN	NaN	NaN	NaN	NaN	NaN	NaN
110	89.000	25.350	14.300	27.560	7.280	18.234	7.360	6.815	124.274	-6.038	-0.144	6.139	89.000	24.765	23.205	33.800	12.350	12.185	14.123	12.768	155.577	-0.538	0.092	-0.316	89.000	15.990	28.730	15.665	28.405	2.308	0.460	-0.375	-0.866	-0.403	NaN	0.184	89.000	18.590	33.215	24.505	41.015	6.894	9.789	9.698	66.861	1.329	0.130	-0.143	NaN	NaN	NaN	NaN	NaN	NaN	NaN	NaN	NaN	NaN	NaN	NaN	NaN	NaN	NaN	NaN	NaN	NaN	NaN	NaN	NaN	NaN	NaN	NaN	NaN	NaN	NaN	NaN	NaN	NaN	NaN	NaN	NaN	NaN	NaN	NaN
111	90.000	23.010	20.475	27.625	7.410	14.432	13.856	12.938	186.715	6.122	-0.101	-6.602	90.000	25.090	22.815	33.800	12.220	14.339	13.716	13.337	191.236	0.569	0.100	0.508	90.000	16.120	28.730	15.665	28.340	3.682	0.599	-0.016	-0.059	0.359	0.042	-0.099	90.000	18.655	33.475	24.570	41.145	5.395	9.686	8.352	45.060	-1.346	0.143	0.246	NaN	NaN	NaN	NaN	NaN	NaN	NaN	NaN	NaN	NaN	NaN	NaN	NaN	NaN	NaN	NaN	NaN	NaN	NaN	NaN	NaN	NaN	NaN	NaN	NaN	NaN	NaN	NaN	NaN	NaN	NaN	NaN	NaN	NaN	NaN	NaN
112	91.000	25.285	14.430	27.690	7.605	18.234	7.236	6.790	123.805	-6.148	-0.162	6.457	91.000	25.025	23.075	33.865	12.155	12.590	14.050	12.667	159.468	-0.670	0.091	-0.243	91.000	16.120	28.730	15.795	28.405	2.484	0.460	-0.357	-0.887	-0.341	-0.138	NaN	91.000	18.590	33.280	24.505	41.015	6.895	9.737	9.634	66.425	1.282	-0.143	-0.194	NaN	NaN	NaN	NaN	NaN	NaN	NaN	NaN	NaN	NaN	NaN	NaN	NaN	NaN	NaN	NaN	NaN	NaN	NaN	NaN	NaN	NaN	NaN	NaN	NaN	NaN	NaN	NaN	NaN	NaN	NaN	NaN	NaN	NaN	NaN	NaN
113	92.000	25.285	14.430	27.690	7.670	18.184	7.175	6.734	122.453	-0.056	-0.061	NaN	92.000	25.155	22.880	33.865	12.090	12.763	13.867	12.523	159.823	-0.144	0.051	0.233	92.000	16.250	28.860	15.665	28.340	2.640	0.783	-0.666	-1.758	-0.309	0.140	-0.184	92.000	18.590	33.215	24.505	41.080	6.895	9.841	9.725	67.051	0.091	0.052	-0.052	NaN	NaN	NaN	NaN	NaN	NaN	NaN	NaN	NaN	NaN	NaN	NaN	NaN	NaN	NaN	NaN	NaN	NaN	NaN	NaN	NaN	NaN	NaN	NaN	NaN	NaN	NaN	NaN	NaN	NaN	NaN	NaN	NaN	NaN	NaN	NaN
114	93.000	25.155	14.820	27.755	7.930	18.035	7.364	6.942	125.195	0.208	-0.220	-0.411	93.000	25.155	23.010	33.865	11.960	12.908	14.070	12.636	163.110	0.114	0.102	-0.102	93.000	16.055	28.665	15.665	28.405	2.536	0.469	-0.397	-1.006	0.269	-0.036	0.270	93.000	18.590	33.215	24.375	41.015	6.856	9.711	9.529	65.327	-0.196	-0.130	NaN	NaN	NaN	NaN	NaN	NaN	NaN	NaN	NaN	NaN	NaN	NaN	NaN	NaN	NaN	NaN	NaN	NaN	NaN	NaN	NaN	NaN	NaN	NaN	NaN	NaN	NaN	NaN	NaN	NaN	NaN	NaN	NaN	NaN	NaN	NaN	NaN
115	94.000	25.155	14.820	27.755	8.060	18.077	7.243	6.836	123.573	-0.106	-0.121	NaN	94.000	25.025	23.140	33.865	11.960	12.794	14.253	12.766	163.322	0.130	NaN	-0.183	94.000	15.990	28.730	15.730	28.275	2.538	0.524	-0.283	-0.718	0.114	0.081	-0.024	94.000	18.590	33.215	24.375	40.950	6.904	9.659	9.473	65.403	-0.056	-0.052	NaN	NaN	NaN	NaN	NaN	NaN	NaN	NaN	NaN	NaN	NaN	NaN	NaN	NaN	NaN	NaN	NaN	NaN	NaN	NaN	NaN	NaN	NaN	NaN	NaN	NaN	NaN	NaN	NaN	NaN	NaN	NaN	NaN	NaN	NaN	NaN	NaN
116	95.000	25.090	14.950	27.690	8.190	18.028	7.243	6.830	123.133	-0.006	-0.145	-0.145	95.000	24.895	23.270	33.865	11.960	12.707	14.435	12.923	164.217	0.157	NaN	-0.183	95.000	15.925	28.600	15.600	28.340	2.536	0.416	-0.318	-0.807	-0.035	0.061	0.132	95.000	18.590	33.215	24.505	41.015	6.910	9.789	9.588	66.248	0.115	0.130	NaN	NaN	NaN	NaN	NaN	NaN	NaN	NaN	NaN	NaN	NaN	NaN	NaN	NaN	NaN	NaN	NaN	NaN	NaN	NaN	NaN	NaN	NaN	NaN	NaN	NaN	NaN	NaN	NaN	NaN	NaN	NaN	NaN	NaN	NaN	NaN	NaN
117	96.000	25.090	14.885	27.690	8.255	18.119	7.122	6.730	121.950	-0.100	-0.061	0.061	96.000	25.090	22.945	33.930	11.960	13.082	14.100	12.753	166.837	-0.170	0.041	0.375	96.000	15.990	28.600	15.665	28.405	2.666	0.379	-0.320	-0.853	-0.002	-0.089	-0.056	96.000	18.525	33.085	24.570	41.145	6.825	10.075	9.826	67.059	0.238	0.143	-0.143	NaN	NaN	NaN	NaN	NaN	NaN	NaN	NaN	NaN	NaN	NaN	NaN	NaN	NaN	NaN	NaN	NaN	NaN	NaN	NaN	NaN	NaN	NaN	NaN	NaN	NaN	NaN	NaN	NaN	NaN	NaN	NaN	NaN	NaN	NaN	NaN
118	97.000	25.155	14.755	27.755	8.385	18.296	6.880	6.520	119.289	-0.210	-0.096	0.145	97.000	24.960	23.075	33.930	11.895	12.998	14.334	12.872	167.302	0.118	0.051	-0.183	97.000	15.860	28.665	15.665	28.405	2.666	0.325	-0.201	-0.537	0.119	NaN	0.026	97.000	18.525	33.215	24.505	41.015	7.050	9.829	9.627	67.870	-0.199	-0.143	0.103	NaN	NaN	NaN	NaN	NaN	NaN	NaN	NaN	NaN	NaN	NaN	NaN	NaN	NaN	NaN	NaN	NaN	NaN	NaN	NaN	NaN	NaN	NaN	NaN	NaN	NaN	NaN	NaN	NaN	NaN	NaN	NaN	NaN	NaN	NaN	NaN
119	98.000	25.155	14.755	27.820	8.450	18.289	6.845	6.503	118.930	-0.017	-0.035	NaN	98.000	24.960	23.010	33.995	11.765	13.057	14.425	12.945	169.013	0.073	0.142	0.051	98.000	15.990	28.730	15.795	28.470	2.867	0.325	-0.212	-0.608	-0.011	-0.130	-0.130	98.000	18.590	33.345	24.505	41.015	7.277	9.686	9.508	69.189	-0.118	NaN	0.143	NaN	NaN	NaN	NaN	NaN	NaN	NaN	NaN	NaN	NaN	NaN	NaN	NaN	NaN	NaN	NaN	NaN	NaN	NaN	NaN	NaN	NaN	NaN	NaN	NaN	NaN	NaN	NaN	NaN	NaN	NaN	NaN	NaN	NaN	NaN	NaN
120	99.000	25.155	14.625	27.820	8.515	18.430	6.666	6.360	117.210	-0.143	-0.060	0.119	99.000	25.740	22.230	33.995	11.700	14.157	13.380	12.081	171.024	-0.864	0.051	1.095	99.000	15.860	28.600	15.665	28.470	2.796	0.234	-0.198	-0.553	0.014	0.108	0.180	99.000	18.525	33.150	24.115	40.625	7.149	9.334	9.095	65.019	-0.414	-0.546	-0.195	NaN	NaN	NaN	NaN	NaN	NaN	NaN	NaN	NaN	NaN	NaN	NaN	NaN	NaN	NaN	NaN	NaN	NaN	NaN	NaN	NaN	NaN	NaN	NaN	NaN	NaN	NaN	NaN	NaN	NaN	NaN	NaN	NaN	NaN	NaN	NaN
121	100.000	25.155	14.690	27.690	8.580	18.381	6.615	6.270	115.241	-0.090	-0.110	-0.060	100.000	25.610	22.230	33.995	11.570	14.040	13.563	12.279	172.401	0.198	0.102	-0.080	100.000	15.860	28.535	15.730	28.340	2.795	0.234	-0.130	-0.363	0.068	0.072	0.054	100.000	18.460	33.085	24.440	40.950	7.058	9.880	9.642	68.048	0.547	0.455	-0.091	NaN	NaN	NaN	NaN	NaN	NaN	NaN	NaN	NaN	NaN	NaN	NaN	NaN	NaN	NaN	NaN	NaN	NaN	NaN	NaN	NaN	NaN	NaN	NaN	NaN	NaN	NaN	NaN	NaN	NaN	NaN	NaN	NaN	NaN	NaN	NaN
122	101.000	25.025	15.015	27.755	8.645	18.106	6.930	6.596	119.424	0.326	-0.034	-0.350	101.000	25.545	22.360	33.995	11.505	13.924	13.756	12.449	173.348	0.170	0.051	-0.143	101.000	15.665	28.470	15.535	28.470	2.542	0.130	-0.130	-0.330	3.829E-4	0.195	0.195	101.000	18.525	33.085	20.280	36.790	6.974	4.100	3.706	25.844	-5.936	-5.540	0.028	NaN	NaN	NaN	NaN	NaN	NaN	NaN	NaN	NaN	NaN	NaN	NaN	NaN	NaN	NaN	NaN	NaN	NaN	NaN	NaN	NaN	NaN	NaN	NaN	NaN	NaN	NaN	NaN	NaN	NaN	NaN	NaN	NaN	NaN	NaN	NaN
123	102.000	25.025	14.885	27.690	8.905	18.161	6.547	6.273	113.931	-0.323	-0.264	0.119	102.000	25.415	22.425	34.060	11.505	13.721	13.928	12.665	173.783	0.216	0.040	-0.132	NaN	NaN	NaN	NaN	NaN	NaN	NaN	NaN	NaN	NaN	NaN	NaN	102.000	18.395	32.890	24.505	41.015	6.700	10.166	9.866	66.100	6.160	5.916	-0.234	NaN	NaN	NaN	NaN	NaN	NaN	NaN	NaN	NaN	NaN	NaN	NaN	NaN	NaN	NaN	NaN	NaN	NaN	NaN	NaN	NaN	NaN	NaN	NaN	NaN	NaN	NaN	NaN	NaN	NaN	NaN	NaN	NaN	NaN	NaN	NaN
124	103.000	24.895	15.015	27.625	9.230	17.978	6.397	6.169	110.906	-0.104	-0.322	-0.173	103.000	25.740	22.295	34.125	11.440	14.070	13.716	12.391	174.336	-0.274	0.091	0.302	NaN	NaN	NaN	NaN	NaN	NaN	NaN	NaN	NaN	NaN	NaN	NaN	103.000	18.460	33.215	24.505	41.015	6.959	9.868	9.674	67.317	-0.192	NaN	0.297	NaN	NaN	NaN	NaN	NaN	NaN	NaN	NaN	NaN	NaN	NaN	NaN	NaN	NaN	NaN	NaN	NaN	NaN	NaN	NaN	NaN	NaN	NaN	NaN	NaN	NaN	NaN	NaN	NaN	NaN	NaN	NaN	NaN	NaN	NaN	NaN
125	104.000	24.700	15.405	27.430	9.490	17.703	6.515	6.270	110.995	0.101	-0.318	-0.436	104.000	25.610	22.425	34.125	11.440	13.984	13.899	12.615	176.402	0.224	NaN	-0.182	NaN	NaN	NaN	NaN	NaN	NaN	NaN	NaN	NaN	NaN	NaN	NaN	104.000	18.720	33.735	24.375	40.950	7.368	9.167	9.014	66.417	-0.660	-0.131	0.570	NaN	NaN	NaN	NaN	NaN	NaN	NaN	NaN	NaN	NaN	NaN	NaN	NaN	NaN	NaN	NaN	NaN	NaN	NaN	NaN	NaN	NaN	NaN	NaN	NaN	NaN	NaN	NaN	NaN	NaN	NaN	NaN	NaN	NaN	NaN	NaN
126	105.000	24.765	15.340	27.365	9.685	17.703	6.224	5.988	106.001	-0.282	-0.204	0.086	105.000	25.415	22.555	34.125	11.440	13.663	14.121	12.825	175.228	0.210	NaN	-0.223	NaN	NaN	NaN	NaN	NaN	NaN	NaN	NaN	NaN	NaN	NaN	NaN	105.000	18.460	33.215	24.440	41.015	6.825	9.829	9.608	65.572	0.594	0.091	-0.571	NaN	NaN	NaN	NaN	NaN	NaN	NaN	NaN	NaN	NaN	NaN	NaN	NaN	NaN	NaN	NaN	NaN	NaN	NaN	NaN	NaN	NaN	NaN	NaN	NaN	NaN	NaN	NaN	NaN	NaN	NaN	NaN	NaN	NaN	NaN	NaN
127	106.000	24.570	15.730	27.365	9.815	17.478	6.542	6.318	110.429	0.331	-0.118	-0.436	106.000	25.545	22.360	33.865	12.090	13.991	13.217	12.220	170.969	-0.605	-0.669	0.233	NaN	NaN	NaN	NaN	NaN	NaN	NaN	NaN	NaN	NaN	NaN	NaN	106.000	18.460	33.215	24.440	41.015	6.659	9.829	9.542	63.544	-0.066	NaN	NaN	NaN	NaN	NaN	NaN	NaN	NaN	NaN	NaN	NaN	NaN	NaN	NaN	NaN	NaN	NaN	NaN	NaN	NaN	NaN	NaN	NaN	NaN	NaN	NaN	NaN	NaN	NaN	NaN	NaN	NaN	NaN	NaN	NaN	NaN	NaN	NaN
128	107.000	24.570	15.730	27.300	9.945	17.386	6.397	6.178	107.408	-0.140	-0.145	NaN	107.000	25.415	22.555	34.060	11.505	13.696	14.030	12.823	175.625	0.603	0.581	-0.234	NaN	NaN	NaN	NaN	NaN	NaN	NaN	NaN	NaN	NaN	NaN	NaN	107.000	18.720	33.865	24.310	40.885	7.271	8.974	8.854	64.381	-0.688	-0.183	0.670	NaN	NaN	NaN	NaN	NaN	NaN	NaN	NaN	NaN	NaN	NaN	NaN	NaN	NaN	NaN	NaN	NaN	NaN	NaN	NaN	NaN	NaN	NaN	NaN	NaN	NaN	NaN	NaN	NaN	NaN	NaN	NaN	NaN	NaN	NaN	NaN
129	108.000	24.570	15.730	27.235	10.075	17.302	6.251	6.046	104.607	-0.132	-0.145	NaN	108.000	25.350	22.750	33.995	11.570	13.432	14.133	12.849	172.595	0.026	-0.091	-0.194	NaN	NaN	NaN	NaN	NaN	NaN	NaN	NaN	NaN	NaN	NaN	NaN	108.000	18.590	33.540	24.375	40.885	6.861	9.350	9.201	63.126	0.347	0.040	-0.336	NaN	NaN	NaN	NaN	NaN	NaN	NaN	NaN	NaN	NaN	NaN	NaN	NaN	NaN	NaN	NaN	NaN	NaN	NaN	NaN	NaN	NaN	NaN	NaN	NaN	NaN	NaN	NaN	NaN	NaN	NaN	NaN	NaN	NaN	NaN	NaN
130	109.000	24.505	15.860	27.235	10.140	17.178	6.338	6.151	105.659	0.105	-0.059	-0.145	109.000	25.350	22.620	33.995	11.505	13.441	14.081	12.942	173.956	0.093	0.051	0.103	NaN	NaN	NaN	NaN	NaN	NaN	NaN	NaN	NaN	NaN	NaN	NaN	109.000	18.590	33.475	24.440	41.080	6.634	9.595	9.405	62.399	0.204	0.194	-0.052	NaN	NaN	NaN	NaN	NaN	NaN	NaN	NaN	NaN	NaN	NaN	NaN	NaN	NaN	NaN	NaN	NaN	NaN	NaN	NaN	NaN	NaN	NaN	NaN	NaN	NaN	NaN	NaN	NaN	NaN	NaN	NaN	NaN	NaN	NaN	NaN
131	110.000	24.505	15.925	27.235	10.205	17.136	6.338	6.155	105.481	0.004	-0.059	-0.059	110.000	25.285	22.685	34.060	11.440	13.328	14.264	13.145	175.190	0.203	0.091	-0.091	NaN	NaN	NaN	NaN	NaN	NaN	NaN	NaN	NaN	NaN	NaN	NaN	110.000	18.525	33.345	24.440	40.950	6.409	9.634	9.436	60.472	0.031	-0.103	-0.143	NaN	NaN	NaN	NaN	NaN	NaN	NaN	NaN	NaN	NaN	NaN	NaN	NaN	NaN	NaN	NaN	NaN	NaN	NaN	NaN	NaN	NaN	NaN	NaN	NaN	NaN	NaN	NaN	NaN	NaN	NaN	NaN	NaN	NaN	NaN	NaN
132	111.000	24.505	15.990	27.170	10.270	17.004	6.310	6.120	104.058	-0.036	-0.086	-0.059	111.000	25.220	22.750	34.125	11.375	13.126	14.446	13.338	175.071	0.193	0.091	-0.091	NaN	NaN	NaN	NaN	NaN	NaN	NaN	NaN	NaN	NaN	NaN	NaN	111.000	18.460	33.345	24.505	41.080	6.262	9.817	9.657	60.468	0.221	0.142	-0.040	NaN	NaN	NaN	NaN	NaN	NaN	NaN	NaN	NaN	NaN	NaN	NaN	NaN	NaN	NaN	NaN	NaN	NaN	NaN	NaN	NaN	NaN	NaN	NaN	NaN	NaN	NaN	NaN	NaN	NaN	NaN	NaN	NaN	NaN	NaN	NaN
133	112.000	24.505	16.120	27.105	10.400	16.862	6.283	6.076	102.448	-0.044	-0.145	-0.118	112.000	25.220	22.685	34.060	11.375	13.101	14.355	13.287	174.070	-0.052	-0.040	0.051	NaN	NaN	NaN	NaN	NaN	NaN	NaN	NaN	NaN	NaN	NaN	NaN	112.000	18.395	33.345	24.505	41.080	6.165	9.857	9.729	59.978	0.072	NaN	-0.040	NaN	NaN	NaN	NaN	NaN	NaN	NaN	NaN	NaN	NaN	NaN	NaN	NaN	NaN	NaN	NaN	NaN	NaN	NaN	NaN	NaN	NaN	NaN	NaN	NaN	NaN	NaN	NaN	NaN	NaN	NaN	NaN	NaN	NaN	NaN	NaN
134	113.000	24.440	16.185	27.105	10.335	16.872	6.428	6.226	105.046	0.151	0.059	-0.086	113.000	25.220	22.750	34.060	11.375	13.134	14.406	13.342	175.232	0.056	NaN	-0.051	NaN	NaN	NaN	NaN	NaN	NaN	NaN	NaN	NaN	NaN	NaN	NaN	113.000	18.330	33.215	24.375	40.950	5.944	9.817	9.637	57.278	-0.092	-0.182	-0.142	NaN	NaN	NaN	NaN	NaN	NaN	NaN	NaN	NaN	NaN	NaN	NaN	NaN	NaN	NaN	NaN	NaN	NaN	NaN	NaN	NaN	NaN	NaN	NaN	NaN	NaN	NaN	NaN	NaN	NaN	NaN	NaN	NaN	NaN	NaN	NaN
135	114.000	24.310	16.510	27.105	10.400	16.648	6.719	6.517	108.498	0.291	-0.059	-0.350	114.000	25.155	22.750	34.060	11.310	13.121	14.497	13.526	177.471	0.184	0.051	-0.040	NaN	NaN	NaN	NaN	NaN	NaN	NaN	NaN	NaN	NaN	NaN	NaN	114.000	18.265	33.215	24.375	40.950	5.718	9.857	9.666	55.267	0.029	NaN	-0.040	NaN	NaN	NaN	NaN	NaN	NaN	NaN	NaN	NaN	NaN	NaN	NaN	NaN	NaN	NaN	NaN	NaN	NaN	NaN	NaN	NaN	NaN	NaN	NaN	NaN	NaN	NaN	NaN	NaN	NaN	NaN	NaN	NaN	NaN	NaN	NaN
136	115.000	24.375	16.380	27.170	10.400	16.648	6.601	6.416	106.808	-0.102	0.028	0.145	115.000	25.220	22.685	34.060	11.310	13.087	14.406	13.415	175.561	-0.111	NaN	0.091	NaN	NaN	NaN	NaN	NaN	NaN	NaN	NaN	NaN	NaN	NaN	NaN	115.000	18.265	33.020	24.505	41.015	5.626	10.142	9.931	55.871	0.265	0.131	-0.154	NaN	NaN	NaN	NaN	NaN	NaN	NaN	NaN	NaN	NaN	NaN	NaN	NaN	NaN	NaN	NaN	NaN	NaN	NaN	NaN	NaN	NaN	NaN	NaN	NaN	NaN	NaN	NaN	NaN	NaN	NaN	NaN	NaN	NaN	NaN	NaN
137	116.000	24.310	16.510	27.105	10.270	16.597	6.837	6.614	109.782	0.199	0.092	-0.145	116.000	25.220	22.685	34.060	11.375	13.176	14.355	13.390	176.436	-0.024	-0.051	NaN	NaN	NaN	NaN	NaN	NaN	NaN	NaN	NaN	NaN	NaN	NaN	NaN	116.000	18.200	32.890	24.375	41.015	5.502	10.205	9.902	54.481	-0.029	-0.079	-0.143	NaN	NaN	NaN	NaN	NaN	NaN	NaN	NaN	NaN	NaN	NaN	NaN	NaN	NaN	NaN	NaN	NaN	NaN	NaN	NaN	NaN	NaN	NaN	NaN	NaN	NaN	NaN	NaN	NaN	NaN	NaN	NaN	NaN	NaN	NaN	NaN
138	117.000	24.115	17.290	27.170	10.270	16.181	7.656	7.385	119.500	0.771	0.026	-0.793	117.000	25.220	22.685	34.060	11.440	13.361	14.304	13.513	180.538	0.122	-0.051	NaN	NaN	NaN	NaN	NaN	NaN	NaN	NaN	NaN	NaN	NaN	NaN	NaN	117.000	18.200	33.020	24.505	41.080	5.252	10.233	9.860	51.786	-0.042	0.131	0.102	NaN	NaN	NaN	NaN	NaN	NaN	NaN	NaN	NaN	NaN	NaN	NaN	NaN	NaN	NaN	NaN	NaN	NaN	NaN	NaN	NaN	NaN	NaN	NaN	NaN	NaN	NaN	NaN	NaN	NaN	NaN	NaN	NaN	NaN	NaN	NaN
139	118.000	24.115	16.965	27.105	10.465	16.273	7.155	6.938	112.900	-0.447	-0.204	0.295	118.000	25.155	22.750	33.995	11.570	13.188	14.253	13.379	176.436	-0.134	-0.142	-0.091	NaN	NaN	NaN	NaN	NaN	NaN	NaN	NaN	NaN	NaN	NaN	NaN	118.000	18.330	33.215	24.505	41.080	5.685	9.999	9.747	55.411	-0.113	NaN	0.234	NaN	NaN	NaN	NaN	NaN	NaN	NaN	NaN	NaN	NaN	NaN	NaN	NaN	NaN	NaN	NaN	NaN	NaN	NaN	NaN	NaN	NaN	NaN	NaN	NaN	NaN	NaN	NaN	NaN	NaN	NaN	NaN	NaN	NaN	NaN	NaN
140	119.000	24.050	17.160	27.040	10.530	16.222	7.273	7.035	114.117	0.097	-0.086	-0.204	119.000	25.220	22.620	33.930	11.635	13.436	14.019	13.220	177.619	-0.158	-0.091	0.142	NaN	NaN	NaN	NaN	NaN	NaN	NaN	NaN	NaN	NaN	NaN	NaN	119.000	18.395	33.085	24.505	41.080	5.630	10.062	9.646	54.304	-0.101	NaN	-0.064	NaN	NaN	NaN	NaN	NaN	NaN	NaN	NaN	NaN	NaN	NaN	NaN	NaN	NaN	NaN	NaN	NaN	NaN	NaN	NaN	NaN	NaN	NaN	NaN	NaN	NaN	NaN	NaN	NaN	NaN	NaN	NaN	NaN	NaN	NaN	NaN
141	120.000	23.985	17.615	27.105	10.400	16.071	7.861	7.555	121.414	0.520	0.145	-0.443	120.000	25.155	22.750	33.930	11.830	13.505	14.009	13.277	179.313	0.057	-0.152	-0.142	NaN	NaN	NaN	NaN	NaN	NaN	NaN	NaN	NaN	NaN	NaN	NaN	120.000	18.460	33.150	24.375	40.950	5.625	9.789	9.248	52.018	-0.398	-0.182	0.091	NaN	NaN	NaN	NaN	NaN	NaN	NaN	NaN	NaN	NaN	NaN	NaN	NaN	NaN	NaN	NaN	NaN	NaN	NaN	NaN	NaN	NaN	NaN	NaN	NaN	NaN	NaN	NaN	NaN	NaN	NaN	NaN	NaN	NaN	NaN	NaN
