dT	T (0)	dT (0)	Base Mean (0)	Body Mean (0)	Proj Mean (0)	Tip Mean (0)	Tip Th Mean (0)	Length (0)	dL (0)	DCTM (0)	DCBM (0)	T (1)	dT (1)	Base Mean (1)	Body Mean (1)	Proj Mean (1)	Tip Mean (1)	Tip Th Mean (1)	Length (1)	dL (1)	DCTM (1)	DCBM (1)	T (2)	dT (2)	Base Mean (2)	Body Mean (2)	Proj Mean (2)	Tip Mean (2)	Tip Th Mean (2)	Length (2)	dL (2)	DCTM (2)	DCBM (2)	T (3)	dT (3)	Base Mean (3)	Body Mean (3)	Proj Mean (3)	Tip Mean (3)	Tip Th Mean (3)	Length (3)	dL (3)	DCTM (3)	DCBM (3)	T (4)	dT (4)	Base Mean (4)	Body Mean (4)	Proj Mean (4)	Tip Mean (4)	Tip Th Mean (4)	Length (4)	dL (4)	DCTM (4)	DCBM (4)	T (5)	dT (5)	Base Mean (5)	Body Mean (5)	Proj Mean (5)	Tip Mean (5)	Tip Th Mean (5)	Length (5)	dL (5)	DCTM (5)	DCBM (5)	T (6)	dT (6)	Base Mean (6)	Body Mean (6)	Proj Mean (6)	Tip Mean (6)	Tip Th Mean (6)	Length (6)	dL (6)	DCTM (6)	DCBM (6)
-20.000	NaN	NaN	NaN	NaN	NaN	NaN	NaN	NaN	NaN	NaN	NaN	NaN	NaN	NaN	NaN	NaN	NaN	NaN	NaN	NaN	NaN	NaN	NaN	NaN	NaN	NaN	NaN	NaN	NaN	NaN	NaN	NaN	NaN	NaN	NaN	NaN	NaN	NaN	NaN	NaN	NaN	NaN	NaN	NaN	22.000	-20.000	139.045	271.195	NaN	NaN	NaN	NaN	NaN	NaN	NaN	23.000	-20.000	137.250	271.075	NaN	NaN	NaN	NaN	NaN	NaN	NaN	67.000	-20.000	134.781	263.148	NaN	NaN	NaN	NaN	NaN	NaN	NaN
-19.000	NaN	NaN	NaN	NaN	NaN	NaN	NaN	NaN	NaN	NaN	NaN	NaN	NaN	NaN	NaN	NaN	NaN	NaN	NaN	NaN	NaN	NaN	NaN	NaN	NaN	NaN	NaN	NaN	NaN	NaN	NaN	NaN	NaN	NaN	NaN	NaN	NaN	NaN	NaN	NaN	NaN	NaN	NaN	NaN	23.000	-19.000	137.667	271.075	NaN	NaN	NaN	NaN	NaN	NaN	NaN	24.000	-19.000	149.000	268.327	NaN	NaN	NaN	NaN	NaN	NaN	NaN	68.000	-19.000	136.667	263.022	NaN	NaN	NaN	NaN	NaN	NaN	NaN
-18.000	NaN	NaN	NaN	NaN	NaN	NaN	NaN	NaN	NaN	NaN	NaN	NaN	NaN	NaN	NaN	NaN	NaN	NaN	NaN	NaN	NaN	NaN	NaN	NaN	NaN	NaN	NaN	NaN	NaN	NaN	NaN	NaN	NaN	NaN	NaN	NaN	NaN	NaN	NaN	NaN	NaN	NaN	NaN	NaN	24.000	-18.000	143.480	268.327	NaN	NaN	NaN	NaN	NaN	NaN	NaN	25.000	-18.000	150.091	267.943	NaN	NaN	NaN	NaN	NaN	NaN	NaN	69.000	-18.000	135.000	261.246	NaN	NaN	NaN	NaN	NaN	NaN	NaN
-17.000	NaN	NaN	NaN	NaN	NaN	NaN	NaN	NaN	NaN	NaN	NaN	NaN	NaN	NaN	NaN	NaN	NaN	NaN	NaN	NaN	NaN	NaN	NaN	NaN	NaN	NaN	NaN	NaN	NaN	NaN	NaN	NaN	NaN	NaN	NaN	NaN	NaN	NaN	NaN	NaN	NaN	NaN	NaN	NaN	25.000	-17.000	143.808	267.943	NaN	NaN	NaN	NaN	NaN	NaN	NaN	26.000	-17.000	142.842	266.734	NaN	NaN	NaN	NaN	NaN	NaN	NaN	70.000	-17.000	128.533	259.753	NaN	NaN	NaN	NaN	NaN	NaN	NaN
-16.000	NaN	NaN	NaN	NaN	NaN	NaN	NaN	NaN	NaN	NaN	NaN	NaN	NaN	NaN	NaN	NaN	NaN	NaN	NaN	NaN	NaN	NaN	NaN	NaN	NaN	NaN	NaN	NaN	NaN	NaN	NaN	NaN	NaN	NaN	NaN	NaN	NaN	NaN	NaN	NaN	NaN	NaN	NaN	NaN	26.000	-16.000	145.333	266.734	NaN	NaN	NaN	NaN	NaN	NaN	NaN	27.000	-16.000	144.824	265.765	NaN	NaN	NaN	NaN	NaN	NaN	NaN	71.000	-16.000	136.656	258.143	NaN	NaN	NaN	NaN	NaN	NaN	NaN
-15.000	NaN	NaN	NaN	NaN	NaN	NaN	NaN	NaN	NaN	NaN	NaN	NaN	NaN	NaN	NaN	NaN	NaN	NaN	NaN	NaN	NaN	NaN	NaN	NaN	NaN	NaN	NaN	NaN	NaN	NaN	NaN	NaN	NaN	NaN	NaN	NaN	NaN	NaN	NaN	NaN	NaN	NaN	NaN	NaN	27.000	-15.000	142.308	265.765	NaN	NaN	NaN	NaN	NaN	NaN	NaN	28.000	-15.000	138.095	267.993	NaN	NaN	NaN	NaN	NaN	NaN	NaN	72.000	-15.000	139.455	258.747	NaN	NaN	NaN	NaN	NaN	NaN	NaN
-14.000	NaN	NaN	NaN	NaN	NaN	NaN	NaN	NaN	NaN	NaN	NaN	NaN	NaN	NaN	NaN	NaN	NaN	NaN	NaN	NaN	NaN	NaN	NaN	NaN	NaN	NaN	NaN	NaN	NaN	NaN	NaN	NaN	NaN	NaN	NaN	NaN	NaN	NaN	NaN	NaN	NaN	NaN	NaN	NaN	28.000	-14.000	140.640	267.993	NaN	NaN	NaN	NaN	NaN	NaN	NaN	29.000	-14.000	142.833	266.280	NaN	NaN	NaN	NaN	NaN	NaN	NaN	73.000	-14.000	140.000	258.396	NaN	NaN	NaN	NaN	NaN	NaN	NaN
-13.000	NaN	NaN	NaN	NaN	NaN	NaN	NaN	NaN	NaN	NaN	NaN	NaN	NaN	NaN	NaN	NaN	NaN	NaN	NaN	NaN	NaN	NaN	NaN	NaN	NaN	NaN	NaN	NaN	NaN	NaN	NaN	NaN	NaN	NaN	NaN	NaN	NaN	NaN	NaN	NaN	NaN	NaN	NaN	NaN	29.000	-13.000	149.844	266.280	NaN	NaN	NaN	NaN	NaN	NaN	NaN	30.000	-13.000	146.278	265.660	NaN	NaN	NaN	NaN	NaN	NaN	NaN	74.000	-13.000	131.161	260.444	NaN	NaN	NaN	NaN	NaN	NaN	NaN
-12.000	NaN	NaN	NaN	NaN	NaN	NaN	NaN	NaN	NaN	NaN	NaN	NaN	NaN	NaN	NaN	NaN	NaN	NaN	NaN	NaN	NaN	NaN	NaN	NaN	NaN	NaN	NaN	NaN	NaN	NaN	NaN	NaN	NaN	NaN	NaN	NaN	NaN	NaN	NaN	NaN	NaN	NaN	NaN	NaN	30.000	-12.000	150.781	265.660	NaN	NaN	NaN	NaN	NaN	NaN	NaN	31.000	-12.000	144.526	267.158	NaN	NaN	NaN	NaN	NaN	NaN	NaN	75.000	-12.000	137.273	257.863	NaN	NaN	NaN	NaN	NaN	NaN	NaN
-11.000	NaN	NaN	NaN	NaN	NaN	NaN	NaN	NaN	NaN	NaN	NaN	NaN	NaN	NaN	NaN	NaN	NaN	NaN	NaN	NaN	NaN	NaN	NaN	NaN	NaN	NaN	NaN	NaN	NaN	NaN	NaN	NaN	NaN	NaN	NaN	NaN	NaN	NaN	NaN	NaN	NaN	NaN	NaN	NaN	31.000	-11.000	144.700	267.158	NaN	NaN	NaN	NaN	NaN	NaN	NaN	32.000	-11.000	127.308	266.696	NaN	NaN	NaN	NaN	NaN	NaN	NaN	76.000	-11.000	141.750	259.182	NaN	NaN	NaN	NaN	NaN	NaN	NaN
-10.000	NaN	NaN	NaN	NaN	NaN	NaN	NaN	NaN	NaN	NaN	NaN	NaN	NaN	NaN	NaN	NaN	NaN	NaN	NaN	NaN	NaN	NaN	NaN	NaN	NaN	NaN	NaN	NaN	NaN	NaN	NaN	NaN	NaN	NaN	NaN	NaN	NaN	NaN	NaN	NaN	NaN	NaN	NaN	NaN	32.000	-10.000	145.708	266.696	NaN	NaN	NaN	NaN	NaN	NaN	NaN	33.000	-10.000	136.538	264.342	NaN	NaN	NaN	NaN	NaN	NaN	NaN	77.000	-10.000	127.900	254.465	NaN	NaN	NaN	NaN	NaN	NaN	NaN
-9.000	NaN	NaN	NaN	NaN	NaN	NaN	NaN	NaN	NaN	NaN	NaN	NaN	NaN	NaN	NaN	NaN	NaN	NaN	NaN	NaN	NaN	NaN	NaN	NaN	NaN	NaN	NaN	NaN	NaN	NaN	NaN	NaN	NaN	NaN	NaN	NaN	NaN	NaN	NaN	NaN	NaN	NaN	NaN	NaN	33.000	-9.000	153.520	264.342	NaN	NaN	NaN	NaN	NaN	NaN	NaN	34.000	-9.000	133.375	263.416	NaN	NaN	NaN	NaN	NaN	NaN	NaN	78.000	-9.000	131.385	261.454	NaN	NaN	NaN	NaN	NaN	NaN	NaN
-8.000	NaN	NaN	NaN	NaN	NaN	NaN	NaN	NaN	NaN	NaN	NaN	NaN	NaN	NaN	NaN	NaN	NaN	NaN	NaN	NaN	NaN	NaN	NaN	NaN	NaN	NaN	NaN	NaN	NaN	NaN	NaN	NaN	NaN	NaN	NaN	NaN	NaN	NaN	NaN	NaN	NaN	NaN	NaN	NaN	34.000	-8.000	149.125	263.416	NaN	NaN	NaN	NaN	NaN	NaN	NaN	35.000	-8.000	126.077	264.027	NaN	NaN	NaN	NaN	NaN	NaN	NaN	79.000	-8.000	140.655	261.859	NaN	NaN	NaN	NaN	NaN	NaN	NaN
-7.000	NaN	NaN	NaN	NaN	NaN	NaN	NaN	NaN	NaN	NaN	NaN	NaN	NaN	NaN	NaN	NaN	NaN	NaN	NaN	NaN	NaN	NaN	NaN	NaN	NaN	NaN	NaN	NaN	NaN	NaN	NaN	NaN	NaN	NaN	NaN	NaN	NaN	NaN	NaN	NaN	NaN	NaN	NaN	NaN	35.000	-7.000	150.697	264.027	NaN	NaN	NaN	NaN	NaN	NaN	NaN	36.000	-7.000	127.588	262.340	NaN	NaN	NaN	NaN	NaN	NaN	NaN	80.000	-7.000	138.296	261.677	NaN	NaN	NaN	NaN	NaN	NaN	NaN
-6.000	NaN	NaN	NaN	NaN	NaN	NaN	NaN	NaN	NaN	NaN	NaN	NaN	NaN	NaN	NaN	NaN	NaN	NaN	NaN	NaN	NaN	NaN	NaN	NaN	NaN	NaN	NaN	NaN	NaN	NaN	NaN	NaN	NaN	NaN	NaN	NaN	NaN	NaN	NaN	NaN	NaN	NaN	NaN	NaN	36.000	-6.000	157.294	262.340	NaN	NaN	NaN	NaN	NaN	NaN	NaN	37.000	-6.000	152.615	263.500	NaN	NaN	NaN	NaN	NaN	NaN	NaN	81.000	-6.000	139.273	261.876	NaN	NaN	NaN	NaN	NaN	NaN	NaN
-5.000	NaN	NaN	NaN	NaN	NaN	NaN	NaN	NaN	NaN	NaN	NaN	NaN	NaN	NaN	NaN	NaN	NaN	NaN	NaN	NaN	NaN	NaN	NaN	NaN	NaN	NaN	NaN	NaN	NaN	NaN	NaN	NaN	NaN	NaN	NaN	NaN	NaN	NaN	NaN	NaN	NaN	NaN	NaN	NaN	37.000	-5.000	160.667	263.500	NaN	NaN	NaN	NaN	NaN	NaN	NaN	38.000	-5.000	149.462	264.580	NaN	NaN	NaN	NaN	NaN	NaN	NaN	82.000	-5.000	131.727	260.671	NaN	NaN	NaN	NaN	NaN	NaN	NaN
-4.000	NaN	NaN	NaN	NaN	NaN	NaN	NaN	NaN	NaN	NaN	NaN	NaN	NaN	NaN	NaN	NaN	NaN	NaN	NaN	NaN	NaN	NaN	NaN	NaN	NaN	NaN	NaN	NaN	NaN	NaN	NaN	NaN	NaN	NaN	NaN	NaN	NaN	NaN	NaN	NaN	NaN	NaN	NaN	NaN	38.000	-4.000	153.667	264.580	NaN	NaN	NaN	NaN	NaN	NaN	NaN	39.000	-4.000	158.615	258.812	NaN	NaN	NaN	NaN	NaN	NaN	NaN	83.000	-4.000	130.036	255.066	NaN	NaN	NaN	NaN	NaN	NaN	NaN
-3.000	NaN	NaN	NaN	NaN	NaN	NaN	NaN	NaN	NaN	NaN	NaN	NaN	NaN	NaN	NaN	NaN	NaN	NaN	NaN	NaN	NaN	NaN	NaN	NaN	NaN	NaN	NaN	NaN	NaN	NaN	NaN	NaN	NaN	NaN	NaN	NaN	NaN	NaN	NaN	NaN	NaN	NaN	NaN	NaN	39.000	-3.000	148.480	258.812	NaN	NaN	NaN	NaN	NaN	NaN	NaN	40.000	-3.000	135.000	264.476	NaN	NaN	NaN	NaN	NaN	NaN	NaN	84.000	-3.000	132.304	260.502	NaN	NaN	NaN	NaN	NaN	NaN	NaN
-2.000	NaN	NaN	NaN	NaN	NaN	NaN	NaN	NaN	NaN	NaN	NaN	NaN	NaN	NaN	NaN	NaN	NaN	NaN	NaN	NaN	NaN	NaN	NaN	NaN	NaN	NaN	NaN	NaN	NaN	NaN	NaN	NaN	NaN	NaN	NaN	NaN	NaN	NaN	NaN	NaN	NaN	NaN	NaN	NaN	40.000	-2.000	157.267	264.476	NaN	NaN	NaN	NaN	NaN	NaN	NaN	41.000	-2.000	123.960	265.968	NaN	NaN	NaN	NaN	NaN	NaN	NaN	85.000	-2.000	136.818	260.278	NaN	NaN	NaN	NaN	NaN	NaN	NaN
-1.000	NaN	NaN	NaN	NaN	NaN	NaN	NaN	NaN	NaN	NaN	NaN	NaN	NaN	NaN	NaN	NaN	NaN	NaN	NaN	NaN	NaN	NaN	NaN	NaN	NaN	NaN	NaN	NaN	NaN	NaN	NaN	NaN	NaN	NaN	NaN	NaN	NaN	NaN	NaN	NaN	NaN	NaN	NaN	NaN	41.000	-1.000	157.207	265.968	NaN	NaN	NaN	NaN	NaN	NaN	NaN	42.000	-1.000	132.176	262.448	NaN	NaN	NaN	NaN	NaN	NaN	NaN	86.000	-1.000	138.522	261.028	NaN	NaN	NaN	NaN	NaN	NaN	NaN
0.000	1.000	0.000	142.172	276.033	116.509	109.913	112.435	11.652	0.000	NaN	NaN	1.000	0.000	145.852	276.033	124.207	116.161	119.846	2.341	0.000	NaN	NaN	1.000	0.000	180.310	276.033	125.278	112.833	120.455	4.371	0.000	NaN	NaN	1.000	0.000	183.535	276.033	127.515	111.917	120.375	11.901	0.000	NaN	NaN	42.000	0.000	154.107	262.448	129.111	117.345	121.591	4.348	4.348	NaN	NaN	43.000	0.000	124.857	262.522	130.750	130.750	142.000	0.257	0.257	NaN	NaN	87.000	0.000	121.976	260.470	114.861	111.773	120.000	9.870	9.870	NaN	NaN
1.000	2.000	1.000	141.250	272.379	115.984	114.375	118.846	11.522	-0.130	0.171	0.341	2.000	1.000	132.429	272.379	122.190	111.333	122.250	2.471	0.130	0.145	0.120	2.000	1.000	149.000	272.379	119.852	112.731	117.875	3.800	-0.571	-0.043	0.459	2.000	1.000	181.065	272.379	126.281	108.542	112.923	12.126	0.225	-0.045	-0.092	43.000	1.000	153.407	262.522	128.342	113.071	120.500	4.527	0.179	0.201	0.007	44.000	1.000	134.778	262.589	123.286	123.909	140.118	0.786	0.529	0.029	-0.145	88.000	1.000	127.424	261.754	114.535	113.304	117.200	10.257	0.387	-0.000	-0.494
2.000	3.000	2.000	120.242	269.681	114.020	115.786	122.615	10.079	-1.443	0.231	1.545	3.000	2.000	150.379	269.681	122.887	112.852	117.667	2.769	0.298	0.105	-0.248	3.000	2.000	166.875	269.681	122.889	115.250	122.600	3.908	0.108	-0.092	-0.227	3.000	2.000	140.750	269.681	121.781	113.593	116.174	10.809	-1.317	-0.092	1.149	44.000	2.000	145.000	262.589	125.805	115.161	120.150	4.497	-0.030	0.267	0.248	45.000	2.000	154.104	263.077	136.256	123.206	140.909	1.878	1.092	0.123	-0.958	89.000	2.000	146.893	263.419	119.225	111.385	116.786	11.876	1.618	0.206	-1.316
3.000	4.000	3.000	130.630	269.650	115.883	113.250	117.045	9.838	-0.241	0.200	0.381	4.000	3.000	157.581	269.650	124.776	111.129	116.588	3.339	0.571	0.107	-0.084	4.000	3.000	174.657	269.650	122.732	114.000	118.176	4.049	0.141	-0.047	-0.091	4.000	3.000	156.854	269.650	124.374	110.000	120.091	11.406	0.598	-3.912E-4	-0.690	45.000	3.000	145.800	263.077	124.301	114.821	121.000	4.914	0.417	0.186	-0.065	46.000	3.000	154.556	263.402	135.485	123.273	137.188	1.667	-0.211	0.000	0.264	90.000	3.000	151.033	256.721	118.915	112.560	116.056	12.013	0.138	-0.123	-0.185
4.000	5.000	4.000	130.815	271.439	115.348	112.083	116.722	9.995	0.157	0.145	0.000	5.000	4.000	156.633	271.439	124.710	110.640	120.556	3.163	-0.176	0.145	-0.025	5.000	4.000	164.864	271.439	122.988	112.964	119.850	4.087	0.038	-0.000	0.138	5.000	4.000	159.111	271.439	124.270	108.893	114.571	11.628	0.222	-0.045	-0.093	46.000	4.000	138.593	263.402	123.096	115.939	122.150	4.451	-0.463	0.065	0.401	47.000	4.000	149.179	263.940	131.242	123.171	136.917	1.307	-0.360	0.035	0.290	91.000	4.000	156.897	262.106	119.417	111.269	115.571	12.484	0.471	0.350	-0.144
5.000	6.000	5.000	132.286	270.414	118.841	113.828	119.200	10.466	0.471	0.232	-0.204	6.000	5.000	147.321	270.414	121.620	111.292	117.417	3.236	0.073	0.173	0.118	6.000	5.000	160.586	270.414	122.022	114.333	120.750	3.643	-0.444	-0.045	0.137	6.000	5.000	158.283	270.414	122.568	110.682	120.200	11.490	-0.138	-0.090	0.000	47.000	5.000	140.333	263.940	122.652	111.083	117.688	4.795	0.344	0.259	-0.136	48.000	5.000	147.590	264.011	130.796	116.741	128.167	1.713	0.406	0.165	-0.271	92.000	5.000	153.533	256.164	118.713	112.280	120.000	12.763	0.279	0.082	-0.164
6.000	7.000	6.000	136.862	270.149	117.364	111.320	118.400	10.780	0.314	0.204	-0.059	7.000	6.000	140.690	270.149	123.941	111.481	115.600	3.309	0.073	0.087	0.000	7.000	6.000	148.367	270.149	119.080	108.682	115.100	3.422	-0.222	-0.000	0.092	7.000	6.000	159.778	270.149	123.540	110.773	119.833	11.452	-0.038	-0.047	-0.047	48.000	6.000	149.000	264.011	125.104	111.483	116.625	5.323	0.528	0.194	-0.265	49.000	6.000	152.279	263.892	130.510	121.960	126.111	1.873	0.160	0.045	-0.107	93.000	6.000	164.708	255.215	120.177	113.032	117.400	13.521	0.758	0.144	-0.329
7.000	8.000	7.000	143.407	271.424	119.460	110.875	116.786	11.140	0.360	0.173	-0.173	8.000	7.000	155.200	271.424	123.014	109.167	118.889	3.512	0.203	0.087	-0.145	8.000	7.000	148.433	271.424	120.048	112.125	118.118	3.552	0.130	-0.092	-0.000	8.000	7.000	158.065	271.424	122.040	109.792	114.467	11.471	0.019	-0.092	-0.092	49.000	7.000	150.593	263.892	121.122	108.774	113.083	5.626	0.303	0.218	0.008	50.000	7.000	145.950	262.376	125.671	114.000	129.800	1.892	0.019	0.014	-0.035	94.000	7.000	158.818	255.381	121.056	112.520	120.267	13.169	-0.352	-0.062	0.144
8.000	9.000	8.000	136.067	270.520	119.140	111.259	117.615	11.350	0.211	0.174	0.000	9.000	8.000	147.933	270.520	122.100	110.357	118.000	3.539	0.027	0.058	0.058	9.000	8.000	154.775	270.520	120.818	109.964	123.333	3.857	0.306	0.092	-0.147	9.000	8.000	154.723	270.520	122.294	110.762	115.286	11.012	-0.460	-0.184	0.276	50.000	8.000	150.071	262.376	124.357	112.667	118.250	5.851	0.225	0.193	-0.083	51.000	8.000	146.290	264.311	122.839	114.593	119.318	2.033	0.141	-0.128	-0.376	95.000	8.000	150.405	254.700	118.918	114.821	119.647	13.096	-0.073	-0.000	0.082
9.000	10.000	9.000	144.107	269.964	118.753	111.111	119.308	11.564	0.214	0.145	-0.059	10.000	9.000	143.536	269.964	122.960	114.375	120.111	3.566	0.027	0.176	0.115	10.000	9.000	147.111	269.964	120.153	112.696	121.364	3.487	-0.371	0.049	0.189	10.000	9.000	153.973	269.964	120.641	110.783	116.800	10.595	-0.417	0.000	0.231	51.000	9.000	146.333	264.311	126.980	111.440	116.154	6.230	0.379	0.395	0.129	52.000	9.000	149.464	265.607	125.569	116.360	125.786	2.079	0.046	-0.065	-0.187	96.000	9.000	161.900	254.724	121.511	112.893	119.467	13.364	0.268	0.062	-0.206
10.000	11.000	10.000	137.074	270.570	120.361	115.821	121.059	11.691	0.127	0.262	0.116	11.000	10.000	132.207	270.570	119.110	111.414	119.900	3.463	-0.103	0.145	0.279	11.000	10.000	162.588	270.570	122.565	110.542	116.000	3.701	0.214	-0.050	-0.149	11.000	10.000	154.465	270.570	120.123	107.926	110.731	10.874	0.279	0.000	-0.139	52.000	10.000	159.759	265.607	128.981	111.714	116.643	6.608	0.379	0.064	-0.342	53.000	10.000	164.767	265.985	128.966	113.042	117.176	3.070	0.991	-0.064	-0.801	97.000	10.000	159.414	253.739	123.083	114.710	120.364	13.307	-0.057	0.126	0.123
11.000	12.000	11.000	132.633	269.086	119.890	114.107	120.923	11.894	0.203	0.262	0.087	12.000	11.000	141.469	269.086	121.369	110.840	117.000	4.018	0.555	0.177	-0.314	12.000	11.000	155.852	269.086	119.630	109.333	112.095	3.582	-0.119	0.043	0.092	12.000	11.000	154.705	269.086	122.107	108.964	120.667	10.836	-0.038	-0.045	-0.045	53.000	11.000	152.143	265.985	131.857	109.808	120.429	6.635	0.027	0.203	0.128	54.000	11.000	186.681	266.380	136.559	113.964	120.438	3.671	0.601	0.000	-0.500	98.000	11.000	128.214	253.705	116.823	110.030	116.267	11.826	-1.481	0.061	1.371
12.000	13.000	12.000	133.963	270.397	120.294	113.333	121.923	12.032	0.138	0.059	-0.087	13.000	12.000	135.900	270.397	122.627	112.655	120.312	4.117	0.100	0.201	0.112	13.000	12.000	159.233	270.397	121.041	112.435	119.333	3.379	-0.203	-0.262	-0.051	13.000	12.000	150.067	270.397	120.915	107.217	114.000	10.690	-0.146	-0.139	0.092	54.000	12.000	151.074	266.380	132.040	109.185	119.667	6.941	0.306	0.257	0.010	55.000	12.000	171.784	266.115	129.032	115.067	119.667	3.468	-0.203	0.076	0.153	99.000	12.000	133.571	253.919	116.764	112.176	121.000	11.858	0.032	-0.121	-0.096
13.000	14.000	13.000	135.607	270.017	119.602	116.172	123.647	12.384	0.352	0.204	-0.116	14.000	13.000	136.667	270.017	120.990	110.880	116.714	4.144	0.027	0.090	0.021	14.000	13.000	157.241	270.017	121.108	112.080	121.625	3.425	0.046	-0.000	-0.052	14.000	13.000	162.283	270.017	122.699	111.080	117.818	10.985	0.295	0.045	-0.231	55.000	13.000	153.852	266.115	135.375	108.923	112.778	7.285	0.344	0.395	0.009	56.000	13.000	193.457	265.648	135.631	114.519	121.375	4.234	0.766	0.114	-0.358	100.000	13.000	136.207	253.345	117.577	112.769	118.467	11.839	-0.019	-0.187	-0.111
14.000	15.000	14.000	139.848	269.211	120.207	116.148	128.429	12.985	0.601	0.145	-0.379	15.000	14.000	142.138	269.211	121.778	114.704	121.263	4.374	0.230	0.054	-0.162	15.000	14.000	153.226	269.211	122.518	114.208	117.833	3.176	-0.249	-0.182	0.052	15.000	14.000	150.233	269.211	119.565	109.655	114.500	10.671	-0.314	0.047	0.276	56.000	14.000	155.393	265.648	136.504	106.500	112.500	7.740	0.455	0.258	-0.193	57.000	14.000	185.957	267.014	129.076	113.037	116.950	4.107	-0.127	0.064	0.064	101.000	14.000	138.222	252.036	119.221	112.229	119.500	11.939	0.100	0.120	-0.000
15.000	16.000	15.000	138.462	271.986	119.947	113.697	118.708	13.142	0.157	0.059	0.000	16.000	15.000	144.214	271.986	122.496	113.167	120.250	4.539	0.165	0.074	-0.054	16.000	15.000	148.265	271.986	120.817	113.138	116.682	3.241	0.065	-0.168	-0.129	16.000	15.000	154.791	271.986	120.788	110.833	121.125	10.709	0.038	-0.092	-0.092	57.000	15.000	150.212	267.014	138.041	108.679	114.588	7.767	0.027	0.073	0.202	58.000	15.000	181.356	263.719	129.774	112.963	119.000	4.115	0.008	0.000	-0.064	102.000	15.000	145.852	252.517	120.014	113.837	120.059	11.823	-0.116	-0.344	-0.182
16.000	17.000	16.000	136.286	272.629	119.214	117.815	126.385	13.142	0.000	0.058	-0.029	17.000	16.000	140.781	272.629	124.133	111.100	118.450	4.501	-0.038	0.000	0.015	17.000	16.000	141.290	272.629	121.833	113.833	120.333	3.057	-0.184	-0.090	-0.017	17.000	16.000	159.400	272.629	120.525	111.565	115.312	10.690	-0.019	0.000	0.000	58.000	16.000	143.778	263.719	116.660	109.222	113.000	5.621	-2.146	0.323	2.175	59.000	16.000	187.500	263.252	127.903	110.565	116.500	4.272	0.157	0.127	-0.077	103.000	16.000	132.364	251.795	119.317	112.425	129.800	11.666	-0.157	-0.133	0.084
17.000	18.000	17.000	131.485	269.977	118.381	114.375	120.353	13.012	-0.130	0.147	0.291	18.000	17.000	149.000	269.977	123.737	113.739	120.818	4.685	0.184	0.038	-0.143	18.000	17.000	154.286	269.977	124.249	114.360	122.143	3.003	-0.054	-0.123	-0.111	18.000	17.000	171.814	269.977	122.765	109.038	114.938	10.939	0.249	-0.136	-0.371	59.000	17.000	146.481	263.252	117.097	110.414	115.471	5.843	0.222	0.065	-0.129	60.000	17.000	179.050	265.109	127.556	115.071	119.429	4.115	-0.157	-0.127	0.013	104.000	17.000	144.148	251.922	120.918	111.395	118.455	11.780	0.114	-0.147	-0.408
18.000	19.000	18.000	141.917	271.330	120.637	114.115	124.267	13.983	0.972	0.173	-0.670	19.000	18.000	143.744	271.330	125.309	116.667	121.667	4.823	0.138	0.029	0.000	19.000	18.000	156.323	271.330	124.981	116.304	120.867	3.087	0.084	-0.088	-0.085	19.000	18.000	149.978	271.330	120.364	113.609	123.375	10.587	-0.352	-0.047	0.278	60.000	18.000	149.407	265.109	117.634	111.517	116.409	6.046	0.203	-0.065	-0.201	61.000	18.000	175.000	266.298	126.298	111.857	118.050	3.790	-0.325	-0.047	0.110	105.000	18.000	138.222	252.355	122.417	117.607	123.706	11.646	-0.135	-0.328	-0.061
19.000	20.000	19.000	136.233	271.488	120.554	118.867	125.750	14.094	0.111	0.263	0.117	20.000	19.000	143.515	271.488	125.087	113.968	122.062	4.800	-0.022	0.133	0.008	20.000	19.000	167.388	271.488	127.996	115.667	121.188	3.255	0.168	-0.111	-0.094	20.000	19.000	157.972	271.488	122.029	110.100	118.833	10.660	0.073	-0.179	-0.371	61.000	19.000	141.074	266.298	115.682	110.500	114.812	5.981	-0.065	-0.007	0.000	62.000	19.000	175.310	265.403	126.099	119.143	123.636	3.687	-0.103	-0.142	-0.017	106.000	19.000	146.448	251.881	121.665	112.050	117.167	11.876	0.230	-0.123	-0.431
20.000	21.000	20.000	134.429	271.500	120.553	111.071	115.550	14.327	0.233	0.064	-0.059	21.000	20.000	152.333	271.500	124.885	116.355	126.389	5.271	0.471	0.042	-0.324	21.000	20.000	176.571	271.500	129.239	115.040	124.455	2.968	-0.287	-0.116	0.029	21.000	20.000	177.900	271.500	123.720	112.727	119.091	11.050	0.390	-0.183	-0.428	62.000	20.000	155.143	265.403	117.998	110.241	120.308	6.260	0.279	-0.065	-0.338	63.000	20.000	170.185	263.277	125.828	116.552	135.600	3.492	-0.195	-0.187	-0.019	107.000	20.000	142.607	250.987	122.523	114.000	122.053	11.727	-0.149	-0.144	-0.062
21.000	22.000	21.000	135.333	271.195	121.902	118.943	130.417	14.709	0.382	-0.044	-0.410	22.000	21.000	137.000	271.195	123.579	114.586	126.385	4.747	-0.525	-0.046	0.463	22.000	21.000	159.036	271.195	127.329	113.958	124.889	2.655	-0.314	-0.000	0.145	22.000	21.000	176.029	271.195	123.902	115.870	126.400	10.709	-0.341	-0.232	0.049	63.000	21.000	149.429	263.277	118.114	114.269	119.500	6.195	-0.065	-0.056	0.000	64.000	21.000	174.667	262.698	125.527	114.760	119.421	3.446	-0.046	-0.018	0.000	108.000	21.000	136.733	249.542	123.440	109.548	118.385	11.695	-0.032	-0.030	-0.044
22.000	23.000	22.000	139.030	271.075	121.960	114.897	118.913	15.161	0.452	0.205	-0.290	23.000	22.000	134.735	271.075	121.184	113.793	121.000	4.357	-0.390	0.092	0.275	23.000	22.000	161.194	271.075	125.963	112.227	117.588	2.747	0.092	-0.000	-0.000	23.000	22.000	185.027	271.075	124.205	112.080	120.083	10.793	0.084	-0.043	-0.098	64.000	22.000	154.767	262.698	117.817	115.966	124.500	6.287	0.092	-0.202	-0.258	65.000	22.000	175.211	263.829	124.305	112.840	123.143	3.760	0.314	0.143	0.000	109.000	22.000	152.733	250.057	123.449	111.484	123.000	12.353	0.658	0.225	-0.282
23.000	24.000	23.000	138.500	268.327	122.036	115.240	122.500	14.996	-0.165	0.034	0.119	24.000	23.000	137.067	268.327	121.040	111.733	116.636	4.330	-0.027	0.092	0.137	24.000	23.000	153.074	268.327	127.438	116.111	124.250	2.441	-0.306	-0.088	0.172	24.000	23.000	179.724	268.327	122.684	111.556	118.700	10.441	-0.352	-0.232	0.006	65.000	23.000	147.259	263.829	119.096	114.548	124.692	6.192	-0.095	-0.129	0.000	66.000	23.000	186.500	263.714	126.986	116.759	125.000	3.687	-0.073	-0.143	-0.063	110.000	23.000	146.148	249.423	122.903	118.000	121.250	12.621	0.268	0.283	0.088
24.000	25.000	24.000	147.310	267.943	122.534	114.760	118.368	15.635	0.639	0.216	-0.325	25.000	24.000	135.848	267.943	121.625	115.900	132.625	4.674	0.344	0.000	-0.096	25.000	24.000	152.667	267.943	126.502	116.000	122.176	2.578	0.138	0.089	-0.033	25.000	24.000	182.935	267.943	121.847	109.045	113.267	10.452	0.011	-0.317	-0.282	66.000	24.000	141.815	263.714	118.187	116.133	122.955	6.184	-0.008	-0.072	-0.065	67.000	24.000	178.867	263.148	125.725	116.077	120.444	3.389	-0.298	-0.061	0.141	111.000	24.000	153.822	250.494	124.646	114.032	118.571	12.851	0.230	-0.064	-0.089
25.000	26.000	25.000	143.484	266.734	123.936	110.000	115.059	15.773	0.138	0.156	0.121	26.000	25.000	131.088	266.734	121.773	117.519	124.706	4.138	-0.536	0.000	0.323	26.000	25.000	159.581	266.734	125.676	115.480	120.562	2.662	0.084	-0.088	-0.057	26.000	25.000	176.786	266.734	121.156	111.650	121.667	10.387	-0.065	-0.141	-0.141	67.000	25.000	154.429	263.148	118.251	111.633	118.476	6.322	0.138	-0.098	-0.203	68.000	25.000	173.500	263.022	127.420	117.423	123.846	3.286	-0.103	0.000	0.061	112.000	25.000	139.611	248.920	116.783	113.323	120.462	10.317	-2.533	-0.147	2.107
26.000	27.000	26.000	137.107	265.765	123.474	111.471	117.471	15.995	0.222	0.218	0.060	27.000	26.000	133.444	265.765	121.933	112.778	125.727	3.943	-0.195	0.093	0.276	27.000	26.000	153.900	265.765	125.948	114.000	123.900	2.292	-0.371	-0.000	0.219	27.000	26.000	182.500	265.765	120.862	111.591	118.800	10.655	0.268	0.050	-0.141	68.000	26.000	146.852	263.022	120.676	115.767	125.750	6.138	-0.184	-0.202	-0.120	69.000	26.000	168.714	261.246	127.632	115.357	126.692	3.194	-0.092	-0.145	0.037	113.000	26.000	138.242	248.091	117.142	113.452	119.056	10.199	-0.119	-0.119	-0.128
27.000	28.000	27.000	139.000	267.993	121.858	112.679	117.250	16.431	0.436	0.281	-0.122	28.000	27.000	131.523	267.993	119.979	110.182	116.545	4.176	0.233	0.139	-0.002	28.000	27.000	146.710	267.993	127.401	115.364	121.733	2.246	-0.046	0.090	0.144	28.000	27.000	203.368	267.993	121.415	110.565	115.333	10.961	0.306	-0.050	-0.241	69.000	27.000	154.963	261.246	119.181	115.156	121.647	6.337	0.200	0.000	-0.074	70.000	27.000	174.267	259.753	128.190	115.200	118.833	3.129	-0.065	-0.023	-0.023	114.000	27.000	136.517	248.878	115.495	112.533	122.917	10.267	0.068	-0.010	-0.138
28.000	29.000	28.000	139.815	266.280	123.542	114.444	118.500	16.959	0.528	0.201	-0.205	29.000	28.000	133.044	266.280	120.005	111.160	121.000	4.073	-0.103	0.046	0.046	29.000	28.000	154.586	266.280	130.187	119.069	129.714	2.227	-0.019	-0.090	-0.090	29.000	28.000	169.133	266.280	120.168	109.917	113.353	10.647	-0.314	-0.042	0.191	70.000	28.000	147.926	259.753	119.354	116.871	130.000	6.165	-0.173	-0.064	0.073	71.000	28.000	168.697	258.143	126.894	112.320	128.000	3.083	-0.046	-0.084	-0.024	115.000	28.000	132.963	249.195	116.998	112.069	121.455	10.126	-0.141	-0.202	-0.055
29.000	30.000	29.000	142.705	265.660	122.731	111.280	116.067	17.606	0.647	0.163	-0.267	30.000	29.000	133.139	265.660	121.054	111.160	116.550	3.759	-0.314	-0.092	0.132	30.000	29.000	155.613	265.660	128.398	114.750	121.929	2.246	0.019	0.090	0.090	30.000	29.000	172.548	265.660	119.691	109.000	113.222	10.647	0.000	-0.133	-0.142	71.000	29.000	161.700	258.143	120.052	114.387	122.188	6.283	0.119	-0.054	-0.139	72.000	29.000	177.469	258.747	131.060	116.333	125.643	2.804	-0.279	-0.205	0.060	116.000	29.000	136.964	248.967	117.786	116.250	121.722	10.118	-0.008	-0.119	-0.138
30.000	31.000	30.000	147.303	267.158	122.853	111.893	114.840	17.690	0.084	0.123	-0.083	31.000	30.000	142.364	267.158	121.800	109.808	119.250	3.816	0.057	0.092	0.092	31.000	30.000	159.037	267.158	128.762	123.000	128.111	2.054	-0.192	-0.089	0.034	31.000	30.000	170.929	267.158	119.892	109.261	114.933	10.704	0.057	0.042	0.000	72.000	30.000	153.931	258.747	120.713	116.724	122.647	6.318	0.035	0.000	-0.011	73.000	30.000	170.974	258.396	131.065	116.286	127.615	2.750	-0.054	-0.265	-0.120	117.000	30.000	136.704	248.720	116.844	115.000	118.217	10.183	0.065	-0.000	-0.055
31.000	32.000	31.000	143.044	266.696	121.911	111.963	116.900	18.336	0.647	0.226	-0.206	32.000	31.000	134.581	266.696	119.849	112.885	118.632	2.840	-0.976	-0.135	0.783	32.000	31.000	169.464	266.696	130.659	116.308	121.150	2.219	0.165	0.088	-0.025	32.000	31.000	178.310	266.696	119.911	109.864	114.900	10.777	0.073	-0.050	-0.092	73.000	31.000	164.138	258.396	124.123	112.720	122.529	6.310	-0.008	-0.052	-0.064	74.000	31.000	170.000	260.444	129.541	119.792	125.579	2.463	-0.287	-0.084	0.060	118.000	31.000	137.786	249.025	116.217	111.375	126.000	9.964	-0.219	-0.064	0.009
32.000	33.000	32.000	139.306	264.342	121.854	114.414	117.773	18.355	0.019	0.165	0.123	33.000	32.000	129.905	264.342	119.970	111.586	117.684	2.997	0.157	0.135	0.135	33.000	32.000	161.200	264.342	132.464	118.600	124.933	2.062	-0.157	0.056	0.167	33.000	32.000	174.679	264.342	118.553	108.917	114.300	10.697	-0.081	-0.042	0.050	74.000	32.000	156.481	260.444	122.517	112.250	118.267	6.261	-0.049	0.064	0.128	75.000	32.000	170.848	257.863	132.471	119.900	123.600	2.417	-0.046	-0.084	0.000	119.000	32.000	136.889	248.695	116.921	114.370	121.545	9.991	0.027	-0.073	-0.064
33.000	34.000	33.000	139.000	263.416	122.274	114.806	118.765	18.428	0.073	0.166	0.082	34.000	33.000	137.853	263.416	119.800	114.522	120.278	2.989	-0.008	0.092	0.000	34.000	33.000	165.031	263.416	128.640	111.955	127.875	2.062	0.000	-0.055	-0.000	34.000	33.000	179.533	263.416	119.916	108.273	126.000	11.102	0.406	0.000	-0.283	75.000	33.000	153.333	257.863	124.083	110.174	118.900	6.215	-0.046	0.000	-0.013	76.000	33.000	169.182	259.182	131.531	119.000	130.875	2.371	-0.046	-0.038	-0.038	120.000	33.000	139.074	249.237	116.957	110.344	114.640	10.048	0.057	-0.056	-0.121
34.000	35.000	34.000	143.481	264.027	122.024	112.966	116.400	18.883	0.455	0.229	-0.206	35.000	34.000	131.882	264.027	119.875	112.214	123.000	3.188	0.200	0.184	-0.044	35.000	34.000	153.733	264.027	129.524	116.727	123.667	1.970	-0.092	0.090	0.090	35.000	34.000	183.265	264.027	120.117	108.208	111.950	10.999	-0.103	0.042	0.092	76.000	34.000	157.862	259.182	123.363	110.000	114.846	6.158	-0.057	-0.140	-0.013	77.000	34.000	175.231	254.465	134.613	119.219	126.737	2.455	0.084	-0.084	-0.024	121.000	34.000	138.296	248.888	116.258	110.103	113.565	10.067	0.019	-0.000	-0.064
35.000	36.000	35.000	146.900	262.340	123.440	111.433	117.438	19.289	0.406	0.062	-0.268	36.000	35.000	135.966	262.340	117.463	109.304	114.857	3.253	0.065	0.138	0.046	36.000	35.000	163.765	262.340	133.407	120.885	127.810	2.054	0.084	-0.176	-0.114	36.000	35.000	192.516	262.340	120.716	110.909	115.545	10.991	-0.008	-0.041	-0.050	77.000	35.000	154.000	254.465	126.170	110.154	122.000	6.147	-0.011	-0.050	0.000	78.000	35.000	174.400	261.454	138.039	125.552	141.778	1.954	-0.501	-0.120	0.145	NaN	NaN	NaN	NaN	NaN	NaN	NaN	NaN	NaN	NaN	NaN
36.000	37.000	36.000	141.286	263.500	121.808	109.655	115.800	19.365	0.076	0.230	0.143	37.000	36.000	129.750	263.500	118.985	112.345	116.091	3.743	0.490	0.137	-0.185	37.000	36.000	158.161	263.500	131.335	117.815	128.909	1.859	-0.195	0.058	0.145	37.000	36.000	174.867	263.500	118.546	109.174	116.000	10.743	-0.249	-0.091	0.142	78.000	36.000	153.700	261.454	123.711	109.955	113.412	6.036	-0.111	-0.112	0.000	79.000	36.000	163.759	261.859	137.705	122.516	129.882	1.973	0.019	0.041	0.082	NaN	NaN	NaN	NaN	NaN	NaN	NaN	NaN	NaN	NaN	NaN
37.000	38.000	37.000	142.951	264.580	120.250	110.793	116.062	19.988	0.623	0.168	-0.367	38.000	37.000	139.486	264.580	120.995	111.833	115.889	3.897	0.154	0.184	-0.047	38.000	37.000	163.656	264.580	133.186	119.032	126.455	1.886	0.027	0.033	0.056	38.000	37.000	170.321	264.580	118.915	108.810	116.444	10.689	-0.054	-0.041	0.000	79.000	37.000	139.214	261.859	124.418	109.261	114.533	5.941	-0.095	-0.015	0.111	80.000	37.000	172.310	261.677	138.780	123.533	133.857	1.789	-0.184	-0.124	0.020	NaN	NaN	NaN	NaN	NaN	NaN	NaN	NaN	NaN	NaN	NaN
38.000	39.000	38.000	132.333	258.812	119.670	115.970	122.409	16.904	-3.085	-0.400	2.190	39.000	38.000	134.558	258.812	119.253	108.583	117.545	4.314	0.417	0.184	-0.139	39.000	38.000	162.394	258.812	134.670	119.571	125.440	1.916	0.030	-0.057	-0.026	39.000	38.000	168.243	258.812	120.284	110.875	116.636	10.834	0.146	0.041	-0.050	80.000	38.000	136.107	261.677	124.020	108.957	115.917	5.868	-0.073	0.000	0.063	81.000	38.000	168.200	261.876	137.253	124.588	130.167	1.594	-0.195	-0.083	0.100	NaN	NaN	NaN	NaN	NaN	NaN	NaN	NaN	NaN	NaN	NaN
39.000	40.000	39.000	144.362	264.476	123.295	114.900	118.435	19.816	2.912	-0.062	-1.768	40.000	39.000	130.889	264.476	118.199	110.103	113.739	4.127	-0.187	0.138	0.140	40.000	39.000	180.414	264.476	138.910	121.310	134.071	1.878	-0.038	0.027	-0.030	40.000	39.000	158.800	264.476	118.822	110.368	114.714	10.750	-0.084	0.042	0.050	81.000	39.000	133.733	261.876	124.624	109.500	118.571	5.543	-0.325	0.000	0.420	82.000	39.000	173.100	260.671	140.161	122.967	131.444	1.594	0.000	0.000	0.000	NaN	NaN	NaN	NaN	NaN	NaN	NaN	NaN	NaN	NaN	NaN
40.000	41.000	40.000	156.297	265.968	125.193	114.000	121.500	19.797	-0.019	-0.124	-1.024	41.000	40.000	140.172	265.968	121.188	109.192	113.636	4.716	0.590	0.139	-0.415	41.000	40.000	180.077	265.968	140.704	123.519	138.333	1.759	-0.119	-0.027	0.118	41.000	40.000	168.649	265.968	119.279	110.762	119.000	11.075	0.325	0.000	-0.192	82.000	40.000	132.273	260.671	119.343	110.138	113.895	3.725	-1.818	-0.203	1.267	83.000	40.000	159.621	255.066	137.146	125.440	132.429	1.483	-0.111	-0.025	0.095	NaN	NaN	NaN	NaN	NaN	NaN	NaN	NaN	NaN	NaN	NaN
41.000	42.000	41.000	141.841	262.448	122.751	114.303	119.579	17.837	-1.959	0.000	1.905	42.000	41.000	135.028	262.448	120.262	112.360	123.000	5.122	0.406	0.140	-0.140	42.000	41.000	182.971	262.448	142.915	122.720	133.000	1.740	-0.019	-0.054	0.070	42.000	41.000	159.636	262.448	117.526	109.700	117.833	10.639	-0.436	-0.133	0.192	83.000	41.000	130.500	255.066	117.360	109.815	114.923	3.614	-0.111	-0.076	-0.012	84.000	41.000	164.429	260.502	137.277	124.259	139.875	1.445	-0.038	0.029	0.058	NaN	NaN	NaN	NaN	NaN	NaN	NaN	NaN	NaN	NaN	NaN
42.000	43.000	42.000	154.162	262.522	122.079	113.941	123.286	17.734	-0.103	-0.043	-0.039	43.000	42.000	137.483	262.522	118.673	111.815	115.650	5.268	0.146	0.184	-0.089	43.000	42.000	184.943	262.522	142.317	122.304	128.615	1.813	0.073	0.144	-0.000	43.000	42.000	169.419	262.522	118.852	110.000	115.308	11.194	0.555	0.132	-0.243	84.000	42.000	125.714	260.502	116.359	108.640	112.600	3.606	-0.008	0.075	0.012	85.000	42.000	173.577	260.278	138.634	123.733	135.529	1.399	-0.046	-0.086	-0.060	NaN	NaN	NaN	NaN	NaN	NaN	NaN	NaN	NaN	NaN	NaN
43.000	44.000	43.000	132.133	262.589	121.061	112.656	118.765	16.560	-1.175	-0.124	0.884	44.000	43.000	137.450	262.589	117.547	109.871	114.087	5.571	0.303	0.045	-0.184	44.000	43.000	170.976	262.589	140.629	123.071	130.526	1.859	0.046	-0.000	-0.000	44.000	43.000	173.265	262.589	119.475	110.478	119.875	11.129	-0.065	0.000	-0.041	85.000	43.000	134.517	260.278	117.415	108.292	114.182	3.920	0.314	0.140	-0.064	86.000	43.000	172.379	261.028	138.133	125.500	135.000	1.407	0.008	0.029	0.000	NaN	NaN	NaN	NaN	NaN	NaN	NaN	NaN	NaN	NaN	NaN
44.000	45.000	44.000	131.889	263.077	122.568	113.121	119.562	16.081	-0.479	-0.165	0.144	45.000	44.000	130.973	263.077	119.149	111.857	120.267	5.490	-0.081	-0.092	0.000	45.000	44.000	155.176	263.077	137.961	127.100	136.929	1.269	-0.590	-0.220	0.301	45.000	44.000	162.250	263.077	117.031	107.500	114.778	11.267	0.138	0.101	0.000	86.000	44.000	130.741	261.028	117.501	110.724	117.700	4.031	0.111	0.128	0.000	87.000	44.000	191.267	260.470	138.705	124.375	129.176	1.545	0.138	-0.091	-0.247	NaN	NaN	NaN	NaN	NaN	NaN	NaN	NaN	NaN	NaN	NaN
45.000	46.000	45.000	132.036	263.402	121.294	112.839	117.217	15.878	-0.203	-0.041	0.123	46.000	45.000	134.111	263.402	118.030	116.161	121.474	5.444	-0.046	-0.139	-0.094	46.000	45.000	172.833	263.402	143.465	122.625	130.294	1.629	0.360	0.090	-0.255	46.000	45.000	166.294	263.402	118.366	110.833	116.143	11.267	0.000	-0.101	-0.142	87.000	45.000	130.483	260.470	116.697	111.750	117.727	4.161	0.130	0.013	-0.141	88.000	45.000	170.098	261.754	134.007	120.160	126.100	1.848	0.303	0.131	-0.051	NaN	NaN	NaN	NaN	NaN	NaN	NaN	NaN	NaN	NaN	NaN
46.000	47.000	46.000	134.278	263.940	122.094	111.333	117.143	16.192	0.314	-0.062	-0.267	47.000	46.000	136.143	263.940	119.162	114.148	126.357	5.517	0.073	-0.092	-0.184	47.000	46.000	159.026	263.940	138.525	126.828	141.333	1.361	-0.268	-0.087	0.262	47.000	46.000	162.583	263.940	118.599	110.500	115.579	11.221	-0.046	0.000	0.050	88.000	46.000	135.357	261.754	117.145	109.640	114.385	4.478	0.317	0.245	-0.064	89.000	46.000	174.273	263.419	133.236	119.931	127.864	1.710	-0.138	-0.143	-0.052	NaN	NaN	NaN	NaN	NaN	NaN	NaN	NaN	NaN	NaN	NaN
47.000	48.000	47.000	132.000	264.011	122.546	111.929	122.000	15.396	-0.796	-0.062	0.596	48.000	47.000	141.556	264.011	119.571	118.375	124.385	5.785	0.268	0.000	-0.184	48.000	47.000	164.417	264.011	137.685	125.767	136.944	1.342	-0.019	-0.091	-0.208	48.000	47.000	161.975	264.011	117.830	107.150	109.167	11.324	0.103	0.000	0.000	89.000	47.000	128.593	263.419	116.848	112.038	117.000	4.421	-0.057	0.064	0.128	90.000	47.000	168.900	256.721	134.184	119.308	136.400	1.721	0.011	0.000	-0.047	NaN	NaN	NaN	NaN	NaN	NaN	NaN	NaN	NaN	NaN	NaN
48.000	49.000	48.000	135.100	263.892	122.336	112.926	116.136	15.480	0.084	-0.123	-0.227	49.000	48.000	132.583	263.892	119.682	116.034	126.000	5.682	-0.103	0.184	0.185	49.000	48.000	167.480	263.892	142.456	131.926	159.800	1.491	0.149	-0.086	-0.064	49.000	48.000	170.607	263.892	118.428	110.182	117.556	11.037	-0.287	0.000	0.091	90.000	48.000	137.600	256.721	118.311	111.120	117.667	4.930	0.509	-0.064	-0.513	91.000	48.000	171.741	262.106	131.182	117.792	126.071	1.843	0.122	0.145	-0.005	NaN	NaN	NaN	NaN	NaN	NaN	NaN	NaN	NaN	NaN	NaN
49.000	50.000	49.000	149.860	262.376	123.580	114.000	119.381	15.894	0.414	-0.083	-0.288	50.000	49.000	139.024	262.376	120.266	117.185	123.250	6.079	0.398	0.187	-0.139	50.000	49.000	151.861	262.376	137.778	130.724	137.045	1.112	-0.379	0.040	0.205	50.000	49.000	164.545	262.376	116.813	110.708	114.444	11.194	0.157	-0.041	-0.091	91.000	49.000	139.172	262.106	115.690	109.381	119.750	5.217	0.287	0.203	-0.064	92.000	49.000	184.700	256.164	134.497	120.500	127.947	1.935	0.092	-0.060	-0.119	NaN	NaN	NaN	NaN	NaN	NaN	NaN	NaN	NaN	NaN	NaN
50.000	51.000	50.000	151.400	264.311	123.638	108.967	118.400	15.886	-0.008	0.083	0.039	51.000	50.000	135.436	264.311	117.357	110.167	116.000	6.206	0.127	0.229	0.000	51.000	50.000	173.649	264.311	146.549	130.115	140.550	1.361	0.249	-0.000	-0.183	51.000	50.000	170.200	264.311	118.293	109.208	112.889	11.508	0.314	0.000	-0.244	92.000	50.000	134.062	256.164	115.845	110.238	112.455	5.247	0.030	0.000	-0.055	93.000	50.000	180.000	255.215	131.114	118.867	127.714	1.908	-0.027	-0.082	-0.103	NaN	NaN	NaN	NaN	NaN	NaN	NaN	NaN	NaN	NaN	NaN
51.000	52.000	51.000	147.244	265.607	122.607	108.724	115.923	15.786	-0.100	-0.083	-0.061	52.000	51.000	139.583	265.607	117.869	112.348	120.100	6.631	0.425	0.092	-0.184	52.000	51.000	166.364	265.607	144.302	133.667	145.846	1.120	-0.241	-0.033	0.123	52.000	51.000	160.821	265.607	117.505	111.167	114.167	11.037	-0.471	-0.183	0.101	93.000	51.000	139.071	255.215	115.575	107.400	112.364	5.109	-0.138	-0.064	0.064	94.000	51.000	170.208	255.381	133.804	123.455	134.125	1.299	-0.609	-0.492	0.062	NaN	NaN	NaN	NaN	NaN	NaN	NaN	NaN	NaN	NaN	NaN
52.000	53.000	52.000	144.629	265.985	123.831	110.480	117.062	15.434	-0.352	0.061	0.350	53.000	52.000	137.125	265.985	118.767	111.348	118.818	6.704	0.073	0.046	-0.047	53.000	52.000	159.778	265.985	139.943	129.750	142.812	1.074	-0.046	0.040	0.051	53.000	52.000	165.607	265.985	118.589	110.043	114.714	11.037	0.000	-0.091	-0.102	94.000	52.000	140.071	255.381	114.858	110.524	115.385	5.296	0.187	-0.008	-0.250	NaN	NaN	NaN	NaN	NaN	NaN	NaN	NaN	NaN	NaN	NaN	NaN	NaN	NaN	NaN	NaN	NaN	NaN	NaN	NaN	NaN	NaN
53.000	54.000	53.000	144.500	266.380	125.109	113.037	116.765	15.664	0.230	0.000	0.000	54.000	53.000	142.462	266.380	119.089	111.393	119.538	7.007	0.303	0.184	-0.184	54.000	53.000	179.361	266.380	145.582	131.353	150.250	1.369	0.295	0.053	-0.234	54.000	53.000	166.179	266.380	117.970	111.773	117.538	10.911	-0.127	-0.234	-0.051	95.000	53.000	138.333	254.700	116.544	109.333	113.846	5.323	0.027	-0.194	-0.194	NaN	NaN	NaN	NaN	NaN	NaN	NaN	NaN	NaN	NaN	NaN	NaN	NaN	NaN	NaN	NaN	NaN	NaN	NaN	NaN	NaN	NaN
54.000	55.000	54.000	146.283	266.115	124.956	110.043	115.167	15.621	-0.043	-0.021	-0.123	55.000	54.000	144.590	266.115	118.541	112.435	115.875	7.282	0.276	0.276	-0.046	55.000	54.000	163.548	266.115	139.944	129.667	141.812	1.204	-0.165	-0.091	0.194	55.000	54.000	162.552	266.115	118.677	109.391	115.067	10.995	0.084	0.012	0.000	96.000	54.000	135.586	254.724	115.842	111.381	115.846	5.748	0.425	0.258	-0.146	NaN	NaN	NaN	NaN	NaN	NaN	NaN	NaN	NaN	NaN	NaN	NaN	NaN	NaN	NaN	NaN	NaN	NaN	NaN	NaN	NaN	NaN
55.000	56.000	55.000	146.870	265.648	123.667	109.172	114.048	15.453	-0.168	-0.040	0.123	56.000	55.000	143.022	265.648	119.350	111.000	116.500	7.856	0.574	0.186	-0.139	56.000	55.000	159.405	265.648	141.564	132.700	143.000	1.028	-0.176	-0.000	0.091	56.000	55.000	171.107	265.648	118.267	110.586	119.455	10.957	-0.038	-0.051	-0.091	97.000	55.000	132.172	253.739	116.259	112.261	116.200	5.951	0.203	0.010	-0.138	NaN	NaN	NaN	NaN	NaN	NaN	NaN	NaN	NaN	NaN	NaN	NaN	NaN	NaN	NaN	NaN	NaN	NaN	NaN	NaN	NaN	NaN
56.000	57.000	56.000	154.727	267.014	125.335	109.192	114.846	15.675	0.222	-0.021	-0.123	57.000	56.000	140.881	267.014	118.434	110.323	117.154	7.815	-0.041	0.138	-0.046	57.000	56.000	166.073	267.014	143.667	132.308	139.227	1.158	0.130	-0.051	-0.143	57.000	56.000	161.929	267.014	118.472	109.280	115.923	11.217	0.260	-0.039	-0.103	98.000	56.000	137.194	253.705	117.094	112.600	115.429	6.257	0.306	0.064	-0.257	NaN	NaN	NaN	NaN	NaN	NaN	NaN	NaN	NaN	NaN	NaN	NaN	NaN	NaN	NaN	NaN	NaN	NaN	NaN	NaN	NaN	NaN
57.000	58.000	57.000	148.032	263.719	123.831	109.643	112.269	15.296	-0.379	0.144	0.309	58.000	57.000	143.625	263.719	117.872	110.375	116.364	7.723	-0.092	0.046	0.092	58.000	57.000	172.273	263.719	142.566	129.154	142.700	1.193	0.035	0.105	-0.038	58.000	57.000	159.931	263.719	118.298	112.208	115.895	10.819	-0.398	-0.102	0.102	99.000	57.000	138.966	253.919	116.487	110.556	115.250	6.276	0.019	-0.074	-0.074	NaN	NaN	NaN	NaN	NaN	NaN	NaN	NaN	NaN	NaN	NaN	NaN	NaN	NaN	NaN	NaN	NaN	NaN	NaN	NaN	NaN	NaN
58.000	59.000	58.000	143.571	263.252	123.796	108.160	113.000	14.780	-0.517	-0.144	0.267	59.000	58.000	144.486	263.252	117.922	111.538	122.429	8.048	0.325	0.046	-0.092	59.000	58.000	179.500	263.252	142.171	129.259	144.571	1.231	0.038	-0.053	-0.053	59.000	58.000	169.750	263.252	117.811	112.080	116.812	10.800	-0.019	-0.040	-0.051	100.000	58.000	139.607	253.345	115.277	109.607	116.308	6.635	0.360	0.193	-0.138	NaN	NaN	NaN	NaN	NaN	NaN	NaN	NaN	NaN	NaN	NaN	NaN	NaN	NaN	NaN	NaN	NaN	NaN	NaN	NaN	NaN	NaN
59.000	60.000	59.000	148.115	265.109	124.946	108.267	112.609	14.833	0.054	0.021	-0.021	60.000	59.000	143.213	265.109	116.373	108.826	111.438	8.492	0.444	0.230	-0.138	60.000	59.000	168.514	265.109	140.614	128.038	144.600	1.139	-0.092	1.087E-15	0.138	60.000	59.000	164.857	265.109	116.827	107.750	115.000	10.792	-0.008	0.040	0.091	101.000	59.000	140.143	252.036	115.579	110.250	114.467	6.811	0.176	0.139	0.000	NaN	NaN	NaN	NaN	NaN	NaN	NaN	NaN	NaN	NaN	NaN	NaN	NaN	NaN	NaN	NaN	NaN	NaN	NaN	NaN	NaN	NaN
60.000	61.000	60.000	144.433	266.298	125.342	111.077	121.750	14.726	-0.108	-0.144	0.000	61.000	60.000	150.838	266.298	119.041	112.435	116.471	8.557	0.065	0.046	-0.046	61.000	60.000	156.022	266.298	135.412	126.906	135.320	1.204	0.065	0.022	-0.022	61.000	60.000	173.893	266.298	117.127	106.957	116.667	10.811	0.019	0.012	0.000	102.000	60.000	133.567	252.517	114.757	110.615	115.538	6.842	0.030	0.193	0.064	NaN	NaN	NaN	NaN	NaN	NaN	NaN	NaN	NaN	NaN	NaN	NaN	NaN	NaN	NaN	NaN	NaN	NaN	NaN	NaN	NaN	NaN
61.000	62.000	61.000	153.178	265.403	126.462	111.360	116.800	15.093	0.368	0.061	-0.104	62.000	61.000	140.860	265.403	116.298	107.762	112.059	8.733	0.176	0.138	0.046	62.000	61.000	158.462	265.403	135.000	125.567	133.810	1.120	-0.084	0.046	0.046	62.000	61.000	182.676	265.403	117.973	107.882	112.636	10.911	0.100	-0.012	-0.051	103.000	61.000	131.333	251.795	115.395	110.364	115.333	6.796	-0.046	0.064	0.138	NaN	NaN	NaN	NaN	NaN	NaN	NaN	NaN	NaN	NaN	NaN	NaN	NaN	NaN	NaN	NaN	NaN	NaN	NaN	NaN	NaN	NaN
62.000	63.000	62.000	152.476	263.277	124.588	109.083	114.231	14.879	-0.214	0.021	0.310	63.000	62.000	137.026	263.277	118.652	111.519	116.250	8.435	-0.298	0.092	0.227	63.000	62.000	160.054	263.277	139.117	127.407	148.727	1.112	-0.008	-0.092	-0.049	63.000	62.000	140.656	263.277	115.475	108.240	113.500	10.459	-0.452	0.051	0.437	104.000	62.000	135.889	251.922	114.491	109.690	113.778	6.803	0.008	0.000	0.000	NaN	NaN	NaN	NaN	NaN	NaN	NaN	NaN	NaN	NaN	NaN	NaN	NaN	NaN	NaN	NaN	NaN	NaN	NaN	NaN	NaN	NaN
63.000	64.000	63.000	160.477	262.698	126.075	107.423	113.500	14.734	-0.146	-0.083	-0.022	64.000	63.000	133.483	262.698	115.675	110.609	117.750	8.527	0.092	0.137	-0.003	64.000	63.000	163.487	262.698	140.355	131.320	143.000	1.093	-0.019	0.049	-0.043	64.000	63.000	166.483	262.698	115.938	109.852	113.952	10.727	0.268	0.000	-0.206	105.000	63.000	135.074	252.355	115.095	109.500	115.111	6.926	0.122	0.203	0.064	NaN	NaN	NaN	NaN	NaN	NaN	NaN	NaN	NaN	NaN	NaN	NaN	NaN	NaN	NaN	NaN	NaN	NaN	NaN	NaN	NaN	NaN
64.000	65.000	64.000	142.265	263.829	124.737	109.926	113.650	14.244	-0.490	0.144	0.597	65.000	64.000	143.161	263.829	117.482	109.300	113.375	8.821	0.295	0.184	-0.092	65.000	64.000	159.190	263.829	137.675	129.414	137.476	1.120	0.027	-0.000	0.040	65.000	64.000	172.667	263.829	116.386	109.556	120.000	10.754	0.027	0.000	-0.143	106.000	64.000	137.138	251.881	114.023	110.045	111.500	6.895	-0.030	0.000	0.054	NaN	NaN	NaN	NaN	NaN	NaN	NaN	NaN	NaN	NaN	NaN	NaN	NaN	NaN	NaN	NaN	NaN	NaN	NaN	NaN	NaN	NaN
65.000	66.000	65.000	152.532	263.714	126.558	109.182	115.200	14.504	0.260	-0.021	-0.082	66.000	65.000	144.138	263.714	116.841	109.458	115.182	8.802	-0.019	0.140	0.088	66.000	65.000	169.545	263.714	141.720	129.344	146.615	1.342	0.222	-0.048	-0.184	66.000	65.000	166.107	263.714	115.893	109.292	113.143	10.646	-0.108	-0.039	0.143	107.000	65.000	138.067	250.987	114.744	110.000	117.667	6.968	0.073	0.000	0.010	NaN	NaN	NaN	NaN	NaN	NaN	NaN	NaN	NaN	NaN	NaN	NaN	NaN	NaN	NaN	NaN	NaN	NaN	NaN	NaN	NaN	NaN
66.000	67.000	66.000	142.609	263.148	126.050	111.250	119.875	14.217	-0.287	0.062	0.288	67.000	66.000	134.552	263.148	116.251	106.571	110.792	8.848	0.046	0.184	0.184	67.000	66.000	164.533	263.148	138.449	124.103	130.875	1.342	0.000	-0.000	-0.046	67.000	66.000	163.714	263.148	115.449	109.045	122.000	10.792	0.146	0.131	0.000	108.000	66.000	133.677	249.542	115.858	109.957	115.071	6.719	-0.249	0.010	0.203	NaN	NaN	NaN	NaN	NaN	NaN	NaN	NaN	NaN	NaN	NaN	NaN	NaN	NaN	NaN	NaN	NaN	NaN	NaN	NaN	NaN	NaN
67.000	68.000	67.000	146.511	263.022	127.061	108.333	112.538	14.152	-0.065	-0.123	0.040	68.000	67.000	138.710	263.022	115.437	105.667	109.333	9.311	0.463	0.184	-0.184	68.000	67.000	150.257	263.022	134.700	128.067	137.611	0.963	-0.379	-0.034	0.248	68.000	67.000	181.774	263.022	117.161	110.478	116.786	10.830	0.038	-0.039	-0.104	109.000	67.000	136.531	250.057	114.603	111.273	117.455	6.452	-0.268	-0.011	0.182	NaN	NaN	NaN	NaN	NaN	NaN	NaN	NaN	NaN	NaN	NaN	NaN	NaN	NaN	NaN	NaN	NaN	NaN	NaN	NaN	NaN	NaN
68.000	69.000	68.000	141.875	261.246	128.026	109.833	117.000	13.873	-0.279	0.000	0.206	69.000	68.000	141.233	261.246	116.937	110.778	117.500	9.503	0.192	0.324	0.135	69.000	68.000	162.114	261.246	136.289	126.464	139.222	1.342	0.379	0.043	-0.227	69.000	68.000	163.556	261.246	114.963	108.333	117.375	10.573	-0.257	-0.103	0.194	110.000	68.000	136.500	249.423	114.714	110.125	112.833	6.035	-0.417	-0.064	0.331	NaN	NaN	NaN	NaN	NaN	NaN	NaN	NaN	NaN	NaN	NaN	NaN	NaN	NaN	NaN	NaN	NaN	NaN	NaN	NaN	NaN	NaN
69.000	70.000	69.000	137.822	259.753	129.188	107.800	114.900	13.773	-0.100	0.061	0.123	70.000	69.000	140.081	259.753	115.177	106.200	112.875	9.698	0.195	0.227	0.092	70.000	69.000	165.575	259.753	137.977	126.500	135.333	1.277	-0.065	-0.000	-0.050	70.000	69.000	146.926	259.753	115.374	110.905	122.400	10.210	-0.363	-0.040	0.194	111.000	69.000	142.548	250.494	115.476	109.240	112.737	6.153	0.119	0.139	0.075	NaN	NaN	NaN	NaN	NaN	NaN	NaN	NaN	NaN	NaN	NaN	NaN	NaN	NaN	NaN	NaN	NaN	NaN	NaN	NaN	NaN	NaN
70.000	71.000	70.000	142.044	258.143	127.318	109.440	113.500	13.681	-0.092	0.000	0.123	71.000	70.000	135.688	258.143	116.467	111.348	115.278	9.706	0.008	0.232	0.140	71.000	70.000	146.515	258.143	129.663	119.615	125.952	1.193	-0.084	0.091	0.183	71.000	70.000	145.963	258.143	114.392	109.700	112.643	10.034	-0.176	-0.091	0.051	112.000	70.000	132.200	248.920	113.674	110.217	113.368	5.912	-0.241	0.000	0.256	NaN	NaN	NaN	NaN	NaN	NaN	NaN	NaN	NaN	NaN	NaN	NaN	NaN	NaN	NaN	NaN	NaN	NaN	NaN	NaN	NaN	NaN
71.000	72.000	71.000	145.022	258.747	127.554	106.600	113.333	13.770	0.089	-0.039	-0.061	72.000	71.000	139.875	258.747	116.950	112.368	114.350	9.924	0.219	0.409	0.184	72.000	71.000	164.541	258.747	135.253	121.200	128.467	1.350	0.157	0.092	-0.144	72.000	71.000	166.800	258.747	116.787	109.522	114.667	10.768	0.734	0.000	-0.564	113.000	71.000	134.833	248.091	114.251	109.600	116.818	5.599	-0.314	-0.138	0.138	NaN	NaN	NaN	NaN	NaN	NaN	NaN	NaN	NaN	NaN	NaN	NaN	NaN	NaN	NaN	NaN	NaN	NaN	NaN	NaN	NaN	NaN
72.000	73.000	72.000	151.578	258.396	130.080	109.520	112.882	13.919	0.149	-0.021	-0.206	73.000	72.000	141.000	258.396	115.013	110.600	117.500	10.487	0.563	0.368	-0.045	73.000	72.000	146.633	258.396	128.853	123.077	129.037	0.963	-0.387	-0.135	0.226	73.000	72.000	146.643	258.396	115.099	108.318	110.833	10.573	-0.195	0.091	0.299	114.000	72.000	135.464	248.878	113.924	107.042	112.417	5.450	-0.149	-0.064	0.053	NaN	NaN	NaN	NaN	NaN	NaN	NaN	NaN	NaN	NaN	NaN	NaN	NaN	NaN	NaN	NaN	NaN	NaN	NaN	NaN	NaN	NaN
73.000	74.000	73.000	153.783	260.444	128.951	110.261	113.600	14.095	0.176	0.000	-0.206	74.000	73.000	144.465	260.444	115.901	105.435	110.286	11.031	0.544	0.413	-0.138	74.000	73.000	165.732	260.444	136.721	126.586	135.944	1.369	0.406	0.050	-0.183	74.000	73.000	145.037	260.444	114.532	110.900	118.667	10.213	-0.360	-0.182	0.104	115.000	73.000	130.857	249.195	113.567	111.667	114.833	5.228	-0.222	-0.128	0.075	NaN	NaN	NaN	NaN	NaN	NaN	NaN	NaN	NaN	NaN	NaN	NaN	NaN	NaN	NaN	NaN	NaN	NaN	NaN	NaN	NaN	NaN
74.000	75.000	74.000	148.147	257.863	131.789	109.320	113.643	12.909	-1.186	-0.595	0.433	75.000	74.000	139.703	257.863	114.961	106.913	112.364	11.261	0.230	0.321	0.091	75.000	74.000	153.704	257.863	135.143	127.607	136.000	0.990	-0.379	1.292E-15	0.184	75.000	74.000	150.815	257.863	115.410	111.842	115.765	10.405	0.192	0.000	-0.157	116.000	74.000	131.379	248.967	113.925	109.241	113.278	5.014	-0.214	-0.074	0.193	NaN	NaN	NaN	NaN	NaN	NaN	NaN	NaN	NaN	NaN	NaN	NaN	NaN	NaN	NaN	NaN	NaN	NaN	NaN	NaN	NaN	NaN
75.000	76.000	75.000	137.884	259.182	132.989	110.808	115.071	11.520	-1.389	-0.619	0.700	76.000	75.000	145.568	259.182	116.654	114.571	125.000	10.560	-0.701	-0.686	-0.092	76.000	75.000	162.857	259.182	133.775	126.562	130.652	1.304	0.314	0.050	-0.142	76.000	75.000	150.259	259.182	116.264	109.762	114.769	10.481	0.076	0.091	0.000	117.000	75.000	137.241	248.720	113.272	108.897	114.529	5.052	0.038	-0.064	-0.128	NaN	NaN	NaN	NaN	NaN	NaN	NaN	NaN	NaN	NaN	NaN	NaN	NaN	NaN	NaN	NaN	NaN	NaN	NaN	NaN	NaN	NaN
76.000	77.000	76.000	137.156	254.465	118.225	111.269	116.769	7.905	-3.616	-0.097	3.090	77.000	76.000	147.387	254.465	116.806	111.870	117.250	11.991	1.431	1.248	0.000	77.000	76.000	174.558	254.465	136.827	124.654	137.143	1.407	0.103	-0.041	-0.059	77.000	76.000	156.250	254.465	115.817	107.565	112.857	10.473	-0.008	-0.052	0.000	118.000	76.000	138.793	249.025	114.172	110.667	116.500	5.098	0.046	0.139	0.064	NaN	NaN	NaN	NaN	NaN	NaN	NaN	NaN	NaN	NaN	NaN	NaN	NaN	NaN	NaN	NaN	NaN	NaN	NaN	NaN	NaN	NaN
77.000	78.000	77.000	153.744	261.454	136.798	112.520	119.636	12.906	5.001	-0.084	-4.671	78.000	77.000	149.419	261.454	116.394	110.708	116.812	12.351	0.360	0.278	-0.047	78.000	77.000	159.694	261.454	135.118	125.345	135.833	1.101	-0.306	-0.000	0.140	78.000	77.000	157.107	261.454	116.076	108.292	111.938	10.435	-0.038	-0.038	-0.014	119.000	77.000	132.621	248.695	112.680	109.708	114.000	5.098	0.000	-0.064	-0.064	NaN	NaN	NaN	NaN	NaN	NaN	NaN	NaN	NaN	NaN	NaN	NaN	NaN	NaN	NaN	NaN	NaN	NaN	NaN	NaN	NaN	NaN
78.000	79.000	78.000	155.048	261.859	135.716	108.741	114.333	13.266	0.360	0.000	-0.266	79.000	78.000	145.111	261.859	115.060	109.125	112.500	12.470	0.119	0.092	-0.047	79.000	78.000	161.364	261.859	136.779	128.852	136.789	1.296	0.195	-0.000	-0.046	79.000	78.000	144.741	261.859	114.170	109.087	118.375	9.972	-0.463	0.040	0.409	120.000	78.000	135.483	249.237	115.490	109.333	112.600	5.090	-0.008	-0.138	-0.128	NaN	NaN	NaN	NaN	NaN	NaN	NaN	NaN	NaN	NaN	NaN	NaN	NaN	NaN	NaN	NaN	NaN	NaN	NaN	NaN	NaN	NaN
79.000	80.000	79.000	157.953	261.677	137.044	109.583	114.933	13.518	0.252	0.061	-0.205	80.000	79.000	143.486	261.677	115.664	109.160	115.684	12.868	0.398	0.140	-0.140	80.000	79.000	169.556	261.677	139.732	127.308	143.583	1.277	-0.019	-0.041	-0.051	80.000	79.000	143.296	261.677	114.895	110.261	113.550	10.018	0.046	0.000	-0.051	121.000	79.000	133.276	248.888	114.733	108.524	111.412	5.025	-0.065	-0.192	-0.139	NaN	NaN	NaN	NaN	NaN	NaN	NaN	NaN	NaN	NaN	NaN	NaN	NaN	NaN	NaN	NaN	NaN	NaN	NaN	NaN	NaN	NaN
80.000	81.000	80.000	147.442	261.876	134.084	111.130	115.176	13.526	0.008	0.182	0.205	81.000	80.000	147.763	261.876	117.288	112.704	117.316	13.354	0.487	0.328	-0.184	81.000	80.000	156.432	261.876	135.753	130.188	135.571	1.101	-0.176	0.049	0.086	81.000	80.000	155.931	261.876	116.904	107.591	112.500	10.259	0.241	-0.039	-0.209	NaN	NaN	NaN	NaN	NaN	NaN	NaN	NaN	NaN	NaN	NaN	NaN	NaN	NaN	NaN	NaN	NaN	NaN	NaN	NaN	NaN	NaN	NaN	NaN	NaN	NaN	NaN	NaN	NaN	NaN	NaN	NaN	NaN
81.000	82.000	81.000	159.190	260.671	135.973	110.955	117.200	14.375	0.850	0.305	-0.433	82.000	81.000	153.500	260.671	116.842	110.160	115.900	13.882	0.528	0.281	-0.140	82.000	81.000	170.233	260.671	136.281	124.067	136.000	1.369	0.268	0.046	-0.092	82.000	81.000	144.741	260.671	115.123	109.300	114.917	10.026	-0.233	0.000	0.115	NaN	NaN	NaN	NaN	NaN	NaN	NaN	NaN	NaN	NaN	NaN	NaN	NaN	NaN	NaN	NaN	NaN	NaN	NaN	NaN	NaN	NaN	NaN	NaN	NaN	NaN	NaN	NaN	NaN	NaN	NaN	NaN	NaN
82.000	83.000	82.000	127.949	255.066	113.941	107.240	114.545	8.011	-6.364	0.083	5.678	83.000	82.000	154.088	255.066	115.610	109.583	113.350	14.028	0.146	0.275	0.000	83.000	82.000	157.970	255.066	131.605	123.643	140.222	1.082	-0.287	0.049	0.184	83.000	82.000	150.700	255.066	117.406	110.609	118.200	10.573	0.547	0.091	-0.314	NaN	NaN	NaN	NaN	NaN	NaN	NaN	NaN	NaN	NaN	NaN	NaN	NaN	NaN	NaN	NaN	NaN	NaN	NaN	NaN	NaN	NaN	NaN	NaN	NaN	NaN	NaN	NaN	NaN	NaN	NaN	NaN	NaN
83.000	84.000	83.000	152.500	260.502	136.547	109.263	113.700	14.573	6.563	0.266	-5.599	84.000	83.000	144.806	260.502	116.058	111.320	125.000	14.391	0.363	0.196	0.049	84.000	83.000	155.294	260.502	129.048	124.333	131.842	1.055	-0.027	0.046	0.092	84.000	83.000	150.714	260.502	116.269	108.476	114.733	10.424	-0.149	-0.039	0.013	NaN	NaN	NaN	NaN	NaN	NaN	NaN	NaN	NaN	NaN	NaN	NaN	NaN	NaN	NaN	NaN	NaN	NaN	NaN	NaN	NaN	NaN	NaN	NaN	NaN	NaN	NaN	NaN	NaN	NaN	NaN	NaN	NaN
84.000	85.000	84.000	151.359	260.278	137.764	112.286	115.500	14.631	0.057	0.000	-0.205	85.000	84.000	154.161	260.278	116.066	109.160	114.077	14.805	0.414	0.431	-0.092	85.000	84.000	149.533	260.278	131.244	128.097	141.733	0.722	-0.333	-0.183	0.042	85.000	84.000	149.296	260.278	115.965	110.519	113.455	10.443	0.019	0.079	0.103	NaN	NaN	NaN	NaN	NaN	NaN	NaN	NaN	NaN	NaN	NaN	NaN	NaN	NaN	NaN	NaN	NaN	NaN	NaN	NaN	NaN	NaN	NaN	NaN	NaN	NaN	NaN	NaN	NaN	NaN	NaN	NaN	NaN
85.000	86.000	85.000	150.690	261.028	136.610	111.577	117.857	14.658	0.027	0.061	0.144	86.000	85.000	146.897	261.028	114.346	107.000	109.810	15.333	0.528	0.333	0.000	86.000	85.000	161.077	261.028	131.368	125.968	144.750	1.055	0.333	0.135	-0.055	86.000	85.000	156.935	261.028	117.548	110.727	114.818	10.638	0.195	-0.129	-0.263	NaN	NaN	NaN	NaN	NaN	NaN	NaN	NaN	NaN	NaN	NaN	NaN	NaN	NaN	NaN	NaN	NaN	NaN	NaN	NaN	NaN	NaN	NaN	NaN	NaN	NaN	NaN	NaN	NaN	NaN	NaN	NaN	NaN
86.000	87.000	86.000	147.923	260.470	136.165	111.042	118.000	14.963	0.306	0.183	-0.144	87.000	86.000	153.919	260.470	115.704	108.167	112.500	15.558	0.225	0.100	0.000	87.000	86.000	169.024	260.470	138.333	127.720	134.750	1.112	0.057	-0.141	-0.147	87.000	86.000	157.806	260.470	116.863	107.182	113.091	10.546	-0.092	0.000	0.052	NaN	NaN	NaN	NaN	NaN	NaN	NaN	NaN	NaN	NaN	NaN	NaN	NaN	NaN	NaN	NaN	NaN	NaN	NaN	NaN	NaN	NaN	NaN	NaN	NaN	NaN	NaN	NaN	NaN	NaN	NaN	NaN	NaN
87.000	88.000	87.000	159.000	261.754	136.415	108.250	113.100	15.434	0.471	0.122	-0.411	88.000	87.000	154.147	261.754	115.665	107.481	112.923	15.647	0.089	0.284	0.041	88.000	87.000	164.486	261.754	134.891	131.077	141.611	0.890	-0.222	-0.000	0.138	88.000	87.000	146.444	261.754	114.141	106.786	112.545	9.907	-0.639	-0.091	0.451	NaN	NaN	NaN	NaN	NaN	NaN	NaN	NaN	NaN	NaN	NaN	NaN	NaN	NaN	NaN	NaN	NaN	NaN	NaN	NaN	NaN	NaN	NaN	NaN	NaN	NaN	NaN	NaN	NaN	NaN	NaN	NaN	NaN
88.000	89.000	88.000	149.833	263.419	138.131	109.885	119.333	15.166	-0.268	0.000	0.288	89.000	88.000	128.879	263.419	113.463	111.875	119.000	14.781	-0.865	-0.091	0.700	89.000	88.000	171.925	263.419	140.792	131.667	143.176	1.001	0.111	0.092	-0.000	89.000	88.000	153.821	263.419	116.278	110.857	114.143	10.259	0.352	-0.091	-0.390	NaN	NaN	NaN	NaN	NaN	NaN	NaN	NaN	NaN	NaN	NaN	NaN	NaN	NaN	NaN	NaN	NaN	NaN	NaN	NaN	NaN	NaN	NaN	NaN	NaN	NaN	NaN	NaN	NaN	NaN	NaN	NaN	NaN
89.000	90.000	89.000	131.108	256.721	115.076	111.708	119.778	8.263	-6.903	-0.144	6.139	90.000	89.000	140.630	256.721	115.211	110.476	117.286	15.187	0.406	0.092	-0.316	90.000	89.000	161.250	256.721	137.889	133.655	148.000	0.779	-0.222	-0.000	0.184	90.000	89.000	151.750	256.721	115.777	108.091	113.667	10.554	0.295	0.130	-0.143	NaN	NaN	NaN	NaN	NaN	NaN	NaN	NaN	NaN	NaN	NaN	NaN	NaN	NaN	NaN	NaN	NaN	NaN	NaN	NaN	NaN	NaN	NaN	NaN	NaN	NaN	NaN	NaN	NaN	NaN	NaN	NaN	NaN
90.000	91.000	90.000	155.944	262.106	138.251	112.320	119.273	15.561	7.298	-0.101	-6.602	91.000	90.000	134.159	262.106	113.892	108.154	115.571	15.098	-0.089	0.100	0.508	91.000	90.000	167.615	262.106	139.038	130.417	137.600	1.150	0.371	0.042	-0.099	91.000	90.000	144.333	262.106	115.062	106.000	110.273	10.405	-0.149	0.143	0.246	NaN	NaN	NaN	NaN	NaN	NaN	NaN	NaN	NaN	NaN	NaN	NaN	NaN	NaN	NaN	NaN	NaN	NaN	NaN	NaN	NaN	NaN	NaN	NaN	NaN	NaN	NaN	NaN	NaN	NaN	NaN	NaN	NaN
91.000	92.000	91.000	124.821	256.164	114.225	111.033	115.444	8.038	-7.523	-0.162	6.457	92.000	91.000	142.231	256.164	114.899	110.310	115.588	15.252	0.154	0.091	-0.243	92.000	91.000	171.414	256.164	141.720	134.444	146.133	0.760	-0.390	-0.138	-0.000	92.000	91.000	144.351	256.164	114.695	107.762	111.882	10.619	0.214	-0.143	-0.194	NaN	NaN	NaN	NaN	NaN	NaN	NaN	NaN	NaN	NaN	NaN	NaN	NaN	NaN	NaN	NaN	NaN	NaN	NaN	NaN	NaN	NaN	NaN	NaN	NaN	NaN	NaN	NaN	NaN	NaN	NaN	NaN	NaN
92.000	93.000	92.000	121.889	255.215	114.622	111.679	117.500	8.084	0.046	-0.061	0.000	93.000	92.000	139.279	255.215	115.085	110.522	119.571	15.190	-0.062	0.051	0.233	93.000	92.000	181.070	255.215	144.889	131.917	141.556	1.223	0.463	0.140	-0.184	93.000	92.000	147.871	255.215	115.316	108.476	113.000	10.646	0.027	0.052	-0.052	NaN	NaN	NaN	NaN	NaN	NaN	NaN	NaN	NaN	NaN	NaN	NaN	NaN	NaN	NaN	NaN	NaN	NaN	NaN	NaN	NaN	NaN	NaN	NaN	NaN	NaN	NaN	NaN	NaN	NaN	NaN	NaN	NaN
93.000	94.000	93.000	128.846	255.381	115.049	113.538	119.056	8.314	0.230	-0.220	-0.411	94.000	93.000	142.864	255.381	114.831	112.545	117.615	15.309	0.119	0.102	-0.102	94.000	93.000	164.182	255.381	138.630	132.615	142.611	0.798	-0.425	-0.036	0.270	94.000	93.000	149.724	255.381	116.583	113.300	117.333	10.462	-0.184	-0.130	0.000	NaN	NaN	NaN	NaN	NaN	NaN	NaN	NaN	NaN	NaN	NaN	NaN	NaN	NaN	NaN	NaN	NaN	NaN	NaN	NaN	NaN	NaN	NaN	NaN	NaN	NaN	NaN	NaN	NaN	NaN	NaN	NaN	NaN
94.000	95.000	94.000	131.441	254.700	115.065	111.692	119.750	8.119	-0.195	-0.121	0.000	95.000	94.000	141.475	254.700	115.251	112.400	121.545	15.577	0.268	0.000	-0.183	95.000	94.000	169.061	254.700	139.600	133.786	145.333	0.760	-0.038	0.081	-0.024	95.000	94.000	150.065	254.700	116.674	109.850	114.500	10.443	-0.019	-0.052	0.000	NaN	NaN	NaN	NaN	NaN	NaN	NaN	NaN	NaN	NaN	NaN	NaN	NaN	NaN	NaN	NaN	NaN	NaN	NaN	NaN	NaN	NaN	NaN	NaN	NaN	NaN	NaN	NaN	NaN	NaN	NaN	NaN	NaN
95.000	96.000	95.000	131.564	254.724	116.124	113.583	121.000	8.165	0.046	-0.145	-0.145	96.000	95.000	151.298	254.724	116.224	108.577	112.700	15.780	0.203	0.000	-0.183	96.000	95.000	160.786	254.724	135.889	131.826	147.091	0.817	0.057	0.061	0.132	96.000	95.000	145.382	254.724	116.806	110.909	114.333	10.665	0.222	0.130	0.000	NaN	NaN	NaN	NaN	NaN	NaN	NaN	NaN	NaN	NaN	NaN	NaN	NaN	NaN	NaN	NaN	NaN	NaN	NaN	NaN	NaN	NaN	NaN	NaN	NaN	NaN	NaN	NaN	NaN	NaN	NaN	NaN	NaN
96.000	97.000	96.000	128.750	253.739	116.705	111.077	118.200	8.054	-0.111	-0.061	0.061	97.000	96.000	144.167	253.739	115.257	110.414	114.800	15.355	-0.425	0.041	0.375	97.000	96.000	164.881	253.739	142.703	139.280	159.667	0.812	-0.006	-0.089	-0.056	97.000	96.000	153.270	253.739	115.890	109.040	115.267	10.903	0.238	0.143	-0.143	NaN	NaN	NaN	NaN	NaN	NaN	NaN	NaN	NaN	NaN	NaN	NaN	NaN	NaN	NaN	NaN	NaN	NaN	NaN	NaN	NaN	NaN	NaN	NaN	NaN	NaN	NaN	NaN	NaN	NaN	NaN	NaN	NaN
97.000	98.000	97.000	127.361	253.705	117.552	116.517	126.714	7.775	-0.279	-0.096	0.145	98.000	97.000	148.514	253.705	116.275	108.320	117.700	15.566	0.211	0.051	-0.183	98.000	97.000	160.733	253.705	141.885	139.870	154.118	0.633	-0.179	-0.000	0.026	98.000	97.000	150.387	253.705	116.400	108.958	115.111	10.665	-0.238	-0.143	0.103	NaN	NaN	NaN	NaN	NaN	NaN	NaN	NaN	NaN	NaN	NaN	NaN	NaN	NaN	NaN	NaN	NaN	NaN	NaN	NaN	NaN	NaN	NaN	NaN	NaN	NaN	NaN	NaN	NaN	NaN	NaN	NaN	NaN
98.000	99.000	98.000	127.128	253.919	115.476	112.448	119.375	7.737	-0.038	-0.035	0.000	99.000	98.000	144.073	253.919	116.486	110.348	119.750	15.810	0.244	0.142	0.051	99.000	98.000	185.359	253.919	147.500	145.704	167.273	0.809	0.176	-0.130	-0.130	99.000	98.000	148.121	253.919	115.552	107.500	113.200	10.535	-0.130	0.000	0.143	NaN	NaN	NaN	NaN	NaN	NaN	NaN	NaN	NaN	NaN	NaN	NaN	NaN	NaN	NaN	NaN	NaN	NaN	NaN	NaN	NaN	NaN	NaN	NaN	NaN	NaN	NaN	NaN	NaN	NaN	NaN	NaN	NaN
99.000	100.000	99.000	131.111	253.345	115.961	113.679	121.706	7.542	-0.195	-0.060	0.119	100.000	99.000	132.000	253.345	113.364	111.174	120.125	14.509	-1.301	0.051	1.095	100.000	99.000	168.606	253.345	140.952	139.316	170.769	0.679	-0.130	0.108	0.180	100.000	99.000	150.759	253.345	115.550	110.591	114.400	10.121	-0.414	-0.546	-0.195	NaN	NaN	NaN	NaN	NaN	NaN	NaN	NaN	NaN	NaN	NaN	NaN	NaN	NaN	NaN	NaN	NaN	NaN	NaN	NaN	NaN	NaN	NaN	NaN	NaN	NaN	NaN	NaN	NaN	NaN	NaN	NaN	NaN
100.000	101.000	100.000	132.176	252.036	117.459	113.963	122.643	7.461	-0.081	-0.110	-0.060	101.000	100.000	129.636	252.036	113.418	108.259	114.500	14.964	0.455	0.102	-0.080	101.000	100.000	162.167	252.036	139.647	139.312	157.611	0.614	-0.065	0.072	0.054	101.000	100.000	149.567	252.036	115.358	107.286	115.333	10.673	0.552	0.455	-0.091	NaN	NaN	NaN	NaN	NaN	NaN	NaN	NaN	NaN	NaN	NaN	NaN	NaN	NaN	NaN	NaN	NaN	NaN	NaN	NaN	NaN	NaN	NaN	NaN	NaN	NaN	NaN	NaN	NaN	NaN	NaN	NaN	NaN
101.000	102.000	101.000	133.103	252.517	118.202	110.464	115.714	7.828	0.368	-0.034	-0.350	102.000	101.000	137.389	252.517	113.800	113.000	119.100	14.960	-0.003	0.051	-0.143	102.000	101.000	156.480	252.517	147.400	147.400	152.333	0.309	-0.305	0.195	0.195	102.000	101.000	149.912	252.517	121.584	111.833	117.600	4.741	-5.932	-5.540	0.028	NaN	NaN	NaN	NaN	NaN	NaN	NaN	NaN	NaN	NaN	NaN	NaN	NaN	NaN	NaN	NaN	NaN	NaN	NaN	NaN	NaN	NaN	NaN	NaN	NaN	NaN	NaN	NaN	NaN	NaN	NaN	NaN	NaN
102.000	103.000	102.000	133.500	251.795	117.321	114.690	118.538	7.347	-0.482	-0.264	0.119	103.000	102.000	138.864	251.795	114.016	107.476	109.792	15.255	0.295	0.040	-0.132	NaN	NaN	NaN	NaN	NaN	NaN	NaN	NaN	NaN	NaN	NaN	103.000	102.000	155.851	251.795	117.933	108.864	113.231	11.171	6.430	5.916	-0.234	NaN	NaN	NaN	NaN	NaN	NaN	NaN	NaN	NaN	NaN	NaN	NaN	NaN	NaN	NaN	NaN	NaN	NaN	NaN	NaN	NaN	NaN	NaN	NaN	NaN	NaN	NaN	NaN	NaN	NaN	NaN	NaN	NaN
103.000	104.000	103.000	131.429	251.922	116.765	113.880	120.333	7.327	-0.019	-0.322	-0.173	104.000	103.000	131.250	251.922	114.100	112.391	119.125	14.708	-0.547	0.091	0.302	NaN	NaN	NaN	NaN	NaN	NaN	NaN	NaN	NaN	NaN	NaN	104.000	103.000	146.194	251.922	116.210	107.952	113.933	10.635	-0.536	0.000	0.297	NaN	NaN	NaN	NaN	NaN	NaN	NaN	NaN	NaN	NaN	NaN	NaN	NaN	NaN	NaN	NaN	NaN	NaN	NaN	NaN	NaN	NaN	NaN	NaN	NaN	NaN	NaN	NaN	NaN	NaN	NaN	NaN	NaN
104.000	105.000	104.000	129.619	252.355	117.894	114.000	119.952	7.446	0.119	-0.318	-0.436	105.000	104.000	131.657	252.355	112.959	108.000	137.000	15.014	0.306	0.000	-0.182	NaN	NaN	NaN	NaN	NaN	NaN	NaN	NaN	NaN	NaN	NaN	105.000	104.000	136.139	252.355	114.784	109.750	118.000	9.972	-0.663	-0.131	0.570	NaN	NaN	NaN	NaN	NaN	NaN	NaN	NaN	NaN	NaN	NaN	NaN	NaN	NaN	NaN	NaN	NaN	NaN	NaN	NaN	NaN	NaN	NaN	NaN	NaN	NaN	NaN	NaN	NaN	NaN	NaN	NaN	NaN
105.000	106.000	105.000	130.289	251.881	115.831	113.829	118.500	7.236	-0.211	-0.204	0.086	106.000	105.000	137.909	251.881	113.714	109.333	114.200	15.336	0.322	0.000	-0.223	NaN	NaN	NaN	NaN	NaN	NaN	NaN	NaN	NaN	NaN	NaN	106.000	105.000	143.324	251.881	116.648	111.389	113.438	10.654	0.682	0.091	-0.571	NaN	NaN	NaN	NaN	NaN	NaN	NaN	NaN	NaN	NaN	NaN	NaN	NaN	NaN	NaN	NaN	NaN	NaN	NaN	NaN	NaN	NaN	NaN	NaN	NaN	NaN	NaN	NaN	NaN	NaN	NaN	NaN	NaN
106.000	107.000	106.000	129.917	250.987	115.734	113.867	129.429	7.400	0.165	-0.118	-0.436	107.000	106.000	125.811	250.987	114.703	110.179	118.167	14.329	-1.007	-0.669	0.233	NaN	NaN	NaN	NaN	NaN	NaN	NaN	NaN	NaN	NaN	NaN	107.000	106.000	150.353	250.987	116.827	110.318	114.000	10.654	0.000	0.000	0.000	NaN	NaN	NaN	NaN	NaN	NaN	NaN	NaN	NaN	NaN	NaN	NaN	NaN	NaN	NaN	NaN	NaN	NaN	NaN	NaN	NaN	NaN	NaN	NaN	NaN	NaN	NaN	NaN	NaN	NaN	NaN	NaN	NaN
107.000	108.000	107.000	128.222	249.542	116.664	113.600	119.333	7.308	-0.092	-0.145	0.000	108.000	107.000	134.273	249.542	115.067	109.095	115.444	15.095	0.766	0.581	-0.234	NaN	NaN	NaN	NaN	NaN	NaN	NaN	NaN	NaN	NaN	NaN	108.000	107.000	134.972	249.542	112.886	107.909	112.250	9.750	-0.903	-0.183	0.670	NaN	NaN	NaN	NaN	NaN	NaN	NaN	NaN	NaN	NaN	NaN	NaN	NaN	NaN	NaN	NaN	NaN	NaN	NaN	NaN	NaN	NaN	NaN	NaN	NaN	NaN	NaN	NaN	NaN	NaN	NaN	NaN	NaN
108.000	109.000	108.000	131.395	250.057	117.047	112.194	121.750	7.197	-0.111	-0.145	0.000	109.000	108.000	135.457	250.057	115.249	108.350	113.333	15.382	0.287	-0.091	-0.194	NaN	NaN	NaN	NaN	NaN	NaN	NaN	NaN	NaN	NaN	NaN	109.000	108.000	143.650	250.057	113.274	106.950	110.312	10.183	0.433	0.040	-0.336	NaN	NaN	NaN	NaN	NaN	NaN	NaN	NaN	NaN	NaN	NaN	NaN	NaN	NaN	NaN	NaN	NaN	NaN	NaN	NaN	NaN	NaN	NaN	NaN	NaN	NaN	NaN	NaN	NaN	NaN	NaN	NaN	NaN
109.000	110.000	109.000	127.238	249.423	116.172	112.963	117.929	7.224	0.027	-0.059	-0.145	110.000	109.000	136.222	249.423	115.140	110.560	115.000	15.152	-0.230	0.051	0.103	NaN	NaN	NaN	NaN	NaN	NaN	NaN	NaN	NaN	NaN	NaN	110.000	109.000	138.825	249.423	113.549	107.842	112.818	10.508	0.325	0.194	-0.052	NaN	NaN	NaN	NaN	NaN	NaN	NaN	NaN	NaN	NaN	NaN	NaN	NaN	NaN	NaN	NaN	NaN	NaN	NaN	NaN	NaN	NaN	NaN	NaN	NaN	NaN	NaN	NaN	NaN	NaN	NaN	NaN	NaN
110.000	111.000	110.000	130.214	250.494	117.036	115.481	124.714	7.048	-0.176	-0.059	-0.059	111.000	110.000	140.367	250.494	114.929	112.095	116.786	15.195	0.043	0.091	-0.091	NaN	NaN	NaN	NaN	NaN	NaN	NaN	NaN	NaN	NaN	NaN	111.000	110.000	143.325	250.494	114.859	107.095	111.583	10.592	0.084	-0.103	-0.143	NaN	NaN	NaN	NaN	NaN	NaN	NaN	NaN	NaN	NaN	NaN	NaN	NaN	NaN	NaN	NaN	NaN	NaN	NaN	NaN	NaN	NaN	NaN	NaN	NaN	NaN	NaN	NaN	NaN	NaN	NaN	NaN	NaN
111.000	112.000	111.000	131.472	248.920	117.559	111.778	122.273	7.132	0.084	-0.086	-0.059	112.000	111.000	141.156	248.920	115.025	111.920	116.750	15.566	0.371	0.091	-0.091	NaN	NaN	NaN	NaN	NaN	NaN	NaN	NaN	NaN	NaN	NaN	112.000	111.000	141.676	248.920	115.140	106.818	109.188	10.654	0.062	0.142	-0.040	NaN	NaN	NaN	NaN	NaN	NaN	NaN	NaN	NaN	NaN	NaN	NaN	NaN	NaN	NaN	NaN	NaN	NaN	NaN	NaN	NaN	NaN	NaN	NaN	NaN	NaN	NaN	NaN	NaN	NaN	NaN	NaN	NaN
112.000	113.000	112.000	128.051	248.091	116.650	111.067	118.385	7.171	0.038	-0.145	-0.118	113.000	112.000	139.730	248.091	115.633	110.792	116.294	15.604	0.038	-0.040	0.051	NaN	NaN	NaN	NaN	NaN	NaN	NaN	NaN	NaN	NaN	NaN	113.000	112.000	145.825	248.091	115.405	107.375	112.636	10.727	0.073	0.000	-0.040	NaN	NaN	NaN	NaN	NaN	NaN	NaN	NaN	NaN	NaN	NaN	NaN	NaN	NaN	NaN	NaN	NaN	NaN	NaN	NaN	NaN	NaN	NaN	NaN	NaN	NaN	NaN	NaN	NaN	NaN	NaN	NaN	NaN
113.000	114.000	113.000	124.528	248.878	114.846	109.038	115.583	7.301	0.130	0.059	-0.086	114.000	113.000	138.606	248.878	115.690	107.889	112.474	15.539	-0.065	0.000	-0.051	NaN	NaN	NaN	NaN	NaN	NaN	NaN	NaN	NaN	NaN	NaN	114.000	113.000	144.225	248.878	116.591	110.211	116.444	10.738	0.011	-0.182	-0.142	NaN	NaN	NaN	NaN	NaN	NaN	NaN	NaN	NaN	NaN	NaN	NaN	NaN	NaN	NaN	NaN	NaN	NaN	NaN	NaN	NaN	NaN	NaN	NaN	NaN	NaN	NaN	NaN	NaN	NaN	NaN	NaN	NaN
114.000	115.000	114.000	132.630	249.195	117.701	109.933	112.905	7.503	0.203	-0.059	-0.350	115.000	114.000	140.265	249.195	114.738	110.593	123.000	15.639	0.100	0.051	-0.040	NaN	NaN	NaN	NaN	NaN	NaN	NaN	NaN	NaN	NaN	NaN	115.000	114.000	136.537	249.195	115.495	108.200	114.625	10.784	0.046	0.000	-0.040	NaN	NaN	NaN	NaN	NaN	NaN	NaN	NaN	NaN	NaN	NaN	NaN	NaN	NaN	NaN	NaN	NaN	NaN	NaN	NaN	NaN	NaN	NaN	NaN	NaN	NaN	NaN	NaN	NaN	NaN	NaN	NaN	NaN
115.000	116.000	115.000	128.444	248.967	116.399	109.179	113.381	7.465	-0.038	0.028	0.145	116.000	115.000	137.750	248.967	115.745	111.200	117.588	15.501	-0.138	0.000	0.091	NaN	NaN	NaN	NaN	NaN	NaN	NaN	NaN	NaN	NaN	NaN	116.000	115.000	141.957	248.967	116.834	105.850	111.636	11.144	0.360	0.131	-0.154	NaN	NaN	NaN	NaN	NaN	NaN	NaN	NaN	NaN	NaN	NaN	NaN	NaN	NaN	NaN	NaN	NaN	NaN	NaN	NaN	NaN	NaN	NaN	NaN	NaN	NaN	NaN	NaN	NaN	NaN	NaN	NaN	NaN
116.000	117.000	116.000	130.179	248.720	116.803	111.087	115.412	7.595	0.130	0.092	-0.145	117.000	116.000	144.250	248.720	115.129	110.920	117.500	15.558	0.057	-0.051	0.000	NaN	NaN	NaN	NaN	NaN	NaN	NaN	NaN	NaN	NaN	NaN	117.000	116.000	138.889	248.720	117.349	109.261	113.571	11.098	-0.046	-0.079	-0.143	NaN	NaN	NaN	NaN	NaN	NaN	NaN	NaN	NaN	NaN	NaN	NaN	NaN	NaN	NaN	NaN	NaN	NaN	NaN	NaN	NaN	NaN	NaN	NaN	NaN	NaN	NaN	NaN	NaN	NaN	NaN	NaN	NaN
117.000	118.000	117.000	133.133	249.025	118.010	109.000	115.636	8.548	0.953	0.026	-0.793	118.000	117.000	142.882	249.025	115.557	108.885	115.688	15.474	-0.084	-0.051	0.000	NaN	NaN	NaN	NaN	NaN	NaN	NaN	NaN	NaN	NaN	NaN	118.000	117.000	139.611	249.025	116.748	107.200	112.455	11.022	-0.076	0.131	0.102	NaN	NaN	NaN	NaN	NaN	NaN	NaN	NaN	NaN	NaN	NaN	NaN	NaN	NaN	NaN	NaN	NaN	NaN	NaN	NaN	NaN	NaN	NaN	NaN	NaN	NaN	NaN	NaN	NaN	NaN	NaN	NaN	NaN
118.000	119.000	118.000	125.848	248.695	116.363	110.792	115.706	8.020	-0.528	-0.204	0.295	119.000	118.000	144.217	248.695	115.730	112.560	121.100	15.577	0.103	-0.142	-0.091	NaN	NaN	NaN	NaN	NaN	NaN	NaN	NaN	NaN	NaN	NaN	119.000	118.000	141.172	248.695	115.713	105.926	108.947	10.773	-0.249	0.000	0.234	NaN	NaN	NaN	NaN	NaN	NaN	NaN	NaN	NaN	NaN	NaN	NaN	NaN	NaN	NaN	NaN	NaN	NaN	NaN	NaN	NaN	NaN	NaN	NaN	NaN	NaN	NaN	NaN	NaN	NaN	NaN	NaN	NaN
119.000	120.000	119.000	129.400	249.237	117.367	108.304	124.333	8.131	0.111	-0.086	-0.204	120.000	119.000	141.243	249.237	115.764	111.120	115.786	15.263	-0.314	-0.091	0.142	NaN	NaN	NaN	NaN	NaN	NaN	NaN	NaN	NaN	NaN	NaN	120.000	119.000	142.174	249.237	115.813	106.720	109.174	11.052	0.279	0.000	-0.064	NaN	NaN	NaN	NaN	NaN	NaN	NaN	NaN	NaN	NaN	NaN	NaN	NaN	NaN	NaN	NaN	NaN	NaN	NaN	NaN	NaN	NaN	NaN	NaN	NaN	NaN	NaN	NaN	NaN	NaN	NaN	NaN	NaN
120.000	121.000	120.000	129.567	248.888	116.993	110.409	114.812	8.724	0.593	0.145	-0.443	121.000	120.000	143.128	248.888	115.767	114.400	123.933	15.198	-0.065	-0.152	-0.142	NaN	NaN	NaN	NaN	NaN	NaN	NaN	NaN	NaN	NaN	NaN	121.000	120.000	145.892	248.888	115.755	106.381	109.750	10.627	-0.425	-0.182	0.091	NaN	NaN	NaN	NaN	NaN	NaN	NaN	NaN	NaN	NaN	NaN	NaN	NaN	NaN	NaN	NaN	NaN	NaN	NaN	NaN	NaN	NaN	NaN	NaN	NaN	NaN	NaN	NaN	NaN	NaN	NaN	NaN	NaN
