 	T (0)	Base X (0)	Base Y (0)	Tip X (0)	Tip Y (0)	||[body,base]|| (0)	||[base,tip]||  (0)	||[base,tip]|| : [body,base] (0)	[base,tip] ? [body,base] (0)	?||[base,tip]|| : [body,base] (0)	||[tip(t-1),tip(t)]|| : [base,tip] (0)	||[base(t-1),base(t)]|| : [base,tip] (0)	T (1)	Base X (1)	Base Y (1)	Tip X (1)	Tip Y (1)	||[body,base]|| (1)	||[base,tip]||  (1)	||[base,tip]|| : [body,base] (1)	[base,tip] ? [body,base] (1)	?||[base,tip]|| : [body,base] (1)	||[tip(t-1),tip(t)]|| : [base,tip] (1)	||[base(t-1),base(t)]|| : [base,tip] (1)	T (2)	Base X (2)	Base Y (2)	Tip X (2)	Tip Y (2)	||[body,base]|| (2)	||[base,tip]||  (2)	||[base,tip]|| : [body,base] (2)	[base,tip] ? [body,base] (2)	?||[base,tip]|| : [body,base] (2)	||[tip(t-1),tip(t)]|| : [base,tip] (2)	||[base(t-1),base(t)]|| : [base,tip] (2)	T (3)	Base X (3)	Base Y (3)	Tip X (3)	Tip Y (3)	||[body,base]|| (3)	||[base,tip]||  (3)	||[base,tip]|| : [body,base] (3)	[base,tip] ? [body,base] (3)	?||[base,tip]|| : [body,base] (3)	||[tip(t-1),tip(t)]|| : [base,tip] (3)	||[base(t-1),base(t)]|| : [base,tip] (3)	T (4)	Base X (4)	Base Y (4)	Tip X (4)	Tip Y (4)	||[body,base]|| (4)	||[base,tip]||  (4)	||[base,tip]|| : [body,base] (4)	[base,tip] ? [body,base] (4)	?||[base,tip]|| : [body,base] (4)	||[tip(t-1),tip(t)]|| : [base,tip] (4)	||[base(t-1),base(t)]|| : [base,tip] (4)	T (5)	Base X (5)	Base Y (5)	Tip X (5)	Tip Y (5)	||[body,base]|| (5)	||[base,tip]||  (5)	||[base,tip]|| : [body,base] (5)	[base,tip] ? [body,base] (5)	?||[base,tip]|| : [body,base] (5)	||[tip(t-1),tip(t)]|| : [base,tip] (5)	||[base(t-1),base(t)]|| : [base,tip] (5)	T (6)	Base X (6)	Base Y (6)	Tip X (6)	Tip Y (6)	||[body,base]|| (6)	||[base,tip]||  (6)	||[base,tip]|| : [body,base] (6)	[base,tip] ? [body,base] (6)	?||[base,tip]|| : [body,base] (6)	||[tip(t-1),tip(t)]|| : [base,tip] (6)	||[base(t-1),base(t)]|| : [base,tip] (6)
1	-20.000	NaN	NaN	NaN	NaN	NaN	NaN	NaN	NaN	NaN	NaN	NaN	NaN	NaN	NaN	NaN	NaN	NaN	NaN	NaN	NaN	NaN	NaN	NaN	NaN	NaN	NaN	NaN	NaN	NaN	NaN	NaN	NaN	NaN	NaN	NaN	NaN	NaN	NaN	NaN	NaN	NaN	NaN	NaN	NaN	NaN	NaN	NaN	NaN	NaN	NaN	NaN	NaN	NaN	NaN	NaN	NaN	NaN	NaN	NaN	NaN	NaN	NaN	NaN	NaN	NaN	NaN	NaN	NaN	NaN	NaN	NaN	7.000	407.000	137.000	NaN	NaN	NaN	NaN	NaN	NaN	NaN	NaN	NaN
2	-19.000	NaN	NaN	NaN	NaN	NaN	NaN	NaN	NaN	NaN	NaN	NaN	NaN	NaN	NaN	NaN	NaN	NaN	NaN	NaN	NaN	NaN	NaN	NaN	NaN	NaN	NaN	NaN	NaN	NaN	NaN	NaN	NaN	NaN	NaN	NaN	NaN	NaN	NaN	NaN	NaN	NaN	NaN	NaN	NaN	NaN	NaN	NaN	NaN	NaN	NaN	NaN	NaN	NaN	NaN	NaN	NaN	NaN	NaN	NaN	NaN	NaN	NaN	NaN	NaN	NaN	NaN	NaN	NaN	NaN	NaN	NaN	8.000	403.000	131.000	NaN	NaN	NaN	NaN	NaN	NaN	NaN	NaN	NaN
3	-18.000	NaN	NaN	NaN	NaN	NaN	NaN	NaN	NaN	NaN	NaN	NaN	NaN	NaN	NaN	NaN	NaN	NaN	NaN	NaN	NaN	NaN	NaN	NaN	NaN	NaN	NaN	NaN	NaN	NaN	NaN	NaN	NaN	NaN	NaN	NaN	NaN	NaN	NaN	NaN	NaN	NaN	NaN	NaN	NaN	NaN	NaN	NaN	NaN	NaN	NaN	NaN	NaN	NaN	NaN	NaN	NaN	NaN	NaN	NaN	NaN	NaN	NaN	NaN	NaN	NaN	NaN	NaN	NaN	NaN	NaN	NaN	9.000	406.000	141.000	NaN	NaN	NaN	NaN	NaN	NaN	NaN	NaN	NaN
4	-17.000	NaN	NaN	NaN	NaN	NaN	NaN	NaN	NaN	NaN	NaN	NaN	NaN	NaN	NaN	NaN	NaN	NaN	NaN	NaN	NaN	NaN	NaN	NaN	NaN	NaN	NaN	NaN	NaN	NaN	NaN	NaN	NaN	NaN	NaN	NaN	NaN	NaN	NaN	NaN	NaN	NaN	NaN	NaN	NaN	NaN	NaN	NaN	NaN	NaN	NaN	NaN	NaN	NaN	NaN	NaN	NaN	NaN	NaN	NaN	NaN	NaN	NaN	NaN	NaN	NaN	NaN	NaN	NaN	NaN	NaN	NaN	10.000	410.000	140.000	NaN	NaN	NaN	NaN	NaN	NaN	NaN	NaN	NaN
5	-16.000	NaN	NaN	NaN	NaN	NaN	NaN	NaN	NaN	NaN	NaN	NaN	NaN	NaN	NaN	NaN	NaN	NaN	NaN	NaN	NaN	NaN	NaN	NaN	NaN	NaN	NaN	NaN	NaN	NaN	NaN	NaN	NaN	NaN	NaN	NaN	NaN	NaN	NaN	NaN	NaN	NaN	NaN	NaN	NaN	NaN	NaN	NaN	NaN	NaN	NaN	NaN	NaN	NaN	NaN	NaN	NaN	NaN	NaN	NaN	NaN	NaN	NaN	NaN	NaN	NaN	NaN	NaN	NaN	NaN	NaN	NaN	11.000	408.000	141.000	NaN	NaN	NaN	NaN	NaN	NaN	NaN	NaN	NaN
6	-15.000	NaN	NaN	NaN	NaN	NaN	NaN	NaN	NaN	NaN	NaN	NaN	NaN	NaN	NaN	NaN	NaN	NaN	NaN	NaN	NaN	NaN	NaN	NaN	NaN	NaN	NaN	NaN	NaN	NaN	NaN	NaN	NaN	NaN	NaN	NaN	NaN	NaN	NaN	NaN	NaN	NaN	NaN	NaN	NaN	NaN	NaN	NaN	NaN	NaN	NaN	NaN	NaN	NaN	NaN	NaN	NaN	NaN	NaN	NaN	NaN	NaN	NaN	NaN	NaN	NaN	NaN	NaN	NaN	NaN	NaN	NaN	12.000	403.000	137.000	NaN	NaN	NaN	NaN	NaN	NaN	NaN	NaN	NaN
7	-14.000	NaN	NaN	NaN	NaN	NaN	NaN	NaN	NaN	NaN	NaN	NaN	NaN	NaN	NaN	NaN	NaN	NaN	NaN	NaN	NaN	NaN	NaN	NaN	NaN	NaN	NaN	NaN	NaN	NaN	NaN	NaN	NaN	NaN	NaN	NaN	NaN	NaN	NaN	NaN	NaN	NaN	NaN	NaN	NaN	NaN	NaN	NaN	NaN	NaN	NaN	NaN	NaN	NaN	NaN	NaN	NaN	NaN	NaN	NaN	NaN	NaN	NaN	NaN	NaN	NaN	NaN	NaN	NaN	NaN	NaN	NaN	13.000	399.000	129.000	NaN	NaN	NaN	NaN	NaN	NaN	NaN	NaN	NaN
8	-13.000	NaN	NaN	NaN	NaN	NaN	NaN	NaN	NaN	NaN	NaN	NaN	NaN	NaN	NaN	NaN	NaN	NaN	NaN	NaN	NaN	NaN	NaN	NaN	NaN	NaN	NaN	NaN	NaN	NaN	NaN	NaN	NaN	NaN	NaN	NaN	NaN	NaN	NaN	NaN	NaN	NaN	NaN	NaN	NaN	NaN	NaN	NaN	NaN	NaN	NaN	NaN	NaN	NaN	NaN	NaN	NaN	NaN	NaN	NaN	NaN	NaN	NaN	NaN	NaN	NaN	NaN	NaN	NaN	NaN	NaN	NaN	14.000	403.000	132.000	NaN	NaN	NaN	NaN	NaN	NaN	NaN	NaN	NaN
9	-12.000	NaN	NaN	NaN	NaN	NaN	NaN	NaN	NaN	NaN	NaN	NaN	NaN	NaN	NaN	NaN	NaN	NaN	NaN	NaN	NaN	NaN	NaN	NaN	NaN	NaN	NaN	NaN	NaN	NaN	NaN	NaN	NaN	NaN	NaN	NaN	NaN	NaN	NaN	NaN	NaN	NaN	NaN	NaN	NaN	NaN	NaN	NaN	NaN	NaN	NaN	NaN	NaN	NaN	NaN	NaN	NaN	NaN	NaN	NaN	NaN	NaN	NaN	NaN	NaN	NaN	NaN	NaN	NaN	NaN	NaN	NaN	15.000	405.000	132.000	NaN	NaN	NaN	NaN	NaN	NaN	NaN	NaN	NaN
10	-11.000	NaN	NaN	NaN	NaN	NaN	NaN	NaN	NaN	NaN	NaN	NaN	NaN	NaN	NaN	NaN	NaN	NaN	NaN	NaN	NaN	NaN	NaN	NaN	NaN	NaN	NaN	NaN	NaN	NaN	NaN	NaN	NaN	NaN	NaN	NaN	NaN	NaN	NaN	NaN	NaN	NaN	NaN	NaN	NaN	NaN	NaN	NaN	NaN	NaN	NaN	NaN	NaN	NaN	NaN	NaN	NaN	NaN	NaN	NaN	NaN	NaN	NaN	NaN	NaN	NaN	NaN	NaN	NaN	NaN	NaN	NaN	16.000	402.000	127.000	NaN	NaN	NaN	NaN	NaN	NaN	NaN	NaN	NaN
11	-10.000	NaN	NaN	NaN	NaN	NaN	NaN	NaN	NaN	NaN	NaN	NaN	NaN	NaN	NaN	NaN	NaN	NaN	NaN	NaN	NaN	NaN	NaN	NaN	NaN	NaN	NaN	NaN	NaN	NaN	NaN	NaN	NaN	NaN	NaN	NaN	NaN	NaN	NaN	NaN	NaN	NaN	NaN	NaN	NaN	NaN	NaN	NaN	NaN	NaN	NaN	NaN	NaN	NaN	NaN	NaN	NaN	NaN	NaN	NaN	NaN	NaN	NaN	NaN	NaN	NaN	NaN	NaN	NaN	NaN	NaN	NaN	17.000	402.000	132.000	NaN	NaN	NaN	NaN	NaN	NaN	NaN	NaN	NaN
12	-9.000	NaN	NaN	NaN	NaN	NaN	NaN	NaN	NaN	NaN	NaN	NaN	NaN	NaN	NaN	NaN	NaN	NaN	NaN	NaN	NaN	NaN	NaN	NaN	NaN	NaN	NaN	NaN	NaN	NaN	NaN	NaN	NaN	NaN	NaN	NaN	NaN	NaN	NaN	NaN	NaN	NaN	NaN	NaN	NaN	NaN	NaN	NaN	NaN	NaN	NaN	NaN	NaN	NaN	NaN	NaN	NaN	NaN	NaN	NaN	NaN	NaN	NaN	NaN	NaN	NaN	NaN	NaN	NaN	NaN	NaN	NaN	18.000	402.000	128.000	NaN	NaN	NaN	NaN	NaN	NaN	NaN	NaN	NaN
13	-8.000	NaN	NaN	NaN	NaN	NaN	NaN	NaN	NaN	NaN	NaN	NaN	NaN	NaN	NaN	NaN	NaN	NaN	NaN	NaN	NaN	NaN	NaN	NaN	NaN	NaN	NaN	NaN	NaN	NaN	NaN	NaN	NaN	NaN	NaN	NaN	NaN	NaN	NaN	NaN	NaN	NaN	NaN	NaN	NaN	NaN	NaN	NaN	NaN	NaN	NaN	NaN	NaN	NaN	NaN	NaN	NaN	NaN	NaN	NaN	0.000	409.000	156.000	NaN	NaN	NaN	NaN	NaN	NaN	NaN	NaN	NaN	19.000	402.000	133.000	NaN	NaN	NaN	NaN	NaN	NaN	NaN	NaN	NaN
14	-7.000	NaN	NaN	NaN	NaN	NaN	NaN	NaN	NaN	NaN	NaN	NaN	NaN	NaN	NaN	NaN	NaN	NaN	NaN	NaN	NaN	NaN	NaN	NaN	NaN	NaN	NaN	NaN	NaN	NaN	NaN	NaN	NaN	NaN	NaN	NaN	NaN	NaN	NaN	NaN	NaN	NaN	NaN	NaN	NaN	NaN	NaN	NaN	NaN	NaN	NaN	NaN	NaN	NaN	NaN	NaN	NaN	NaN	NaN	NaN	1.000	412.000	156.000	NaN	NaN	NaN	NaN	NaN	NaN	NaN	NaN	NaN	20.000	401.000	132.000	NaN	NaN	NaN	NaN	NaN	NaN	NaN	NaN	NaN
15	-6.000	NaN	NaN	NaN	NaN	NaN	NaN	NaN	NaN	NaN	NaN	NaN	NaN	NaN	NaN	NaN	NaN	NaN	NaN	NaN	NaN	NaN	NaN	NaN	NaN	NaN	NaN	NaN	NaN	NaN	NaN	NaN	NaN	NaN	NaN	NaN	NaN	NaN	NaN	NaN	NaN	NaN	NaN	NaN	NaN	NaN	NaN	NaN	NaN	NaN	NaN	NaN	NaN	NaN	NaN	NaN	NaN	NaN	NaN	NaN	2.000	413.000	155.000	NaN	NaN	NaN	NaN	NaN	NaN	NaN	NaN	NaN	21.000	405.000	128.000	NaN	NaN	NaN	NaN	NaN	NaN	NaN	NaN	NaN
16	-5.000	NaN	NaN	NaN	NaN	NaN	NaN	NaN	NaN	NaN	NaN	NaN	NaN	NaN	NaN	NaN	NaN	NaN	NaN	NaN	NaN	NaN	NaN	NaN	NaN	NaN	NaN	NaN	NaN	NaN	NaN	NaN	NaN	NaN	NaN	NaN	NaN	NaN	NaN	NaN	NaN	NaN	NaN	NaN	NaN	NaN	NaN	NaN	NaN	NaN	NaN	NaN	NaN	NaN	NaN	NaN	NaN	NaN	NaN	NaN	3.000	407.000	156.000	NaN	NaN	NaN	NaN	NaN	NaN	NaN	NaN	NaN	22.000	410.000	132.000	NaN	NaN	NaN	NaN	NaN	NaN	NaN	NaN	NaN
17	-4.000	NaN	NaN	NaN	NaN	NaN	NaN	NaN	NaN	NaN	NaN	NaN	NaN	NaN	NaN	NaN	NaN	NaN	NaN	NaN	NaN	NaN	NaN	NaN	NaN	NaN	NaN	NaN	NaN	NaN	NaN	NaN	NaN	NaN	NaN	NaN	NaN	NaN	NaN	NaN	NaN	NaN	NaN	NaN	NaN	NaN	NaN	NaN	0.000	429.000	183.000	NaN	NaN	NaN	NaN	NaN	NaN	NaN	NaN	NaN	4.000	411.000	154.000	NaN	NaN	NaN	NaN	NaN	NaN	NaN	NaN	NaN	23.000	411.000	132.000	NaN	NaN	NaN	NaN	NaN	NaN	NaN	NaN	NaN
18	-3.000	NaN	NaN	NaN	NaN	NaN	NaN	NaN	NaN	NaN	NaN	NaN	NaN	NaN	NaN	NaN	NaN	NaN	NaN	NaN	NaN	NaN	NaN	NaN	NaN	NaN	NaN	NaN	NaN	NaN	NaN	NaN	NaN	NaN	NaN	NaN	NaN	NaN	NaN	NaN	NaN	NaN	NaN	NaN	NaN	NaN	NaN	NaN	1.000	429.000	183.000	NaN	NaN	NaN	NaN	NaN	NaN	NaN	NaN	NaN	5.000	409.000	156.000	NaN	NaN	NaN	NaN	NaN	NaN	NaN	NaN	NaN	24.000	406.000	131.000	NaN	NaN	NaN	NaN	NaN	NaN	NaN	NaN	NaN
19	-2.000	NaN	NaN	NaN	NaN	NaN	NaN	NaN	NaN	NaN	NaN	NaN	NaN	NaN	NaN	NaN	NaN	NaN	NaN	NaN	NaN	NaN	NaN	NaN	NaN	NaN	NaN	NaN	NaN	NaN	NaN	NaN	NaN	NaN	NaN	NaN	NaN	NaN	NaN	NaN	NaN	NaN	NaN	NaN	NaN	NaN	NaN	NaN	2.000	429.000	183.000	NaN	NaN	NaN	NaN	NaN	NaN	NaN	NaN	NaN	6.000	412.000	156.000	NaN	NaN	NaN	NaN	NaN	NaN	NaN	NaN	NaN	25.000	409.000	128.000	NaN	NaN	NaN	NaN	NaN	NaN	NaN	NaN	NaN
20	-1.000	NaN	NaN	NaN	NaN	NaN	NaN	NaN	NaN	NaN	NaN	NaN	NaN	NaN	NaN	NaN	NaN	NaN	NaN	NaN	NaN	NaN	NaN	NaN	NaN	NaN	NaN	NaN	NaN	NaN	NaN	NaN	NaN	NaN	NaN	NaN	NaN	NaN	NaN	NaN	NaN	NaN	NaN	NaN	NaN	NaN	NaN	NaN	3.000	428.000	183.000	NaN	NaN	NaN	NaN	NaN	NaN	NaN	NaN	NaN	7.000	406.000	149.000	NaN	NaN	NaN	NaN	NaN	NaN	NaN	NaN	NaN	26.000	411.000	129.000	NaN	NaN	NaN	NaN	NaN	NaN	NaN	NaN	NaN
21	0.000	23.725	2.145	28.340	2.990	5.565	4.692	0.313	1.741	NaN	NaN	NaN	0.000	19.435	6.175	17.420	8.775	3.228	3.289	0.726	2.345	NaN	NaN	NaN	0.000	26.845	6.630	32.695	10.335	4.576	6.925	4.996	22.866	NaN	NaN	NaN	0.000	23.270	10.205	25.610	20.215	2.816	10.280	10.229	28.806	NaN	NaN	NaN	4.000	28.145	12.220	28.015	12.155	7.474	0.145	-0.141	-1.056	-0.141	NaN	NaN	8.000	26.845	10.465	26.975	10.530	5.448	0.145	0.143	0.782	0.143	NaN	NaN	27.000	27.105	8.905	27.755	9.360	6.436	0.793	0.793	5.104	0.793	NaN	NaN
22	1.000	24.440	2.210	28.275	2.990	5.782	3.914	0.652	3.769	0.339	-0.064	0.714	1.000	19.435	6.110	17.160	7.995	3.285	2.954	1.168	3.836	0.441	-0.297	-0.041	1.000	26.975	6.630	32.890	10.530	4.717	7.085	4.981	23.495	-0.015	0.270	0.109	1.000	23.400	10.660	25.610	20.475	3.227	10.061	10.004	32.283	-0.226	0.254	0.472	5.000	27.170	11.765	30.420	14.365	8.417	4.162	4.151	34.941	4.292	3.259	-1.046	9.000	26.520	10.205	26.975	10.595	5.123	0.599	0.597	3.059	0.454	0.042	-0.416	28.000	27.170	8.970	27.950	10.530	6.168	1.744	1.438	8.873	0.645	1.134	0.087
23	2.000	24.245	2.210	28.340	3.055	5.654	4.181	0.569	3.215	-0.083	0.077	-0.191	2.000	18.525	6.890	17.225	7.995	3.890	1.706	1.097	4.267	-0.071	-0.050	1.199	2.000	26.910	6.565	33.150	10.790	4.653	7.536	5.216	24.273	0.235	0.361	-0.090	2.000	23.530	11.115	25.675	20.670	3.762	9.793	9.748	36.669	-0.255	0.205	0.472	6.000	27.040	11.700	30.485	14.560	8.322	4.477	4.468	37.184	0.317	0.175	-0.142	10.000	26.780	10.335	27.235	10.595	5.357	0.524	0.521	2.793	-0.076	0.226	0.290	29.000	27.235	8.775	27.430	8.840	6.250	0.206	0.203	1.272	-1.235	-1.028	1.108E-15
24	3.000	24.635	2.275	28.405	3.055	5.625	3.850	0.717	4.031	0.148	0.064	0.395	3.000	18.785	6.630	17.225	7.995	3.800	2.073	1.217	4.626	0.120	NaN	-0.367	3.000	26.975	6.630	33.410	10.985	4.564	7.770	5.517	25.181	0.301	0.325	0.090	3.000	23.725	11.440	25.675	20.995	4.153	9.752	9.703	40.294	-0.046	0.318	0.357	7.000	24.830	9.750	31.070	15.080	5.702	8.206	8.156	46.509	3.688	0.783	-2.947	11.000	26.585	10.140	27.495	10.725	6.643	1.082	1.079	7.170	0.558	0.289	-0.269	30.000	415.000	131.000	NaN	NaN	NaN	NaN	NaN	NaN	NaN	NaN	NaN
25	4.000	24.700	2.340	28.405	3.055	5.557	3.773	0.864	4.804	0.148	NaN	0.076	4.000	18.460	6.955	17.030	8.060	3.991	1.807	1.295	5.167	0.077	0.194	0.456	4.000	26.975	6.630	33.605	11.115	4.616	8.005	5.777	26.668	0.259	0.234	NaN	4.000	23.725	11.505	25.675	21.320	4.296	10.007	9.945	42.727	0.242	0.319	0.064	8.000	29.965	14.235	31.265	15.145	10.258	1.587	1.573	16.131	-6.584	0.197	6.779	12.000	26.520	10.140	27.690	10.855	6.916	1.371	1.365	9.439	0.285	0.234	-0.055	31.000	27.170	8.775	27.755	9.490	6.111	0.924	0.860	5.256	0.860	NaN	NaN
26	5.000	24.635	2.340	28.340	3.055	5.194	3.773	2.087	10.837	1.222	-0.064	-0.064	5.000	18.720	6.695	16.965	8.190	2.366	2.305	2.098	4.964	0.803	0.134	-0.367	5.000	27.040	6.695	33.865	11.310	6.080	8.239	7.279	44.257	1.502	0.325	0.090	5.000	23.660	11.570	25.870	21.580	6.134	10.251	9.976	61.195	0.031	0.296	0.049	9.000	29.900	14.170	31.135	15.080	10.258	1.534	1.525	15.641	-0.048	-0.143	-0.091	13.000	396.000	148.000	NaN	NaN	NaN	NaN	NaN	NaN	NaN	NaN	NaN	32.000	27.170	9.035	27.625	9.360	6.257	0.559	0.558	3.494	-0.302	-0.181	0.151
27	6.000	25.935	2.470	28.340	2.990	6.060	2.461	1.659	10.056	-0.427	-0.014	1.298	6.000	18.785	6.630	16.835	8.190	2.304	2.497	2.311	5.324	0.213	0.102	-0.091	6.000	26.910	6.630	34.060	11.505	5.951	8.654	7.640	45.461	0.360	0.271	-0.144	6.000	23.595	11.245	26.000	21.905	5.872	10.928	10.623	62.378	0.647	0.346	-0.331	10.000	29.900	14.170	31.135	15.015	10.210	1.496	1.480	15.109	-0.045	-0.037	NaN	14.000	26.715	9.880	27.365	10.595	7.189	0.966	0.950	6.832	0.950	NaN	NaN	33.000	27.560	9.360	27.820	9.360	6.833	0.260	0.215	1.470	-0.343	0.195	0.390
28	7.000	25.155	2.405	28.340	3.055	5.291	3.251	2.152	11.386	0.493	0.013	-0.777	7.000	18.785	6.630	16.770	8.255	2.384	2.589	2.522	6.012	0.211	0.091	NaN	7.000	27.105	6.630	34.320	11.635	6.262	8.781	7.946	49.758	0.306	0.288	0.160	7.000	23.595	11.050	26.000	22.100	6.076	11.309	10.985	66.742	0.362	0.191	-0.191	11.000	27.495	12.025	31.005	15.145	8.553	4.696	4.695	40.154	3.215	-0.011	-3.223	15.000	26.325	9.165	27.300	10.530	6.472	1.677	1.567	10.140	0.616	-0.091	-0.809	34.000	27.300	8.905	27.625	9.295	6.566	0.508	0.481	3.160	0.266	-0.175	-0.516
29	8.000	24.960	2.405	28.340	3.055	5.495	3.442	0.983	5.400	-1.169	NaN	-0.191	8.000	18.785	6.695	16.640	8.190	3.687	2.615	1.881	6.933	-0.641	0.069	0.037	8.000	26.910	6.500	34.580	11.830	4.552	9.340	6.643	30.243	-1.303	0.325	-0.234	8.000	23.595	10.985	26.065	22.165	3.885	11.450	11.405	44.312	0.420	0.077	-0.063	12.000	27.105	11.700	31.070	15.015	8.370	5.168	5.160	43.188	0.466	-0.034	-0.508	16.000	25.805	9.035	27.235	10.400	5.643	1.977	1.941	10.955	0.375	-0.137	-0.466	35.000	27.170	8.840	27.625	9.230	6.328	0.599	0.595	3.764	0.114	-0.042	-0.141
30	9.000	24.765	2.405	28.340	2.990	5.378	3.623	1.076	5.784	0.093	-0.010	-0.192	9.000	18.785	6.630	16.510	8.190	3.623	2.758	1.993	7.221	0.113	0.107	-0.037	9.000	26.910	6.500	34.840	11.960	4.606	9.628	6.986	32.178	0.343	0.288	NaN	9.000	23.465	10.530	26.065	22.295	3.494	12.049	11.983	41.874	0.579	0.127	-0.472	13.000	27.300	11.830	31.070	14.950	8.461	4.894	4.884	41.329	-0.276	-0.041	0.233	17.000	26.260	9.230	26.780	9.945	6.243	0.884	0.816	5.095	-1.125	-0.636	0.425	36.000	27.300	8.905	27.560	9.360	6.526	0.524	0.467	3.046	-0.128	0.081	0.121
31	10.000	25.545	2.470	28.275	3.055	5.679	2.792	1.011	5.742	-0.064	-0.050	0.776	10.000	18.850	6.565	16.705	8.125	3.634	2.652	1.831	6.654	-0.162	-0.196	-0.091	10.000	27.235	6.630	35.100	11.960	4.845	9.501	7.164	34.713	0.178	0.215	0.342	10.000	23.530	10.985	26.065	22.425	3.929	11.718	11.691	45.930	-0.292	0.127	0.458	14.000	25.220	9.945	30.875	14.885	6.114	7.509	7.478	45.727	2.594	-0.190	-2.807	18.000	25.870	8.840	26.715	9.555	5.596	1.107	1.092	6.109	0.276	-0.302	-0.550	37.000	27.170	8.905	27.560	9.360	6.508	0.599	0.578	3.760	0.111	NaN	-0.085
32	11.000	25.285	2.405	28.145	2.990	5.518	2.919	1.689	9.320	0.678	-0.140	-0.268	11.000	18.915	6.565	16.770	8.060	2.372	2.615	2.362	5.602	0.530	-0.090	-0.053	11.000	27.170	6.630	35.295	11.895	5.932	9.682	8.505	50.455	1.341	0.128	-0.055	11.000	23.530	11.375	26.130	22.620	5.676	11.542	11.344	64.389	-0.347	0.205	0.380	15.000	26.195	10.855	30.875	14.885	7.446	6.176	6.159	45.858	-1.320	NaN	1.333	19.000	26.260	8.905	26.650	8.580	4.972	0.508	0.212	1.052	-0.880	0.574	0.258	38.000	27.300	8.905	27.495	9.230	6.616	0.379	0.342	2.260	-0.236	-0.145	0.067
33	12.000	25.870	2.470	28.210	2.990	6.007	2.397	1.595	9.582	-0.094	0.063	0.585	12.000	18.980	6.500	16.835	7.995	2.081	2.615	2.451	5.100	0.089	-0.090	-0.090	12.000	26.910	6.435	35.425	11.830	5.932	10.080	8.904	52.821	0.399	0.075	-0.324	12.000	23.465	10.855	26.195	22.750	5.465	12.204	11.845	64.731	0.500	0.141	-0.521	16.000	27.040	11.635	30.550	14.820	8.230	4.740	4.739	39.001	-1.420	-0.284	1.150	20.000	26.195	8.190	26.715	8.775	5.590	0.783	0.709	3.963	0.497	0.189	-0.578	39.000	27.040	8.840	27.560	9.100	6.346	0.581	0.578	3.667	0.236	-1.572E-15	-0.262
34	13.000	25.285	2.405	28.210	2.990	5.528	2.983	1.816	10.039	0.221	NaN	-0.586	13.000	19.305	6.240	16.835	7.930	1.830	2.993	2.636	4.825	0.185	-0.037	-0.415	13.000	26.975	6.435	35.490	11.830	5.863	10.080	8.855	51.917	-0.049	0.055	0.055	13.000	23.530	11.180	26.195	23.010	5.670	12.126	11.844	67.156	-0.001	0.254	0.331	17.000	27.040	11.635	30.615	14.820	8.325	4.788	4.787	39.854	0.048	0.049	NaN	21.000	26.455	8.320	26.910	8.775	6.221	0.643	0.609	3.786	-0.100	0.138	0.276	40.000	27.105	8.710	27.495	8.905	6.477	0.436	0.434	2.814	-0.143	-0.145	1.623E-15
35	14.000	25.220	2.405	28.210	2.990	5.252	3.047	2.058	10.808	0.242	NaN	-0.064	14.000	19.240	6.370	16.900	7.930	1.948	2.812	2.785	5.425	0.149	-0.054	0.126	14.000	26.975	6.565	35.490	11.895	6.070	10.046	9.302	56.463	0.447	0.034	0.069	14.000	23.465	10.920	26.260	23.335	5.934	12.726	12.452	73.883	0.608	0.331	-0.268	18.000	27.105	11.700	30.485	14.820	8.322	4.600	4.600	38.279	-0.188	-0.096	0.092	22.000	26.780	8.580	26.975	8.580	5.516	0.195	0.182	1.001	-0.427	0.065	0.325	41.000	27.040	8.645	27.495	9.230	6.168	0.741	0.682	4.204	0.247	0.257	-0.091
36	15.000	24.830	2.405	28.210	2.990	5.035	3.430	2.248	11.319	0.190	NaN	-0.384	15.000	19.110	6.435	16.770	7.995	2.007	2.812	2.779	5.577	-0.006	0.144	0.144	15.000	26.780	6.370	35.360	11.895	5.902	10.205	9.235	54.503	-0.067	-0.109	-0.270	15.000	23.465	10.855	26.195	23.400	5.843	12.839	12.487	72.970	0.036	0.050	-0.064	19.000	28.730	13.260	30.680	15.080	9.520	2.667	2.667	25.392	-1.932	0.320	2.252	23.000	26.845	8.645	26.975	8.710	5.770	0.145	0.145	0.837	-0.037	0.058	0.087	42.000	27.105	8.775	27.300	9.035	6.436	0.325	0.305	1.965	-0.376	-0.273	0.143
37	16.000	26.585	2.600	28.145	2.990	6.477	1.608	1.127	7.301	-1.121	-0.063	1.750	16.000	19.435	6.175	16.900	7.930	1.637	3.083	2.726	4.462	-0.053	-0.144	-0.415	16.000	26.715	6.370	35.555	11.895	5.668	10.425	9.199	52.145	-0.036	0.165	-0.055	16.000	23.400	10.725	26.195	23.465	5.291	13.043	12.662	66.992	0.175	0.063	-0.141	20.000	27.105	11.700	30.615	15.015	8.322	4.828	4.828	40.180	2.161	-0.092	-2.253	24.000	26.520	8.580	27.040	8.645	5.774	0.524	0.479	2.763	0.334	0.056	-0.331	43.000	27.430	8.775	27.495	8.905	6.601	0.145	0.124	0.820	-0.181	-0.029	0.145
38	17.000	25.935	2.470	28.080	2.990	6.113	2.207	1.458	8.911	0.330	-0.063	-0.662	17.000	19.435	6.305	17.160	7.995	1.530	2.834	2.582	3.950	-0.144	-0.170	0.078	17.000	26.780	6.500	35.750	11.960	5.873	10.501	9.418	55.314	0.219	0.200	0.123	17.000	23.400	10.465	26.065	23.335	5.120	13.143	12.559	64.305	-0.103	-0.154	-0.255	21.000	26.390	10.920	30.420	14.820	7.677	5.608	5.608	43.053	0.780	-0.276	-1.056	NaN	NaN	NaN	NaN	NaN	NaN	NaN	NaN	NaN	NaN	NaN	NaN	NaN	NaN	NaN	NaN	NaN	NaN	NaN	NaN	NaN	NaN	NaN	NaN
39	18.000	26.390	2.535	28.080	2.990	6.346	1.750	1.172	7.440	-0.285	NaN	0.456	18.000	19.500	6.175	17.225	7.865	1.572	2.834	2.467	3.879	-0.115	-0.130	-0.130	18.000	27.105	6.695	35.880	12.090	6.087	10.301	9.348	56.902	-0.070	0.179	0.379	18.000	23.465	10.790	26.000	23.335	5.378	12.799	12.354	66.438	-0.205	-0.013	0.331	22.000	28.340	12.805	30.355	14.690	9.152	2.759	2.759	25.253	-2.849	-0.136	2.712	NaN	NaN	NaN	NaN	NaN	NaN	NaN	NaN	NaN	NaN	NaN	NaN	NaN	NaN	NaN	NaN	NaN	NaN	NaN	NaN	NaN	NaN	NaN	NaN
40	19.000	26.520	2.600	28.080	2.990	6.310	1.608	0.916	5.780	-0.256	NaN	0.142	19.000	19.695	6.045	17.420	7.735	2.199	2.834	1.602	3.524	-0.865	-0.234	-0.234	19.000	27.040	6.630	36.075	12.090	5.267	10.557	8.897	46.859	-0.450	0.167	-0.089	19.000	23.400	10.530	25.740	23.855	4.105	13.529	13.163	54.038	0.809	0.467	-0.267	23.000	28.015	12.545	30.095	14.430	8.921	2.807	2.807	25.037	0.047	-0.367	-0.415	NaN	NaN	NaN	NaN	NaN	NaN	NaN	NaN	NaN	NaN	NaN	NaN	NaN	NaN	NaN	NaN	NaN	NaN	NaN	NaN	NaN	NaN	NaN	NaN
41	20.000	26.650	2.665	28.145	2.925	6.499	1.517	1.153	7.495	0.237	0.053	0.139	20.000	19.695	5.980	17.550	7.605	1.365	2.691	2.145	2.928	0.543	-0.182	-0.039	20.000	26.650	6.500	36.205	12.285	5.614	11.170	10.050	56.421	1.152	0.212	-0.401	20.000	23.400	10.725	25.805	23.595	5.291	13.093	12.606	66.696	-0.556	-0.244	0.192	24.000	26.325	10.920	29.900	14.170	7.136	4.831	4.805	34.286	1.998	-0.319	-2.344	NaN	NaN	NaN	NaN	NaN	NaN	NaN	NaN	NaN	NaN	NaN	NaN	NaN	NaN	NaN	NaN	NaN	NaN	NaN	NaN	NaN	NaN	NaN	NaN
42	21.000	26.715	2.665	28.080	2.990	6.540	1.403	1.076	7.035	-0.078	-0.048	0.063	21.000	19.565	6.045	17.680	7.540	1.377	2.406	2.273	3.131	0.128	-0.142	0.142	21.000	26.910	6.565	36.465	12.415	6.123	11.204	10.365	63.464	0.315	0.290	0.256	21.000	23.400	10.725	25.675	23.205	5.727	12.686	12.198	69.852	-0.409	-0.407	NaN	25.000	26.130	10.725	29.770	13.975	6.953	4.880	4.847	33.699	0.042	-0.227	-0.275	NaN	NaN	NaN	NaN	NaN	NaN	NaN	NaN	NaN	NaN	NaN	NaN	NaN	NaN	NaN	NaN	NaN	NaN	NaN	NaN	NaN	NaN	NaN	NaN
43	22.000	26.780	2.730	27.885	2.990	6.409	1.135	0.730	4.677	-0.346	-0.190	0.078	22.000	19.890	5.850	17.810	7.475	1.895	2.640	1.313	2.489	-0.960	-0.142	-0.376	22.000	27.235	6.760	36.725	12.545	5.593	11.114	9.686	54.177	-0.679	0.290	0.379	22.000	23.335	10.205	25.740	22.815	4.013	12.837	12.450	49.965	0.252	-0.371	-0.523	26.000	27.430	11.895	29.705	13.910	8.181	3.039	3.033	24.818	-1.813	-0.092	1.749	NaN	NaN	NaN	NaN	NaN	NaN	NaN	NaN	NaN	NaN	NaN	NaN	NaN	NaN	NaN	NaN	NaN	NaN	NaN	NaN	NaN	NaN	NaN	NaN
44	23.000	26.715	2.730	27.885	2.990	6.385	1.199	0.802	5.121	0.072	NaN	-0.063	23.000	19.695	5.980	17.940	7.345	1.876	2.223	1.372	2.573	0.058	-0.182	0.234	23.000	27.365	6.825	36.920	12.610	5.863	11.170	9.919	58.153	0.233	0.200	0.145	23.000	23.270	10.010	25.675	22.360	3.983	12.582	12.146	48.372	-0.304	-0.459	-0.204	27.000	25.870	10.465	29.705	13.845	6.558	5.112	5.046	33.090	2.012	-0.043	-2.116	NaN	NaN	NaN	NaN	NaN	NaN	NaN	NaN	NaN	NaN	NaN	NaN	NaN	NaN	NaN	NaN	NaN	NaN	NaN	NaN	NaN	NaN	NaN	NaN
45	24.000	26.845	2.730	27.950	2.925	5.992	1.122	0.878	5.260	0.076	0.053	0.128	24.000	19.630	5.915	18.005	7.345	1.977	2.165	1.838	3.634	0.466	-0.049	0.006	24.000	27.950	7.280	37.050	12.740	6.590	10.612	10.196	67.194	0.277	0.178	0.736	24.000	23.465	10.595	25.740	21.970	5.348	11.600	11.447	61.220	-0.699	-0.370	0.612	28.000	27.235	11.700	29.705	13.910	7.908	3.314	3.304	26.127	-1.742	0.043	1.841	NaN	NaN	NaN	NaN	NaN	NaN	NaN	NaN	NaN	NaN	NaN	NaN	NaN	NaN	NaN	NaN	NaN	NaN	NaN	NaN	NaN	NaN	NaN	NaN
46	25.000	26.975	2.730	27.950	2.990	6.134	1.009	0.749	4.597	-0.128	0.017	0.126	25.000	19.630	5.915	18.135	7.280	1.925	2.024	1.741	3.350	-0.097	-0.140	NaN	25.000	28.080	7.410	37.180	12.870	6.830	10.612	10.253	70.034	0.058	0.178	0.178	25.000	23.400	10.335	25.740	21.775	5.166	11.677	11.505	59.437	0.058	-0.191	-0.268	29.000	27.170	11.700	29.770	13.910	7.953	3.412	3.396	27.006	0.092	0.050	-0.050	NaN	NaN	NaN	NaN	NaN	NaN	NaN	NaN	NaN	NaN	NaN	NaN	NaN	NaN	NaN	NaN	NaN	NaN	NaN	NaN	NaN	NaN	NaN	NaN
47	26.000	26.585	2.665	27.950	2.990	6.023	1.403	0.934	5.623	0.184	NaN	-0.394	26.000	19.825	5.720	18.200	7.280	1.861	2.253	1.262	2.349	-0.478	-0.047	-0.276	26.000	28.210	7.475	37.375	13.065	6.705	10.735	10.111	67.799	-0.142	0.268	0.145	26.000	23.335	9.945	25.675	21.580	4.191	11.868	11.591	48.575	0.086	-0.204	-0.395	30.000	26.910	11.505	29.900	13.910	7.547	3.837	3.790	28.603	0.394	0.101	-0.325	NaN	NaN	NaN	NaN	NaN	NaN	NaN	NaN	NaN	NaN	NaN	NaN	NaN	NaN	NaN	NaN	NaN	NaN	NaN	NaN	NaN	NaN	NaN	NaN
48	27.000	26.585	2.665	27.950	2.990	5.587	1.403	1.032	5.767	0.098	NaN	NaN	27.000	19.630	5.915	18.200	7.280	2.144	1.977	1.718	3.684	0.456	NaN	0.276	27.000	28.275	7.605	37.765	13.390	6.927	11.114	10.840	75.087	0.729	0.502	0.123	27.000	23.400	10.530	25.610	21.385	5.406	11.078	11.002	59.475	-0.589	-0.204	0.586	31.000	26.650	11.245	30.030	13.975	7.277	4.345	4.283	31.164	0.493	0.142	-0.366	NaN	NaN	NaN	NaN	NaN	NaN	NaN	NaN	NaN	NaN	NaN	NaN	NaN	NaN	NaN	NaN	NaN	NaN	NaN	NaN	NaN	NaN	NaN	NaN
49	28.000	26.585	2.665	27.820	2.925	5.842	1.262	0.869	5.078	-0.163	-0.141	NaN	28.000	19.630	5.980	18.200	7.280	2.145	1.933	1.430	3.067	-0.288	NaN	0.044	28.000	28.340	7.605	38.220	13.650	6.763	11.583	11.043	74.685	0.203	0.524	0.055	28.000	23.465	10.790	25.545	21.125	5.098	10.542	10.440	53.227	-0.562	-0.268	0.268	32.000	26.455	11.050	30.225	13.845	7.058	4.693	4.567	32.233	0.284	0.079	-0.273	NaN	NaN	NaN	NaN	NaN	NaN	NaN	NaN	NaN	NaN	NaN	NaN	NaN	NaN	NaN	NaN	NaN	NaN	NaN	NaN	NaN	NaN	NaN	NaN
50	29.000	26.455	2.600	27.820	2.990	5.879	1.420	0.893	5.247	0.023	0.018	-0.143	29.000	19.955	5.720	18.265	7.280	1.710	2.300	1.433	2.451	0.003	-0.048	-0.415	29.000	28.275	7.540	38.610	13.780	6.811	12.073	11.489	78.255	0.446	0.401	-0.089	29.000	23.400	10.790	25.545	20.995	5.120	10.428	10.322	52.851	-0.118	-0.127	-0.013	33.000	26.130	10.790	30.225	13.845	6.751	5.109	4.946	33.386	0.378	NaN	-0.416	NaN	NaN	NaN	NaN	NaN	NaN	NaN	NaN	NaN	NaN	NaN	NaN	NaN	NaN	NaN	NaN	NaN	NaN	NaN	NaN	NaN	NaN	NaN	NaN
51	30.000	26.455	2.600	27.755	2.925	5.682	1.340	0.866	4.922	-0.026	-0.079	NaN	30.000	19.890	5.720	18.265	7.280	1.960	2.253	1.462	2.865	0.029	NaN	0.047	30.000	28.405	7.605	39.130	14.040	6.779	12.507	11.991	81.285	0.501	0.580	0.145	30.000	23.270	10.075	25.545	20.800	4.399	10.964	10.882	47.869	0.560	-0.191	-0.726	34.000	25.935	10.595	30.290	13.975	6.650	5.513	5.377	35.756	0.431	0.131	-0.274	NaN	NaN	NaN	NaN	NaN	NaN	NaN	NaN	NaN	NaN	NaN	NaN	NaN	NaN	NaN	NaN	NaN	NaN	NaN	NaN	NaN	NaN	NaN	NaN
52	31.000	26.455	2.600	27.820	2.925	5.607	1.403	0.939	5.264	0.073	0.063	NaN	31.000	19.760	5.850	18.265	7.215	2.081	2.024	1.537	3.198	0.075	-0.044	0.184	31.000	28.470	7.670	39.455	14.235	6.893	12.797	12.362	85.206	0.371	0.379	0.089	31.000	23.140	10.010	25.610	20.670	4.420	10.942	10.915	48.250	0.033	-0.112	-0.093	35.000	25.740	10.335	30.225	14.170	6.305	5.901	5.772	36.394	0.395	0.077	-0.317	NaN	NaN	NaN	NaN	NaN	NaN	NaN	NaN	NaN	NaN	NaN	NaN	NaN	NaN	NaN	NaN	NaN	NaN	NaN	NaN	NaN	NaN	NaN	NaN
53	32.000	26.455	2.600	27.755	2.925	5.480	1.340	0.898	4.922	-0.041	-0.063	NaN	32.000	19.760	5.850	18.265	7.280	2.154	2.069	1.618	3.486	0.081	0.045	NaN	32.000	28.405	7.605	39.845	14.365	6.786	13.288	12.900	87.542	0.538	0.402	-0.089	32.000	23.075	10.010	25.545	20.540	4.509	10.816	10.810	48.748	-0.105	-0.141	-0.015	36.000	25.935	10.400	30.290	14.300	6.517	5.846	5.770	37.607	-0.002	0.135	0.189	NaN	NaN	NaN	NaN	NaN	NaN	NaN	NaN	NaN	NaN	NaN	NaN	NaN	NaN	NaN	NaN	NaN	NaN	NaN	NaN	NaN	NaN	NaN	NaN
54	33.000	26.455	2.600	27.625	2.925	5.409	1.214	0.808	4.373	-0.090	-0.125	NaN	33.000	19.760	5.850	18.265	7.215	2.169	2.024	1.683	3.650	0.064	-0.044	NaN	33.000	28.535	7.670	40.235	14.690	6.968	13.644	13.293	92.629	0.393	0.502	0.145	33.000	23.075	10.140	25.545	20.410	4.761	10.563	10.562	50.286	-0.248	-0.126	0.126	37.000	25.675	10.270	30.420	14.495	6.345	6.353	6.249	39.652	0.479	0.227	-0.281	NaN	NaN	NaN	NaN	NaN	NaN	NaN	NaN	NaN	NaN	NaN	NaN	NaN	NaN	NaN	NaN	NaN	NaN	NaN	NaN	NaN	NaN	NaN	NaN
55	34.000	26.195	2.535	27.690	2.925	5.355	1.545	1.039	5.564	0.231	0.063	-0.268	34.000	19.760	5.850	18.265	7.280	1.989	2.069	1.746	3.473	0.064	0.045	NaN	34.000	28.340	7.605	40.560	14.820	6.968	14.191	13.848	96.495	0.555	0.346	-0.201	34.000	23.010	10.335	25.545	20.215	5.045	10.200	10.200	51.461	-0.362	-0.189	0.173	38.000	25.740	10.270	30.485	14.625	6.385	6.441	6.360	40.611	0.111	0.136	0.048	NaN	NaN	NaN	NaN	NaN	NaN	NaN	NaN	NaN	NaN	NaN	NaN	NaN	NaN	NaN	NaN	NaN	NaN	NaN	NaN	NaN	NaN	NaN	NaN
56	35.000	26.520	2.665	27.625	2.990	5.329	1.152	0.794	4.233	-0.245	-0.044	0.348	35.000	19.825	5.850	18.265	7.215	2.144	2.073	1.844	3.955	0.098	-0.043	-0.049	35.000	28.340	7.540	40.755	14.885	6.804	14.425	14.128	96.123	0.280	0.201	-0.033	35.000	22.945	10.335	25.610	19.955	5.112	9.982	9.961	50.920	-0.239	-0.233	-0.017	39.000	26.130	10.530	30.485	14.625	6.775	5.978	5.945	40.277	-0.415	NaN	0.462	NaN	NaN	NaN	NaN	NaN	NaN	NaN	NaN	NaN	NaN	NaN	NaN	NaN	NaN	NaN	NaN	NaN	NaN	NaN	NaN	NaN	NaN	NaN	NaN
57	36.000	26.195	2.535	27.690	2.925	5.175	1.545	1.048	5.421	0.253	0.046	-0.347	36.000	19.760	5.850	18.265	7.280	2.144	2.069	1.797	3.853	-0.047	0.045	0.047	36.000	28.275	7.475	40.885	14.885	6.783	14.626	14.306	97.040	0.179	0.112	-0.089	36.000	22.945	10.140	25.545	19.825	4.935	10.028	10.021	49.458	0.060	-0.142	-0.188	40.000	25.805	10.335	30.615	14.820	6.550	6.577	6.530	42.770	0.585	0.228	-0.371	NaN	NaN	NaN	NaN	NaN	NaN	NaN	NaN	NaN	NaN	NaN	NaN	NaN	NaN	NaN	NaN	NaN	NaN	NaN	NaN	NaN	NaN	NaN	NaN
58	37.000	26.065	2.535	27.690	2.925	5.085	1.671	1.162	5.907	0.114	NaN	-0.126	37.000	19.695	5.850	18.265	7.215	2.161	1.977	1.746	3.773	-0.051	-0.045	0.047	37.000	28.145	7.410	41.080	15.015	6.721	15.005	14.686	98.709	0.379	0.234	-0.145	37.000	23.010	10.270	25.545	19.825	5.155	9.886	9.884	50.954	-0.137	NaN	0.142	41.000	26.325	11.050	30.615	14.820	7.142	5.711	5.659	40.416	-0.871	NaN	0.863	NaN	NaN	NaN	NaN	NaN	NaN	NaN	NaN	NaN	NaN	NaN	NaN	NaN	NaN	NaN	NaN	NaN	NaN	NaN	NaN	NaN	NaN	NaN	NaN
59	38.000	24.960	2.405	27.495	2.860	4.281	2.576	1.582	6.773	0.421	-0.203	-1.111	38.000	19.760	5.785	18.330	7.345	2.081	2.116	1.774	3.693	0.028	0.052	-0.092	38.000	28.145	7.410	41.080	15.015	6.721	15.005	14.686	98.709	NaN	NaN	NaN	38.000	23.010	10.270	25.610	19.760	5.155	9.840	9.837	50.708	-0.048	-0.046	NaN	42.000	25.675	10.205	30.810	14.950	6.334	6.992	6.915	43.801	1.256	0.231	-1.051	NaN	NaN	NaN	NaN	NaN	NaN	NaN	NaN	NaN	NaN	NaN	NaN	NaN	NaN	NaN	NaN	NaN	NaN	NaN	NaN	NaN	NaN	NaN	NaN
60	39.000	25.025	2.405	27.495	2.925	4.464	2.524	1.486	6.633	-0.096	0.013	0.064	39.000	19.760	5.785	18.265	7.345	1.989	2.161	1.772	3.524	-0.003	0.045	NaN	39.000	28.145	7.410	41.080	14.950	6.743	14.972	14.597	98.430	-0.089	-0.033	NaN	39.000	23.010	10.205	25.610	19.760	4.983	9.902	9.902	49.340	0.066	NaN	-0.063	43.000	25.610	10.205	31.070	15.015	6.214	7.277	7.136	44.346	0.221	0.238	-0.049	NaN	NaN	NaN	NaN	NaN	NaN	NaN	NaN	NaN	NaN	NaN	NaN	NaN	NaN	NaN	NaN	NaN	NaN	NaN	NaN	NaN	NaN	NaN	NaN
61	40.000	24.700	2.340	27.430	2.860	4.321	2.779	1.611	6.963	0.125	-0.076	-0.331	40.000	19.695	5.850	18.265	7.215	1.955	1.977	1.742	3.405	-0.030	-0.090	0.092	40.000	27.885	7.280	41.015	14.950	6.600	15.206	14.810	97.741	0.213	-0.056	-0.290	40.000	22.945	10.140	25.545	19.825	5.000	10.028	10.027	50.134	0.124	0.046	-0.080	44.000	25.480	10.075	31.135	15.080	6.084	7.552	7.394	44.984	0.258	0.092	-0.184	NaN	NaN	NaN	NaN	NaN	NaN	NaN	NaN	NaN	NaN	NaN	NaN	NaN	NaN	NaN	NaN	NaN	NaN	NaN	NaN	NaN	NaN	NaN	NaN
62	41.000	24.635	2.275	27.495	2.860	4.513	2.919	1.457	6.574	-0.154	0.064	-0.077	41.000	19.890	5.655	18.330	7.280	1.755	2.253	1.560	2.738	-0.182	0.002	-0.276	41.000	27.885	7.280	41.275	15.015	6.448	15.464	14.907	96.123	0.097	0.258	NaN	41.000	23.010	10.075	25.545	19.825	4.626	10.074	10.064	46.555	0.037	NaN	-0.047	45.000	25.155	9.815	31.070	15.015	5.682	7.876	7.674	43.606	0.280	-0.092	-0.416	NaN	NaN	NaN	NaN	NaN	NaN	NaN	NaN	NaN	NaN	NaN	NaN	NaN	NaN	NaN	NaN	NaN	NaN	NaN	NaN	NaN	NaN	NaN	NaN
63	42.000	24.700	2.340	27.495	2.860	4.183	2.843	1.634	6.836	0.178	NaN	0.076	42.000	19.890	5.590	18.265	7.215	1.849	2.298	1.885	3.486	0.325	1.289E-15	-0.046	42.000	28.145	7.345	41.470	15.080	6.763	15.407	15.058	101.835	0.151	0.201	0.257	42.000	23.010	10.270	25.545	19.825	5.171	9.886	9.885	51.118	-0.178	NaN	0.188	46.000	25.805	10.400	31.070	15.145	6.436	7.088	6.981	44.933	-0.693	0.087	0.874	NaN	NaN	NaN	NaN	NaN	NaN	NaN	NaN	NaN	NaN	NaN	NaN	NaN	NaN	NaN	NaN	NaN	NaN	NaN	NaN	NaN	NaN	NaN	NaN
64	43.000	25.025	2.405	27.495	2.860	4.281	2.512	1.534	6.566	-0.101	NaN	0.331	43.000	19.890	5.655	18.265	7.215	1.989	2.253	1.899	3.777	0.014	NaN	0.045	43.000	28.275	7.475	41.535	15.600	6.804	15.551	15.180	103.284	0.122	0.327	0.179	43.000	23.010	10.270	25.545	19.760	5.140	9.823	9.818	50.463	-0.068	-0.063	NaN	47.000	25.870	10.530	31.135	15.275	6.488	7.088	6.973	45.241	-0.008	0.135	0.135	NaN	NaN	NaN	NaN	NaN	NaN	NaN	NaN	NaN	NaN	NaN	NaN	NaN	NaN	NaN	NaN	NaN	NaN	NaN	NaN	NaN	NaN	NaN	NaN
65	44.000	24.765	2.340	27.430	2.860	4.091	2.715	1.542	6.308	0.008	-0.064	-0.268	44.000	19.955	5.590	18.265	7.280	1.925	2.390	1.997	3.845	0.098	0.046	-0.092	44.000	28.535	7.605	41.730	15.665	7.114	15.462	15.143	107.725	-0.037	0.200	0.290	44.000	23.010	10.140	25.610	19.760	5.077	9.965	9.960	50.565	0.142	0.017	-0.125	48.000	25.610	10.270	31.265	15.340	6.294	7.595	7.483	47.100	0.510	0.140	-0.367	NaN	NaN	NaN	NaN	NaN	NaN	NaN	NaN	NaN	NaN	NaN	NaN	NaN	NaN	NaN	NaN	NaN	NaN	NaN	NaN	NaN	NaN	NaN	NaN
66	45.000	24.765	2.340	27.430	2.860	4.091	2.715	1.542	6.308	NaN	NaN	NaN	45.000	19.825	5.785	18.265	7.215	2.098	2.116	1.897	3.980	-0.101	-0.044	0.228	45.000	28.405	7.540	41.795	15.730	6.970	15.696	15.363	107.070	0.220	0.089	-0.145	45.000	23.010	10.270	25.545	19.760	5.203	9.823	9.817	51.080	-0.143	-0.017	0.126	49.000	25.675	10.270	31.330	15.470	6.227	7.682	7.544	46.978	0.061	0.136	0.048	NaN	NaN	NaN	NaN	NaN	NaN	NaN	NaN	NaN	NaN	NaN	NaN	NaN	NaN	NaN	NaN	NaN	NaN	NaN	NaN	NaN	NaN	NaN	NaN
67	46.000	26.065	2.405	27.235	2.730	5.139	1.214	0.777	3.993	-0.765	-0.223	1.270	46.000	19.890	5.720	18.265	7.215	1.989	2.208	1.887	3.752	-0.010	NaN	-0.092	46.000	28.210	7.475	41.925	15.860	6.721	16.075	15.674	105.350	0.311	0.179	-0.200	46.000	23.010	10.270	25.545	19.760	5.077	9.823	9.819	49.847	0.002	NaN	NaN	50.000	25.740	10.335	31.460	15.600	6.227	7.774	7.635	47.544	0.091	0.184	0.092	NaN	NaN	NaN	NaN	NaN	NaN	NaN	NaN	NaN	NaN	NaN	NaN	NaN	NaN	NaN	NaN	NaN	NaN	NaN	NaN	NaN	NaN	NaN	NaN
68	47.000	23.725	2.340	27.105	2.730	3.556	3.402	1.395	4.960	0.618	-0.129	-2.332	47.000	19.695	5.850	18.265	7.215	2.256	1.977	1.676	3.781	-0.211	NaN	0.231	47.000	28.405	7.540	42.055	16.055	6.845	16.088	15.631	106.990	-0.043	0.214	0.200	47.000	23.010	10.270	25.610	19.760	4.999	9.840	9.830	49.137	0.011	0.017	NaN	51.000	25.740	10.335	31.590	15.665	6.227	7.914	7.765	48.351	0.130	0.140	NaN	NaN	NaN	NaN	NaN	NaN	NaN	NaN	NaN	NaN	NaN	NaN	NaN	NaN	NaN	NaN	NaN	NaN	NaN	NaN	NaN	NaN	NaN	NaN	NaN
69	48.000	23.790	2.275	26.585	2.535	3.696	2.807	1.358	5.019	-0.037	-0.536	0.059	48.000	20.020	5.655	18.265	7.215	1.721	2.348	2.018	3.473	0.342	NaN	-0.372	48.000	28.405	7.605	41.990	15.925	7.071	15.930	15.540	109.880	-0.091	-0.123	0.034	48.000	23.075	10.465	25.610	19.825	5.313	9.697	9.697	51.524	-0.133	0.063	0.205	52.000	25.480	10.075	31.785	15.860	5.932	8.557	8.347	49.513	0.582	0.276	-0.367	NaN	NaN	NaN	NaN	NaN	NaN	NaN	NaN	NaN	NaN	NaN	NaN	NaN	NaN	NaN	NaN	NaN	NaN	NaN	NaN	NaN	NaN	NaN	NaN
70	49.000	23.010	2.470	26.650	2.535	2.982	3.641	1.208	3.604	-0.150	0.065	-0.776	49.000	19.890	5.655	18.200	7.280	2.116	2.345	1.961	4.149	-0.058	0.092	0.094	49.000	29.055	8.060	41.990	15.925	7.616	15.138	14.919	113.627	-0.621	NaN	0.792	49.000	23.010	10.140	25.610	19.825	4.985	10.028	10.014	49.918	0.317	NaN	-0.331	53.000	26.000	10.530	32.045	16.055	6.528	8.189	8.078	52.732	-0.268	0.323	0.691	NaN	NaN	NaN	NaN	NaN	NaN	NaN	NaN	NaN	NaN	NaN	NaN	NaN	NaN	NaN	NaN	NaN	NaN	NaN	NaN	NaN	NaN	NaN	NaN
71	50.000	22.685	2.600	26.585	2.470	2.806	3.902	1.030	2.890	-0.179	-0.063	-0.329	50.000	19.890	5.720	18.265	7.215	2.180	2.208	1.866	4.069	-0.094	-0.092	0.044	50.000	29.055	7.995	42.055	15.990	7.509	15.262	14.991	112.567	0.072	0.089	-0.034	50.000	23.010	10.140	25.610	19.760	4.908	9.965	9.945	48.807	-0.070	-0.063	NaN	54.000	25.675	10.270	32.305	16.250	6.227	8.928	8.751	54.494	0.673	0.324	-0.415	NaN	NaN	NaN	NaN	NaN	NaN	NaN	NaN	NaN	NaN	NaN	NaN	NaN	NaN	NaN	NaN	NaN	NaN	NaN	NaN	NaN	NaN	NaN	NaN
72	51.000	22.945	2.600	26.520	2.470	2.878	3.577	1.254	3.608	0.224	-0.065	0.260	51.000	20.020	5.655	18.265	7.215	2.041	2.348	1.981	4.043	0.115	NaN	-0.140	51.000	28.860	7.930	42.185	16.120	7.303	15.641	15.368	112.237	0.376	0.179	-0.200	51.000	23.075	10.010	25.610	19.760	4.794	10.074	10.068	48.266	0.123	NaN	-0.109	55.000	26.390	10.920	32.435	16.445	6.842	8.189	8.094	55.381	-0.657	0.228	0.966	NaN	NaN	NaN	NaN	NaN	NaN	NaN	NaN	NaN	NaN	NaN	NaN	NaN	NaN	NaN	NaN	NaN	NaN	NaN	NaN	NaN	NaN	NaN	NaN
73	52.000	22.620	2.730	26.520	2.470	2.524	3.909	1.058	2.670	-0.196	NaN	-0.333	52.000	19.825	5.720	18.265	7.215	2.334	2.161	1.854	4.326	-0.127	NaN	0.186	52.000	28.925	7.995	42.315	16.185	7.375	15.696	15.495	114.278	0.127	0.145	0.089	52.000	23.140	9.880	25.545	19.825	4.794	10.232	10.230	49.044	0.162	0.048	-0.111	56.000	25.675	10.270	32.565	16.705	6.227	9.428	9.271	57.735	1.177	0.272	-0.966	NaN	NaN	NaN	NaN	NaN	NaN	NaN	NaN	NaN	NaN	NaN	NaN	NaN	NaN	NaN	NaN	NaN	NaN	NaN	NaN	NaN	NaN	NaN	NaN
74	53.000	23.790	2.275	26.325	2.405	3.612	2.538	1.165	4.208	0.107	-0.198	1.145	53.000	19.695	5.785	18.265	7.280	2.308	2.069	1.662	3.836	-0.192	0.047	0.137	53.000	28.925	7.995	42.575	16.380	7.425	16.020	15.722	116.737	0.227	0.324	NaN	53.000	23.205	10.205	25.610	19.760	4.966	9.853	9.853	48.930	-0.377	-0.047	0.331	57.000	25.740	10.270	32.695	16.965	6.345	9.654	9.556	60.633	0.284	0.274	0.047	NaN	NaN	NaN	NaN	NaN	NaN	NaN	NaN	NaN	NaN	NaN	NaN	NaN	NaN	NaN	NaN	NaN	NaN	NaN	NaN	NaN	NaN	NaN	NaN
75	54.000	22.945	2.405	26.260	2.470	3.022	3.316	1.008	3.046	-0.157	-0.064	-0.842	54.000	19.565	6.045	18.265	7.280	2.528	1.793	1.618	4.090	-0.044	NaN	0.273	54.000	28.730	7.930	42.640	16.380	7.266	16.275	16.040	116.551	0.318	0.056	-0.200	54.000	23.205	10.075	25.610	19.760	4.966	9.979	9.979	49.555	0.126	NaN	-0.126	58.000	26.520	11.115	32.890	17.095	7.100	8.737	8.685	61.660	-0.871	0.231	1.147	NaN	NaN	NaN	NaN	NaN	NaN	NaN	NaN	NaN	NaN	NaN	NaN	NaN	NaN	NaN	NaN	NaN	NaN	NaN	NaN	NaN	NaN	NaN	NaN
76	55.000	24.765	2.210	26.260	2.405	4.304	1.508	0.773	3.325	-0.236	-0.008	1.779	55.000	19.630	5.915	18.265	7.215	2.491	1.885	1.523	3.794	-0.095	-0.045	-0.137	55.000	29.055	8.060	42.640	16.445	7.381	15.964	15.608	115.195	-0.432	0.034	0.345	55.000	23.205	9.880	25.610	19.760	4.430	10.169	10.168	45.043	0.189	NaN	-0.189	59.000	26.455	11.050	33.085	17.420	7.142	9.194	9.156	65.395	0.471	0.366	-0.092	NaN	NaN	NaN	NaN	NaN	NaN	NaN	NaN	NaN	NaN	NaN	NaN	NaN	NaN	NaN	NaN	NaN	NaN	NaN	NaN	NaN	NaN	NaN	NaN
77	56.000	24.830	2.210	26.260	2.340	4.185	1.436	0.882	3.693	0.110	-0.006	0.065	56.000	19.370	6.175	18.265	7.215	2.755	1.517	1.387	3.819	-0.136	NaN	0.368	56.000	28.730	7.865	42.640	16.380	7.243	16.309	16.040	116.171	0.432	-0.034	-0.379	56.000	23.140	9.750	25.610	19.760	4.635	10.310	10.309	47.785	0.142	NaN	-0.142	60.000	26.195	10.790	33.215	17.550	6.833	9.746	9.683	66.164	0.527	0.184	-0.368	NaN	NaN	NaN	NaN	NaN	NaN	NaN	NaN	NaN	NaN	NaN	NaN	NaN	NaN	NaN	NaN	NaN	NaN	NaN	NaN	NaN	NaN	NaN	NaN
78	57.000	22.880	2.405	26.260	2.340	3.043	3.381	1.216	3.701	0.334	NaN	-1.953	57.000	19.500	6.110	18.330	7.215	2.488	1.609	1.476	3.672	0.089	-0.047	-0.139	57.000	28.600	7.800	42.575	16.380	7.220	16.399	16.098	116.221	0.058	-0.055	-0.145	57.000	23.270	10.075	25.610	19.760	5.018	9.964	9.950	49.931	-0.359	NaN	0.346	61.000	26.260	10.855	33.345	17.680	6.874	9.838	9.783	67.249	0.099	0.184	0.092	NaN	NaN	NaN	NaN	NaN	NaN	NaN	NaN	NaN	NaN	NaN	NaN	NaN	NaN	NaN	NaN	NaN	NaN	NaN	NaN	NaN	NaN	NaN	NaN
79	58.000	22.750	2.470	26.260	2.340	3.358	3.512	1.009	3.388	-0.207	NaN	-0.132	58.000	19.630	5.980	18.265	7.215	2.290	1.841	1.496	3.426	0.021	0.048	-0.184	58.000	28.730	7.865	42.575	16.315	7.154	16.220	15.742	112.617	-0.356	-0.034	0.145	58.000	23.205	9.880	25.610	19.825	4.358	10.232	10.210	44.498	0.259	0.063	-0.205	62.000	26.520	11.115	33.410	17.745	7.228	9.562	9.534	68.910	-0.249	0.092	0.368	NaN	NaN	NaN	NaN	NaN	NaN	NaN	NaN	NaN	NaN	NaN	NaN	NaN	NaN	NaN	NaN	NaN	NaN	NaN	NaN	NaN	NaN	NaN	NaN
80	59.000	22.555	2.600	26.260	2.340	3.153	3.714	1.168	3.684	0.159	NaN	-0.204	59.000	19.565	6.110	18.265	7.215	2.256	1.706	1.496	3.376	-2.815E-4	NaN	0.134	59.000	28.340	7.735	42.705	16.315	6.887	16.732	16.286	112.153	0.544	0.112	-0.401	59.000	23.205	9.555	25.610	19.825	4.154	10.548	10.470	43.492	0.261	NaN	-0.316	63.000	26.000	10.595	33.345	17.680	6.609	10.205	10.129	66.937	0.595	-0.092	-0.735	NaN	NaN	NaN	NaN	NaN	NaN	NaN	NaN	NaN	NaN	NaN	NaN	NaN	NaN	NaN	NaN	NaN	NaN	NaN	NaN	NaN	NaN	NaN	NaN
81	60.000	22.555	2.470	26.260	2.340	3.138	3.707	0.971	3.046	-0.198	NaN	0.005	60.000	19.630	5.980	18.265	7.150	2.256	1.798	1.573	3.549	0.077	-0.042	-0.134	60.000	28.405	7.670	42.770	16.250	6.907	16.732	16.319	112.710	0.034	0.022	0.022	60.000	23.270	9.945	25.545	19.825	4.646	10.139	10.101	46.923	-0.370	-0.015	0.395	64.000	25.805	10.400	33.345	17.615	6.436	10.436	10.328	66.476	0.200	-0.045	-0.276	NaN	NaN	NaN	NaN	NaN	NaN	NaN	NaN	NaN	NaN	NaN	NaN	NaN	NaN	NaN	NaN	NaN	NaN	NaN	NaN	NaN	NaN	NaN	NaN
82	61.000	22.620	2.535	26.260	2.340	3.153	3.645	1.089	3.435	0.119	NaN	0.061	61.000	19.565	6.045	18.265	7.150	2.320	1.706	1.491	3.460	-0.081	NaN	0.092	61.000	28.210	7.605	42.510	16.185	6.681	16.677	16.222	108.380	-0.098	-0.256	-0.201	61.000	23.270	10.010	25.610	19.825	4.646	10.090	10.059	46.729	-0.042	0.015	0.063	65.000	25.805	10.400	33.410	17.615	6.279	10.483	10.312	64.757	-0.016	0.047	NaN	NaN	NaN	NaN	NaN	NaN	NaN	NaN	NaN	NaN	NaN	NaN	NaN	NaN	NaN	NaN	NaN	NaN	NaN	NaN	NaN	NaN	NaN	NaN	NaN
83	62.000	22.685	2.470	26.260	2.340	3.393	3.577	1.152	3.908	0.062	NaN	0.067	62.000	19.500	6.045	18.265	7.150	2.234	1.657	1.383	3.088	-0.109	NaN	0.048	62.000	28.145	7.670	42.185	16.185	6.724	16.420	15.906	106.952	-0.316	-0.278	-0.022	62.000	23.335	10.270	25.545	19.760	4.831	9.744	9.680	46.771	-0.378	-0.078	0.268	66.000	26.780	11.245	33.475	17.745	7.320	9.331	9.308	68.128	-1.005	0.137	1.288	NaN	NaN	NaN	NaN	NaN	NaN	NaN	NaN	NaN	NaN	NaN	NaN	NaN	NaN	NaN	NaN	NaN	NaN	NaN	NaN	NaN	NaN	NaN	NaN
84	63.000	22.555	2.600	26.260	2.340	2.948	3.714	1.151	3.393	-9.546E-4	NaN	-0.139	63.000	19.500	6.045	18.265	7.150	2.412	1.657	1.466	3.536	0.083	NaN	NaN	63.000	28.210	7.410	41.795	15.925	6.662	16.033	15.482	103.141	-0.424	-0.469	-0.083	63.000	23.205	9.815	25.610	19.760	4.564	10.232	10.209	46.593	0.529	0.015	-0.473	67.000	26.845	11.375	33.540	17.810	7.417	9.286	9.250	68.610	-0.057	0.092	0.137	NaN	NaN	NaN	NaN	NaN	NaN	NaN	NaN	NaN	NaN	NaN	NaN	NaN	NaN	NaN	NaN	NaN	NaN	NaN	NaN	NaN	NaN	NaN	NaN
85	64.000	23.985	2.210	26.260	2.340	3.786	2.279	1.182	4.474	0.031	NaN	1.405	64.000	19.630	5.980	18.265	7.150	2.304	1.798	1.640	3.777	0.174	NaN	-0.141	64.000	28.470	7.670	41.275	15.535	7.031	15.028	14.693	103.301	-0.790	-0.647	0.358	64.000	23.270	10.075	25.545	19.760	4.956	9.949	9.929	49.209	-0.280	-0.015	0.268	68.000	26.845	11.310	33.475	17.745	7.116	9.239	9.175	65.289	-0.076	-0.092	-0.045	NaN	NaN	NaN	NaN	NaN	NaN	NaN	NaN	NaN	NaN	NaN	NaN	NaN	NaN	NaN	NaN	NaN	NaN	NaN	NaN	NaN	NaN	NaN	NaN
86	65.000	23.595	2.340	26.260	2.340	3.343	2.665	1.192	3.984	0.010	NaN	-0.390	65.000	19.630	5.850	18.265	7.150	2.524	1.885	1.604	4.048	-0.036	NaN	-0.090	65.000	28.795	7.930	40.885	15.275	7.182	14.146	13.929	100.040	-0.764	-0.468	0.413	65.000	23.075	9.295	25.545	19.760	4.083	10.753	10.752	43.902	0.823	NaN	-0.804	69.000	26.845	11.310	33.540	17.745	6.995	9.286	9.189	64.275	0.014	0.047	NaN	NaN	NaN	NaN	NaN	NaN	NaN	NaN	NaN	NaN	NaN	NaN	NaN	NaN	NaN	NaN	NaN	NaN	NaN	NaN	NaN	NaN	NaN	NaN	NaN
87	66.000	23.790	2.340	26.260	2.340	3.927	2.470	1.186	4.656	-0.006	NaN	0.195	66.000	19.630	5.980	18.265	7.150	2.283	1.798	1.460	3.334	-0.144	NaN	0.085	66.000	28.730	7.930	40.950	15.275	7.154	14.258	13.860	99.157	-0.069	0.056	-0.056	66.000	23.205	9.880	25.545	19.760	4.296	10.153	10.125	43.501	-0.627	NaN	0.599	70.000	26.780	11.245	33.540	17.680	7.025	9.333	9.255	65.014	0.066	-0.045	-0.092	NaN	NaN	NaN	NaN	NaN	NaN	NaN	NaN	NaN	NaN	NaN	NaN	NaN	NaN	NaN	NaN	NaN	NaN	NaN	NaN	NaN	NaN	NaN	NaN
88	67.000	23.790	2.340	26.195	2.340	3.896	2.405	1.123	4.377	-0.062	-0.065	NaN	67.000	19.695	5.915	18.265	7.150	2.279	1.889	1.498	3.414	0.038	NaN	-0.092	67.000	28.600	7.930	40.885	15.210	6.968	14.280	13.929	97.065	0.069	-0.089	-0.112	67.000	23.270	10.270	25.545	19.760	4.670	9.759	9.748	45.520	-0.377	NaN	0.394	71.000	26.975	11.505	33.540	17.615	7.460	8.968	8.926	66.586	-0.329	-0.044	0.320	NaN	NaN	NaN	NaN	NaN	NaN	NaN	NaN	NaN	NaN	NaN	NaN	NaN	NaN	NaN	NaN	NaN	NaN	NaN	NaN	NaN	NaN	NaN	NaN
89	68.000	24.635	2.210	26.065	2.340	4.237	1.436	0.658	2.789	-0.465	-0.129	0.830	68.000	19.370	6.110	18.265	7.150	3.008	1.517	1.211	3.642	-0.287	NaN	0.370	68.000	29.770	8.515	40.950	15.275	7.897	13.065	12.828	101.299	-1.102	0.089	1.304	68.000	23.205	9.685	25.545	19.695	3.990	10.280	10.279	41.016	0.530	-0.063	-0.584	72.000	27.560	12.155	33.475	17.680	8.050	8.094	8.072	64.976	-0.854	-0.003	0.871	NaN	NaN	NaN	NaN	NaN	NaN	NaN	NaN	NaN	NaN	NaN	NaN	NaN	NaN	NaN	NaN	NaN	NaN	NaN	NaN	NaN	NaN	NaN	NaN
90	69.000	24.635	2.210	25.935	2.405	4.136	1.315	0.485	2.007	-0.173	-0.119	NaN	69.000	19.890	5.785	18.200	7.150	2.665	2.172	1.690	4.504	0.479	0.051	-0.609	69.000	29.705	8.450	40.885	15.275	7.631	13.099	12.860	98.126	0.032	-0.055	-0.089	69.000	23.270	10.205	25.545	19.760	4.477	9.822	9.796	43.860	-0.483	0.063	0.521	73.000	27.495	12.090	33.475	17.680	8.050	8.186	8.164	65.716	0.092	NaN	-0.092	NaN	NaN	NaN	NaN	NaN	NaN	NaN	NaN	NaN	NaN	NaN	NaN	NaN	NaN	NaN	NaN	NaN	NaN	NaN	NaN	NaN	NaN	NaN	NaN
91	70.000	24.830	2.275	25.870	2.405	4.292	1.048	0.492	2.113	0.007	-0.064	0.202	70.000	19.760	5.785	18.265	7.150	2.600	2.024	1.495	3.887	-0.195	-0.048	0.096	70.000	29.315	8.255	40.885	15.210	7.381	13.500	13.230	97.648	0.371	-0.033	-0.435	70.000	23.205	9.880	25.545	19.695	4.181	10.090	10.085	42.170	0.290	-0.063	-0.331	74.000	27.495	12.025	33.410	17.680	7.914	8.183	8.164	64.609	1.823E-4	-0.047	-0.045	NaN	NaN	NaN	NaN	NaN	NaN	NaN	NaN	NaN	NaN	NaN	NaN	NaN	NaN	NaN	NaN	NaN	NaN	NaN	NaN	NaN	NaN	NaN	NaN
92	71.000	24.765	2.275	25.870	2.405	4.550	1.113	0.559	2.543	0.067	NaN	-0.065	71.000	19.760	5.785	18.330	7.085	2.279	1.933	1.354	3.084	-0.141	-0.092	NaN	71.000	29.120	8.060	40.885	15.275	7.403	13.801	13.351	98.831	0.120	0.034	-0.268	71.000	23.140	9.750	25.545	19.565	3.991	10.105	10.097	40.298	0.012	-0.126	-0.142	75.000	27.495	12.025	33.410	17.615	7.741	8.139	8.098	62.691	-0.066	-0.045	NaN	NaN	NaN	NaN	NaN	NaN	NaN	NaN	NaN	NaN	NaN	NaN	NaN	NaN	NaN	NaN	NaN	NaN	NaN	NaN	NaN	NaN	NaN	NaN	NaN
93	72.000	24.830	2.275	25.935	2.405	4.814	1.113	0.520	2.501	-0.039	0.065	0.065	72.000	19.890	5.785	18.265	7.150	2.256	2.122	1.316	2.970	-0.037	0.092	-0.100	72.000	28.990	7.995	40.885	15.275	7.110	13.946	13.324	94.733	-0.027	NaN	-0.145	72.000	23.140	9.815	25.415	18.980	3.723	9.443	9.436	35.131	-0.662	-0.599	0.063	76.000	27.495	12.025	33.345	17.680	7.784	8.136	8.109	63.122	0.011	-0.002	NaN	NaN	NaN	NaN	NaN	NaN	NaN	NaN	NaN	NaN	NaN	NaN	NaN	NaN	NaN	NaN	NaN	NaN	NaN	NaN	NaN	NaN	NaN	NaN	NaN
94	73.000	24.375	2.275	25.870	2.405	4.548	1.501	0.658	2.991	0.138	-0.065	-0.453	73.000	19.565	5.980	18.265	7.150	2.478	1.749	1.204	2.983	-0.112	NaN	0.372	73.000	28.925	7.995	40.950	15.275	7.126	14.057	13.485	96.102	0.162	0.056	-0.056	73.000	23.205	9.945	25.415	18.915	3.947	9.238	9.222	36.403	-0.214	-0.063	0.142	77.000	27.885	12.415	33.280	17.550	8.102	7.448	7.423	60.147	-0.686	-0.137	0.551	NaN	NaN	NaN	NaN	NaN	NaN	NaN	NaN	NaN	NaN	NaN	NaN	NaN	NaN	NaN	NaN	NaN	NaN	NaN	NaN	NaN	NaN	NaN	NaN
95	74.000	24.700	2.275	25.935	2.405	4.651	1.242	0.564	2.624	-0.094	0.065	0.323	74.000	19.760	5.850	18.265	7.150	2.427	1.981	1.307	3.173	0.104	NaN	-0.232	74.000	29.185	8.190	40.885	15.275	7.303	13.678	13.201	96.410	-0.285	-0.056	0.323	74.000	23.075	8.840	25.415	18.915	2.816	10.343	10.291	28.979	1.069	NaN	-1.106	78.000	27.885	12.415	33.215	17.550	8.016	7.401	7.373	59.104	-0.051	-0.047	NaN	NaN	NaN	NaN	NaN	NaN	NaN	NaN	NaN	NaN	NaN	NaN	NaN	NaN	NaN	NaN	NaN	NaN	NaN	NaN	NaN	NaN	NaN	NaN	NaN
96	75.000	24.765	2.275	25.870	2.405	4.548	1.113	0.457	2.079	-0.107	-0.065	0.065	75.000	19.825	5.785	18.265	7.150	2.629	2.073	1.340	3.524	0.033	NaN	-0.092	75.000	29.445	8.255	40.885	15.210	7.322	13.388	12.944	94.775	-0.256	-0.034	0.256	75.000	22.945	8.970	25.415	18.850	2.843	10.184	10.165	28.899	-0.126	-0.063	0.095	79.000	27.690	12.220	33.215	17.550	7.925	7.677	7.647	60.603	0.275	NaN	-0.276	NaN	NaN	NaN	NaN	NaN	NaN	NaN	NaN	NaN	NaN	NaN	NaN	NaN	NaN	NaN	NaN	NaN	NaN	NaN	NaN	NaN	NaN	NaN	NaN
97	76.000	24.765	2.275	25.870	2.405	4.582	1.113	0.469	2.151	0.012	NaN	NaN	76.000	20.020	5.655	18.265	7.150	2.397	2.305	1.389	3.329	0.049	NaN	-0.233	76.000	29.315	8.190	40.885	15.275	7.241	13.567	13.085	94.746	0.140	0.034	-0.145	76.000	23.140	8.905	25.350	18.850	2.839	10.188	10.169	28.874	0.004	-0.014	-0.021	80.000	27.755	12.350	33.150	17.420	8.016	7.403	7.367	59.053	-0.281	-0.136	0.136	NaN	NaN	NaN	NaN	NaN	NaN	NaN	NaN	NaN	NaN	NaN	NaN	NaN	NaN	NaN	NaN	NaN	NaN	NaN	NaN	NaN	NaN	NaN	NaN
98	77.000	23.725	2.405	25.870	2.405	4.153	2.145	0.638	2.649	0.169	NaN	-1.040	77.000	19.890	5.655	18.265	7.150	2.697	2.208	1.170	3.156	-0.218	NaN	0.096	77.000	29.510	8.320	40.885	15.210	7.286	13.299	12.804	93.288	-0.281	-0.034	0.234	77.000	23.010	9.230	25.415	18.850	2.907	9.916	9.895	28.764	-0.274	0.016	0.284	81.000	27.820	12.350	33.020	17.420	8.059	7.263	7.242	58.364	-0.125	-0.093	0.047	NaN	NaN	NaN	NaN	NaN	NaN	NaN	NaN	NaN	NaN	NaN	NaN	NaN	NaN	NaN	NaN	NaN	NaN	NaN	NaN	NaN	NaN	NaN	NaN
99	78.000	24.765	2.275	25.870	2.340	4.623	1.107	0.455	2.104	-0.183	-0.004	1.031	78.000	20.020	5.655	18.265	7.150	2.697	2.305	1.296	3.494	0.125	NaN	-0.099	78.000	29.640	8.385	40.885	15.210	7.303	13.154	12.692	92.692	-0.113	NaN	0.145	78.000	23.140	9.620	25.415	18.785	3.291	9.443	9.409	30.969	-0.486	-0.063	0.410	82.000	27.885	12.415	33.020	17.355	8.102	7.125	7.105	57.566	-0.137	-0.045	0.092	NaN	NaN	NaN	NaN	NaN	NaN	NaN	NaN	NaN	NaN	NaN	NaN	NaN	NaN	NaN	NaN	NaN	NaN	NaN	NaN	NaN	NaN	NaN	NaN
100	79.000	24.895	2.275	25.870	2.340	4.637	0.977	0.450	2.087	-0.005	NaN	0.130	79.000	19.695	5.850	18.265	7.215	2.822	1.977	1.228	3.465	-0.068	0.045	0.370	79.000	29.445	8.320	40.885	15.210	7.259	13.355	12.935	93.896	0.243	NaN	-0.201	79.000	23.075	8.905	25.415	18.785	2.728	10.153	10.152	27.699	0.743	NaN	-0.711	83.000	27.690	12.220	33.020	17.290	7.882	7.356	7.319	57.688	0.214	-0.045	-0.276	NaN	NaN	NaN	NaN	NaN	NaN	NaN	NaN	NaN	NaN	NaN	NaN	NaN	NaN	NaN	NaN	NaN	NaN	NaN	NaN	NaN	NaN	NaN	NaN
101	80.000	24.895	2.275	25.870	2.340	4.693	0.977	0.444	2.083	-0.006	NaN	NaN	80.000	20.020	5.655	18.265	7.215	2.554	2.348	1.300	3.321	0.073	NaN	-0.372	80.000	29.445	8.320	40.885	15.275	7.241	13.388	12.924	93.580	-0.011	0.034	NaN	80.000	23.075	9.295	25.415	18.785	3.047	9.774	9.763	29.744	-0.389	NaN	0.379	84.000	27.690	12.285	32.890	17.225	7.757	7.172	7.120	55.229	-0.198	-0.139	0.045	NaN	NaN	NaN	NaN	NaN	NaN	NaN	NaN	NaN	NaN	NaN	NaN	NaN	NaN	NaN	NaN	NaN	NaN	NaN	NaN	NaN	NaN	NaN	NaN
102	81.000	25.480	2.340	25.870	2.340	4.966	0.390	0.235	1.166	-0.209	NaN	0.585	81.000	20.085	5.525	18.265	7.150	2.528	2.440	1.230	3.110	-0.070	-0.043	-0.135	81.000	29.575	8.385	40.950	15.275	7.384	13.299	12.855	94.923	-0.068	0.056	0.145	81.000	23.010	9.100	25.415	18.720	2.843	9.916	9.898	28.139	0.135	-0.063	-0.205	85.000	27.625	12.155	32.890	17.160	7.748	7.264	7.222	55.956	0.101	-0.045	-0.137	NaN	NaN	NaN	NaN	NaN	NaN	NaN	NaN	NaN	NaN	NaN	NaN	NaN	NaN	NaN	NaN	NaN	NaN	NaN	NaN	NaN	NaN	NaN	NaN
103	82.000	25.090	2.275	25.935	2.340	4.851	0.847	0.398	1.931	0.163	0.065	-0.394	82.000	19.955	5.590	18.265	7.150	2.652	2.300	1.156	3.067	-0.073	NaN	0.140	82.000	29.575	8.385	40.885	15.210	7.366	13.210	12.746	93.884	-0.110	-0.089	NaN	82.000	23.010	9.100	25.350	18.785	2.779	9.964	9.952	27.657	0.054	0.048	NaN	86.000	27.820	12.350	32.890	17.160	7.974	6.989	6.953	55.440	-0.269	NaN	0.276	NaN	NaN	NaN	NaN	NaN	NaN	NaN	NaN	NaN	NaN	NaN	NaN	NaN	NaN	NaN	NaN	NaN	NaN	NaN	NaN	NaN	NaN	NaN	NaN
104	83.000	24.830	2.275	25.935	2.340	4.571	1.107	0.494	2.256	0.095	NaN	-0.260	83.000	19.890	5.720	18.265	7.215	2.715	2.208	1.309	3.553	0.152	0.044	0.136	83.000	29.770	8.515	40.885	15.210	7.565	12.976	12.614	95.426	-0.132	NaN	0.234	83.000	23.205	9.750	25.350	18.720	3.570	9.223	9.211	32.879	-0.741	-0.063	0.678	87.000	27.625	12.155	32.955	17.290	7.791	7.401	7.368	57.397	0.415	0.137	-0.276	NaN	NaN	NaN	NaN	NaN	NaN	NaN	NaN	NaN	NaN	NaN	NaN	NaN	NaN	NaN	NaN	NaN	NaN	NaN	NaN	NaN	NaN	NaN	NaN
105	84.000	24.895	2.275	25.870	2.340	4.565	0.977	0.401	1.829	-0.093	-0.065	0.065	84.000	19.890	5.720	18.265	7.150	2.919	2.165	1.305	3.811	-0.003	-0.043	NaN	84.000	29.640	8.450	40.885	15.210	7.216	13.121	12.746	91.978	0.132	NaN	-0.145	84.000	22.945	8.970	25.350	18.785	2.672	10.105	9.964	26.626	0.754	0.063	-0.819	88.000	27.755	12.285	33.020	17.355	7.925	7.309	7.281	57.697	-0.087	0.092	0.184	NaN	NaN	NaN	NaN	NaN	NaN	NaN	NaN	NaN	NaN	NaN	NaN	NaN	NaN	NaN	NaN	NaN	NaN	NaN	NaN	NaN	NaN	NaN	NaN
106	85.000	24.895	2.275	25.870	2.340	4.571	0.977	0.429	1.960	0.028	NaN	NaN	85.000	20.085	5.460	18.265	7.150	2.652	2.484	1.243	3.296	-0.063	NaN	-0.320	85.000	29.575	8.385	40.885	15.210	7.278	13.210	12.819	93.301	0.073	NaN	-0.089	85.000	23.140	8.905	25.350	18.720	2.715	10.061	10.057	27.306	0.092	-0.063	-0.021	89.000	27.950	12.480	32.955	17.290	8.151	6.942	6.918	56.391	-0.362	-0.092	0.276	NaN	NaN	NaN	NaN	NaN	NaN	NaN	NaN	NaN	NaN	NaN	NaN	NaN	NaN	NaN	NaN	NaN	NaN	NaN	NaN	NaN	NaN	NaN	NaN
107	86.000	24.765	2.340	25.870	2.275	4.508	1.107	0.583	2.628	0.154	0.004	-0.134	86.000	19.955	5.655	18.265	7.150	2.743	2.256	1.288	3.532	0.045	NaN	0.227	86.000	29.575	8.385	40.885	15.210	7.259	13.210	12.791	92.857	-0.028	NaN	NaN	86.000	23.140	9.685	25.285	18.070	3.420	8.655	8.614	29.457	-1.443	-0.646	0.756	90.000	28.990	13.325	32.955	17.225	9.056	5.562	5.560	50.349	-1.358	-0.046	1.334	NaN	NaN	NaN	NaN	NaN	NaN	NaN	NaN	NaN	NaN	NaN	NaN	NaN	NaN	NaN	NaN	NaN	NaN	NaN	NaN	NaN	NaN	NaN	NaN
108	87.000	24.765	2.340	25.870	2.275	4.483	1.107	0.601	2.696	0.018	NaN	NaN	87.000	20.085	5.525	18.265	7.150	2.571	2.440	1.296	3.334	0.009	NaN	-0.184	87.000	29.575	8.385	40.885	15.210	7.340	13.210	12.811	94.036	0.019	NaN	NaN	87.000	23.075	8.580	25.220	17.940	2.397	9.603	9.602	23.018	0.989	-0.141	-1.092	91.000	29.185	13.585	33.020	17.225	9.285	5.287	5.284	49.061	-0.276	0.047	0.320	NaN	NaN	NaN	NaN	NaN	NaN	NaN	NaN	NaN	NaN	NaN	NaN	NaN	NaN	NaN	NaN	NaN	NaN	NaN	NaN	NaN	NaN	NaN	NaN
109	88.000	25.350	2.340	25.870	2.340	4.851	0.520	0.300	1.453	-0.302	3.980E-18	0.585	88.000	20.085	5.525	18.265	7.150	2.590	2.440	1.246	3.228	-0.050	NaN	NaN	88.000	29.445	8.320	40.950	15.210	7.179	13.410	12.976	93.153	0.166	0.056	-0.145	88.000	23.140	9.620	25.220	17.810	3.366	8.450	8.427	28.367	-1.176	-0.126	1.024	92.000	27.430	11.960	33.215	17.355	7.574	7.910	7.841	59.387	2.557	0.231	-2.392	NaN	NaN	NaN	NaN	NaN	NaN	NaN	NaN	NaN	NaN	NaN	NaN	NaN	NaN	NaN	NaN	NaN	NaN	NaN	NaN	NaN	NaN	NaN	NaN
110	89.000	24.830	2.340	25.870	2.340	4.628	1.040	0.511	2.366	0.212	NaN	-0.520	89.000	20.020	5.525	18.265	7.150	2.672	2.392	1.151	3.076	-0.095	NaN	0.048	89.000	29.315	8.190	40.885	15.210	7.001	13.533	12.997	90.990	0.021	-0.056	-0.179	89.000	23.140	9.945	25.155	17.160	3.623	7.491	7.446	26.972	-0.981	-0.644	0.313	93.000	29.380	13.650	33.345	17.485	9.514	5.516	5.516	52.479	-2.326	0.184	2.577	NaN	NaN	NaN	NaN	NaN	NaN	NaN	NaN	NaN	NaN	NaN	NaN	NaN	NaN	NaN	NaN	NaN	NaN	NaN	NaN	NaN	NaN	NaN	NaN
111	90.000	24.765	2.210	25.870	2.340	5.062	1.113	0.336	1.698	-0.176	NaN	-0.080	90.000	19.630	5.915	18.265	7.150	3.188	1.841	0.956	3.046	-0.195	NaN	0.551	90.000	29.380	8.255	40.885	15.210	6.846	13.444	12.704	86.972	-0.293	NaN	0.089	90.000	23.140	9.945	25.025	16.315	3.153	6.643	6.575	20.732	-0.870	-0.847	NaN	94.000	29.575	13.910	33.280	17.680	9.652	5.286	5.286	51.017	-0.230	0.094	0.322	NaN	NaN	NaN	NaN	NaN	NaN	NaN	NaN	NaN	NaN	NaN	NaN	NaN	NaN	NaN	NaN	NaN	NaN	NaN	NaN	NaN	NaN	NaN	NaN
112	91.000	24.700	2.275	25.870	2.340	5.095	1.172	0.403	2.053	0.067	NaN	-0.061	91.000	19.695	5.915	18.265	7.150	3.166	1.889	0.945	2.991	-0.011	NaN	-0.049	91.000	29.640	8.385	40.885	15.210	7.100	13.154	12.389	87.969	-0.315	NaN	0.290	91.000	23.075	9.815	24.830	15.860	2.886	6.295	6.227	17.973	-0.349	-0.491	-0.143	95.000	29.380	13.650	33.345	17.680	9.607	5.654	5.652	54.300	0.366	0.046	-0.322	NaN	NaN	NaN	NaN	NaN	NaN	NaN	NaN	NaN	NaN	NaN	NaN	NaN	NaN	NaN	NaN	NaN	NaN	NaN	NaN	NaN	NaN	NaN	NaN
113	92.000	24.700	2.275	25.805	2.340	4.363	1.107	0.470	2.049	0.067	-0.065	NaN	92.000	19.760	5.785	18.265	7.150	2.878	2.024	1.331	3.832	0.386	NaN	-0.136	92.000	29.510	8.320	40.885	15.210	7.236	13.299	12.936	93.601	0.547	NaN	-0.145	92.000	23.075	9.880	24.765	15.730	3.797	6.089	6.010	22.823	-0.216	-0.143	0.062	96.000	29.380	13.715	33.345	17.810	9.561	5.700	5.698	54.477	0.046	0.093	0.047	NaN	NaN	NaN	NaN	NaN	NaN	NaN	NaN	NaN	NaN	NaN	NaN	NaN	NaN	NaN	NaN	NaN	NaN	NaN	NaN	NaN	NaN	NaN	NaN
114	93.000	25.220	2.275	25.870	2.275	5.354	0.650	0.316	1.690	-0.154	0.065	0.520	93.000	19.695	5.785	18.330	7.085	3.150	1.885	0.785	2.472	-0.547	-0.092	0.047	93.000	29.250	8.190	40.885	15.210	6.744	13.589	12.724	85.810	-0.212	NaN	-0.290	93.000	23.075	9.620	24.765	15.730	2.704	6.339	6.307	17.052	0.297	NaN	-0.251	97.000	29.315	13.715	33.280	17.745	9.607	5.654	5.652	54.300	-0.046	-0.092	-0.046	NaN	NaN	NaN	NaN	NaN	NaN	NaN	NaN	NaN	NaN	NaN	NaN	NaN	NaN	NaN	NaN	NaN	NaN	NaN	NaN	NaN	NaN	NaN	NaN
115	94.000	24.765	2.275	25.805	2.340	5.215	1.042	0.342	1.783	0.026	-0.061	-0.454	94.000	19.695	5.850	18.395	6.955	3.295	1.706	0.791	2.607	0.007	-0.134	0.042	94.000	29.380	8.190	40.820	15.210	6.721	13.422	12.438	83.604	-0.285	-0.055	0.111	94.000	23.075	9.620	24.765	15.600	2.556	6.214	6.146	15.709	-0.161	-0.125	NaN	98.000	29.055	13.455	33.280	17.615	9.377	5.929	5.929	55.597	0.277	-0.091	-0.368	NaN	NaN	NaN	NaN	NaN	NaN	NaN	NaN	NaN	NaN	NaN	NaN	NaN	NaN	NaN	NaN	NaN	NaN	NaN	NaN	NaN	NaN	NaN	NaN
116	95.000	24.635	2.210	25.870	2.275	5.207	1.237	0.449	2.341	0.108	0.061	-0.133	95.000	19.890	5.720	18.395	7.020	2.878	1.981	0.793	2.282	0.002	0.043	-0.232	95.000	29.250	8.125	40.300	14.820	6.861	12.920	12.030	82.531	-0.409	-0.647	-0.145	95.000	23.140	9.945	24.700	15.405	3.060	5.678	5.667	17.339	-0.480	-0.205	0.330	99.000	29.055	13.390	33.280	17.615	9.377	5.975	5.975	56.024	0.046	NaN	-0.046	NaN	NaN	NaN	NaN	NaN	NaN	NaN	NaN	NaN	NaN	NaN	NaN	NaN	NaN	NaN	NaN	NaN	NaN	NaN	NaN	NaN	NaN	NaN	NaN
117	96.000	23.660	2.275	25.870	2.340	4.872	2.211	0.438	2.134	-0.012	0.002	-0.973	96.000	19.825	5.785	18.330	7.020	2.996	1.939	0.853	2.556	0.060	0.050	0.092	96.000	29.380	8.125	39.910	14.560	6.914	12.341	11.423	78.978	-0.607	-0.468	0.111	96.000	23.075	9.750	24.570	15.340	2.779	5.786	5.771	16.038	0.104	-0.096	-0.205	100.000	28.860	13.260	33.410	17.875	9.285	6.481	6.480	60.164	0.505	0.276	-0.229	NaN	NaN	NaN	NaN	NaN	NaN	NaN	NaN	NaN	NaN	NaN	NaN	NaN	NaN	NaN	NaN	NaN	NaN	NaN	NaN	NaN	NaN	NaN	NaN
118	97.000	23.595	2.275	25.870	2.275	4.887	2.275	0.545	2.662	0.107	3.980E-18	-0.065	97.000	19.890	5.785	18.395	7.020	2.820	1.939	0.803	2.265	-0.050	-0.050	-0.050	97.000	29.185	8.060	39.585	14.430	6.840	12.196	11.248	76.929	-0.175	-0.345	-0.200	97.000	23.075	9.425	24.570	15.275	2.491	6.038	6.037	15.041	0.266	-0.063	-0.315	101.000	28.795	13.195	33.540	18.070	9.193	6.803	6.801	62.522	0.321	0.230	-0.092	NaN	NaN	NaN	NaN	NaN	NaN	NaN	NaN	NaN	NaN	NaN	NaN	NaN	NaN	NaN	NaN	NaN	NaN	NaN	NaN	NaN	NaN	NaN	NaN
119	98.000	23.205	2.405	25.870	2.275	4.564	2.668	0.621	2.835	0.077	NaN	-0.396	98.000	19.955	5.720	18.395	6.955	2.674	1.990	0.863	2.307	0.059	-0.040	-0.091	98.000	29.185	7.995	39.520	14.430	6.914	12.175	11.231	77.647	-0.017	-0.055	-0.034	98.000	23.075	9.230	24.505	15.145	2.447	6.085	6.075	14.864	0.037	-0.142	-0.190	102.000	28.405	12.805	33.670	18.200	8.917	7.538	7.536	67.203	0.735	0.184	-0.552	NaN	NaN	NaN	NaN	NaN	NaN	NaN	NaN	NaN	NaN	NaN	NaN	NaN	NaN	NaN	NaN	NaN	NaN	NaN	NaN	NaN	NaN	NaN	NaN
120	99.000	23.595	2.275	25.870	2.340	4.715	2.276	0.533	2.514	-0.088	0.002	0.386	99.000	19.825	5.785	18.395	7.020	2.740	1.889	0.854	2.341	-0.008	0.042	0.141	99.000	28.990	7.930	39.585	14.495	6.721	12.464	11.530	77.499	0.300	0.089	-0.200	99.000	23.075	9.230	24.505	15.015	2.509	5.959	5.953	14.935	-0.122	-0.126	NaN	103.000	28.340	12.740	33.735	18.330	8.917	7.769	7.766	69.248	0.229	0.139	-0.092	NaN	NaN	NaN	NaN	NaN	NaN	NaN	NaN	NaN	NaN	NaN	NaN	NaN	NaN	NaN	NaN	NaN	NaN	NaN	NaN	NaN	NaN	NaN	NaN
121	100.000	23.595	2.275	25.870	2.340	4.688	2.276	0.600	2.814	0.067	NaN	NaN	100.000	19.825	5.785	18.395	6.955	2.595	1.848	0.886	2.298	0.031	-0.041	NaN	100.000	28.925	7.930	39.520	14.365	6.796	12.396	11.545	78.462	0.014	-0.123	-0.056	100.000	23.075	9.230	24.505	15.015	2.611	5.959	5.936	15.497	-0.016	NaN	NaN	104.000	28.340	12.740	33.865	18.460	8.964	7.953	7.948	71.246	0.183	0.184	NaN	NaN	NaN	NaN	NaN	NaN	NaN	NaN	NaN	NaN	NaN	NaN	NaN	NaN	NaN	NaN	NaN	NaN	NaN	NaN	NaN	NaN	NaN	NaN	NaN
122	101.000	23.595	2.275	25.870	2.275	4.688	2.275	0.662	3.105	0.062	3.980E-18	NaN	101.000	19.890	5.720	18.395	6.955	2.561	1.939	0.865	2.214	-0.021	NaN	-0.092	101.000	28.600	7.800	39.520	14.365	6.454	12.741	11.835	76.388	0.291	NaN	-0.346	101.000	23.075	9.165	24.440	15.015	2.549	6.007	5.972	15.223	0.035	-0.015	-0.063	105.000	28.405	12.805	33.930	18.525	8.917	7.953	7.950	70.887	0.001	0.092	0.092	NaN	NaN	NaN	NaN	NaN	NaN	NaN	NaN	NaN	NaN	NaN	NaN	NaN	NaN	NaN	NaN	NaN	NaN	NaN	NaN	NaN	NaN	NaN	NaN
123	102.000	23.140	2.405	25.870	2.275	4.304	2.733	0.826	3.557	0.164	NaN	-0.461	102.000	19.890	5.720	18.395	7.020	2.305	1.981	0.914	2.108	0.050	0.043	NaN	102.000	28.470	7.670	39.455	14.300	6.529	12.831	11.949	78.015	0.113	-0.089	-0.178	102.000	23.140	9.490	24.440	15.015	3.127	5.676	5.628	17.597	-0.344	NaN	0.331	106.000	28.080	12.545	33.995	18.655	8.549	8.504	8.504	72.704	0.554	0.139	-0.413	NaN	NaN	NaN	NaN	NaN	NaN	NaN	NaN	NaN	NaN	NaN	NaN	NaN	NaN	NaN	NaN	NaN	NaN	NaN	NaN	NaN	NaN	NaN	NaN
124	103.000	23.140	2.405	25.870	2.275	4.259	2.733	0.875	3.726	0.048	NaN	NaN	103.000	19.760	5.850	18.395	6.955	2.304	1.756	0.998	2.298	0.083	-0.041	0.183	103.000	28.405	7.605	38.285	13.585	6.529	11.549	10.750	70.186	-1.199	-1.371	-0.089	103.000	23.140	9.750	24.440	14.950	3.454	5.360	5.333	18.421	-0.295	-0.063	0.252	107.000	27.950	12.480	34.125	18.785	8.549	8.825	8.825	75.450	0.321	0.184	-0.137	NaN	NaN	NaN	NaN	NaN	NaN	NaN	NaN	NaN	NaN	NaN	NaN	NaN	NaN	NaN	NaN	NaN	NaN	NaN	NaN	NaN	NaN	NaN	NaN
125	104.000	23.205	2.405	25.870	2.275	4.296	2.668	0.930	3.997	0.055	NaN	0.065	104.000	19.630	5.915	18.460	6.955	2.349	1.565	0.874	2.053	-0.124	-0.049	0.140	104.000	28.340	7.540	38.025	13.390	6.518	11.315	10.494	68.407	-0.255	-0.323	-0.089	104.000	23.140	9.425	24.440	15.015	3.175	5.739	5.655	17.956	0.322	0.063	-0.317	108.000	27.950	12.480	34.255	19.045	8.549	9.102	9.102	77.816	0.277	0.278	NaN	NaN	NaN	NaN	NaN	NaN	NaN	NaN	NaN	NaN	NaN	NaN	NaN	NaN	NaN	NaN	NaN	NaN	NaN	NaN	NaN	NaN	NaN	NaN	NaN
126	105.000	22.685	2.600	25.870	2.275	4.018	3.202	0.836	3.359	-0.094	NaN	-0.537	105.000	19.825	5.720	18.395	7.020	2.366	1.933	0.871	2.062	-0.003	0.092	-0.275	105.000	28.405	7.540	37.635	13.195	6.444	10.825	9.979	64.309	-0.515	-0.434	0.055	105.000	23.205	9.620	24.440	15.015	3.271	5.535	5.480	17.927	-0.176	NaN	0.205	109.000	27.885	12.415	34.385	19.175	8.457	9.378	9.378	79.312	0.276	0.184	-0.092	NaN	NaN	NaN	NaN	NaN	NaN	NaN	NaN	NaN	NaN	NaN	NaN	NaN	NaN	NaN	NaN	NaN	NaN	NaN	NaN	NaN	NaN	NaN	NaN
127	106.000	22.880	2.470	25.870	2.275	4.041	2.996	0.768	3.105	-0.068	NaN	0.203	106.000	19.760	5.850	18.395	7.020	2.412	1.798	1.040	2.510	0.169	NaN	0.134	106.000	28.535	7.605	37.570	13.065	6.540	10.557	9.866	64.528	-0.113	-0.123	0.145	106.000	23.010	9.035	24.440	14.950	2.755	6.085	6.055	16.680	0.575	-0.063	-0.614	110.000	28.145	12.545	34.385	19.240	8.780	9.152	9.140	80.250	-0.237	0.048	0.272	NaN	NaN	NaN	NaN	NaN	NaN	NaN	NaN	NaN	NaN	NaN	NaN	NaN	NaN	NaN	NaN	NaN	NaN	NaN	NaN	NaN	NaN	NaN	NaN
128	107.000	22.620	2.535	25.870	2.275	3.890	3.260	0.799	3.110	0.031	NaN	-0.264	107.000	19.825	5.785	18.395	6.955	2.223	1.848	1.072	2.383	0.031	-0.041	-0.091	107.000	28.535	7.605	37.375	13.065	6.680	10.390	9.697	64.778	-0.169	-0.166	NaN	107.000	23.075	8.645	24.440	14.950	2.529	6.451	6.268	15.852	0.212	NaN	-0.367	111.000	27.885	12.415	34.580	19.370	8.412	9.654	9.654	81.209	0.513	0.229	-0.274	NaN	NaN	NaN	NaN	NaN	NaN	NaN	NaN	NaN	NaN	NaN	NaN	NaN	NaN	NaN	NaN	NaN	NaN	NaN	NaN	NaN	NaN	NaN	NaN
129	108.000	22.880	2.470	25.870	2.275	4.005	2.996	0.869	3.481	0.070	NaN	0.264	108.000	19.630	5.915	18.395	6.955	2.384	1.615	1.014	2.417	-0.058	NaN	0.233	108.000	28.600	7.605	37.245	12.935	6.744	10.156	9.475	63.899	-0.222	-0.179	0.055	108.000	23.140	9.750	24.440	15.015	3.577	5.423	5.401	19.317	-0.867	0.063	1.088	112.000	27.625	12.155	34.645	19.500	8.139	10.160	10.160	82.687	0.506	0.139	-0.368	NaN	NaN	NaN	NaN	NaN	NaN	NaN	NaN	NaN	NaN	NaN	NaN	NaN	NaN	NaN	NaN	NaN	NaN	NaN	NaN	NaN	NaN	NaN	NaN
130	109.000	22.555	2.535	25.805	2.275	3.879	3.260	0.747	2.898	-0.122	-0.065	-0.329	109.000	19.630	5.915	18.460	7.020	2.384	1.609	0.938	2.235	-0.076	-0.003	NaN	109.000	28.340	7.475	37.115	12.870	6.465	10.301	9.568	61.858	0.093	-0.145	-0.290	109.000	23.075	9.490	24.440	14.950	3.310	5.628	5.602	18.544	0.202	-0.063	-0.268	113.000	28.860	13.130	34.710	19.565	9.193	8.697	8.682	79.814	-1.478	0.092	1.552	NaN	NaN	NaN	NaN	NaN	NaN	NaN	NaN	NaN	NaN	NaN	NaN	NaN	NaN	NaN	NaN	NaN	NaN	NaN	NaN	NaN	NaN	NaN	NaN
131	110.000	22.295	2.600	25.870	2.275	3.862	3.590	0.744	2.873	-0.003	0.065	-0.265	110.000	19.565	5.915	18.460	6.955	2.334	1.517	0.845	1.973	-0.092	-0.045	0.047	110.000	28.470	7.605	37.050	12.870	6.732	10.067	9.364	63.045	-0.204	-0.055	0.179	110.000	23.140	9.945	24.440	14.950	3.743	5.171	5.145	19.258	-0.458	NaN	0.457	114.000	29.315	13.520	34.775	19.630	9.562	8.194	8.171	78.129	-0.511	0.092	0.594	NaN	NaN	NaN	NaN	NaN	NaN	NaN	NaN	NaN	NaN	NaN	NaN	NaN	NaN	NaN	NaN	NaN	NaN	NaN	NaN	NaN	NaN	NaN	NaN
132	111.000	22.230	2.600	25.870	2.275	3.775	3.654	0.513	1.935	-0.231	NaN	-0.065	111.000	19.695	5.850	18.460	6.955	2.397	1.657	0.966	2.315	0.120	NaN	-0.140	111.000	28.665	7.735	37.050	12.870	6.769	9.832	9.248	62.602	-0.116	NaN	0.234	111.000	23.140	9.490	24.505	14.950	3.310	5.628	5.602	18.544	0.458	0.016	-0.441	115.000	29.250	13.455	34.775	19.695	9.517	8.334	8.304	79.033	0.134	0.049	-0.092	NaN	NaN	NaN	NaN	NaN	NaN	NaN	NaN	NaN	NaN	NaN	NaN	NaN	NaN	NaN	NaN	NaN	NaN	NaN	NaN	NaN	NaN	NaN	NaN
133	112.000	22.360	2.600	25.870	2.275	3.654	3.525	0.636	2.324	0.123	NaN	0.129	112.000	19.760	5.850	18.460	6.955	2.308	1.706	1.095	2.527	0.129	NaN	-0.050	112.000	28.600	7.670	37.050	12.870	6.719	9.922	9.363	62.910	0.115	NaN	-0.089	112.000	23.140	9.945	24.505	15.015	3.866	5.251	5.249	20.293	-0.354	0.063	0.439	116.000	29.185	13.455	34.840	19.760	9.423	8.469	8.449	79.620	0.145	0.092	-0.043	NaN	NaN	NaN	NaN	NaN	NaN	NaN	NaN	NaN	NaN	NaN	NaN	NaN	NaN	NaN	NaN	NaN	NaN	NaN	NaN	NaN	NaN	NaN	NaN
134	113.000	22.165	2.730	25.805	2.275	3.967	3.668	0.335	1.331	-0.300	-0.064	-0.210	113.000	19.825	5.720	18.460	6.955	2.655	1.841	0.816	2.167	-0.278	NaN	-0.135	113.000	28.665	7.735	37.050	12.870	6.454	9.832	9.103	58.753	-0.260	NaN	0.089	113.000	23.140	9.490	24.505	14.950	2.920	5.628	5.621	16.414	0.373	-0.063	-0.441	117.000	29.250	13.520	34.970	19.825	9.562	8.513	8.493	81.213	0.044	0.135	0.092	NaN	NaN	NaN	NaN	NaN	NaN	NaN	NaN	NaN	NaN	NaN	NaN	NaN	NaN	NaN	NaN	NaN	NaN	NaN	NaN	NaN	NaN	NaN	NaN
135	114.000	22.425	2.665	25.740	2.210	4.225	3.346	0.455	1.922	0.120	-0.056	0.266	114.000	19.630	5.850	18.460	6.890	2.982	1.565	0.734	2.189	-0.082	-0.043	0.232	114.000	28.730	7.800	37.050	12.805	6.370	9.709	8.950	57.012	-0.153	-0.034	0.089	114.000	23.010	8.970	24.505	14.950	2.161	6.164	6.161	13.313	0.540	NaN	-0.536	118.000	29.380	13.585	34.970	19.825	9.562	8.378	8.355	79.886	-0.139	NaN	0.135	NaN	NaN	NaN	NaN	NaN	NaN	NaN	NaN	NaN	NaN	NaN	NaN	NaN	NaN	NaN	NaN	NaN	NaN	NaN	NaN	NaN	NaN	NaN	NaN
136	115.000	22.425	2.665	25.740	2.210	4.226	3.346	0.506	2.138	0.051	NaN	NaN	115.000	19.630	5.915	18.460	6.955	2.899	1.565	0.752	2.180	0.018	0.043	0.043	115.000	28.990	7.930	37.050	12.870	6.711	9.453	8.728	58.575	-0.221	0.034	0.290	115.000	23.140	9.360	24.505	14.950	2.590	5.754	5.742	14.872	-0.420	NaN	0.410	119.000	29.575	13.780	34.970	19.890	9.746	8.151	8.124	79.177	-0.230	0.049	0.275	NaN	NaN	NaN	NaN	NaN	NaN	NaN	NaN	NaN	NaN	NaN	NaN	NaN	NaN	NaN	NaN	NaN	NaN	NaN	NaN	NaN	NaN	NaN	NaN
137	116.000	22.685	2.535	25.740	2.275	4.363	3.066	0.442	1.927	-0.064	-0.006	0.270	116.000	19.695	5.655	18.460	7.020	2.996	1.841	0.563	1.686	-0.189	0.048	-0.236	116.000	28.925	7.865	36.985	12.870	6.573	9.488	8.713	57.270	-0.015	-0.055	-0.090	116.000	23.140	8.840	24.440	14.950	2.077	6.247	6.184	12.844	0.442	-0.014	-0.509	120.000	29.640	13.910	35.100	19.890	9.838	8.098	8.081	79.498	-0.043	0.088	0.140	NaN	NaN	NaN	NaN	NaN	NaN	NaN	NaN	NaN	NaN	NaN	NaN	NaN	NaN	NaN	NaN	NaN	NaN	NaN	NaN	NaN	NaN	NaN	NaN
138	117.000	22.100	2.665	25.675	2.210	4.233	3.604	0.235	0.993	-0.207	-0.056	-0.597	117.000	19.760	5.655	18.460	6.955	2.878	1.838	0.616	1.775	0.054	-0.046	-0.046	117.000	29.185	7.995	37.050	12.870	6.914	9.253	8.543	59.066	-0.170	0.055	0.289	117.000	23.205	9.815	24.505	14.950	3.045	5.297	5.294	16.118	-0.890	0.016	0.961	NaN	NaN	NaN	NaN	NaN	NaN	NaN	NaN	NaN	NaN	NaN	NaN	NaN	NaN	NaN	NaN	NaN	NaN	NaN	NaN	NaN	NaN	NaN	NaN	NaN	NaN	NaN	NaN	NaN	NaN	NaN	NaN	NaN	NaN	NaN	NaN
139	118.000	22.425	2.600	25.675	2.210	4.355	3.273	0.341	1.487	0.107	NaN	0.330	118.000	19.890	5.655	18.460	6.955	2.907	1.933	0.698	2.028	0.081	NaN	-0.096	118.000	29.055	7.930	37.050	12.870	6.637	9.398	8.634	57.304	0.091	NaN	-0.145	118.000	23.205	9.685	24.440	14.950	2.822	5.408	5.406	15.256	0.112	-0.015	-0.127	NaN	NaN	NaN	NaN	NaN	NaN	NaN	NaN	NaN	NaN	NaN	NaN	NaN	NaN	NaN	NaN	NaN	NaN	NaN	NaN	NaN	NaN	NaN	NaN	NaN	NaN	NaN	NaN	NaN	NaN	NaN	NaN	NaN	NaN	NaN	NaN
140	119.000	22.685	2.535	25.675	2.210	4.487	3.008	0.411	1.846	0.070	NaN	0.266	119.000	19.825	5.720	18.460	6.955	3.024	1.841	0.701	2.121	0.004	NaN	0.092	119.000	28.990	7.930	37.050	12.870	6.499	9.453	8.672	56.362	0.038	NaN	-0.055	119.000	23.400	10.530	24.505	14.950	3.610	4.556	4.556	16.448	-0.850	0.016	0.867	NaN	NaN	NaN	NaN	NaN	NaN	NaN	NaN	NaN	NaN	NaN	NaN	NaN	NaN	NaN	NaN	NaN	NaN	NaN	NaN	NaN	NaN	NaN	NaN	NaN	NaN	NaN	NaN	NaN	NaN	NaN	NaN	NaN	NaN	NaN	NaN
141	120.000	22.295	2.665	25.675	2.210	4.428	3.410	0.256	1.132	-0.156	NaN	-0.404	120.000	19.825	5.655	18.460	6.955	3.082	1.885	0.606	1.867	-0.095	NaN	-0.045	120.000	29.055	7.930	36.985	12.870	6.555	9.343	8.501	55.719	-0.172	-0.055	0.055	120.000	23.335	10.400	24.440	14.950	3.406	4.682	4.682	15.945	0.126	-0.015	-0.142	NaN	NaN	NaN	NaN	NaN	NaN	NaN	NaN	NaN	NaN	NaN	NaN	NaN	NaN	NaN	NaN	NaN	NaN	NaN	NaN	NaN	NaN	NaN	NaN	NaN	NaN	NaN	NaN	NaN	NaN	NaN	NaN	NaN	NaN	NaN	NaN
