dT	T (0)	dT (0)	Base Mean (0)	Body Mean (0)	Proj Mean (0)	Tip Mean (0)	Tip Th Mean (0)	Length (0)	dL (0)	DCTM (0)	DCBM (0)	T (1)	dT (1)	Base Mean (1)	Body Mean (1)	Proj Mean (1)	Tip Mean (1)	Tip Th Mean (1)	Length (1)	dL (1)	DCTM (1)	DCBM (1)	T (2)	dT (2)	Base Mean (2)	Body Mean (2)	Proj Mean (2)	Tip Mean (2)	Tip Th Mean (2)	Length (2)	dL (2)	DCTM (2)	DCBM (2)	T (3)	dT (3)	Base Mean (3)	Body Mean (3)	Proj Mean (3)	Tip Mean (3)	Tip Th Mean (3)	Length (3)	dL (3)	DCTM (3)	DCBM (3)	T (4)	dT (4)	Base Mean (4)	Body Mean (4)	Proj Mean (4)	Tip Mean (4)	Tip Th Mean (4)	Length (4)	dL (4)	DCTM (4)	DCBM (4)	T (5)	dT (5)	Base Mean (5)	Body Mean (5)	Proj Mean (5)	Tip Mean (5)	Tip Th Mean (5)	Length (5)	dL (5)	DCTM (5)	DCBM (5)	T (6)	dT (6)	Base Mean (6)	Body Mean (6)	Proj Mean (6)	Tip Mean (6)	Tip Th Mean (6)	Length (6)	dL (6)	DCTM (6)	DCBM (6)
-20.000	NaN	NaN	NaN	NaN	NaN	NaN	NaN	NaN	NaN	NaN	NaN	NaN	NaN	NaN	NaN	NaN	NaN	NaN	NaN	NaN	NaN	NaN	NaN	NaN	NaN	NaN	NaN	NaN	NaN	NaN	NaN	NaN	NaN	NaN	NaN	NaN	NaN	NaN	NaN	NaN	NaN	NaN	NaN	NaN	NaN	NaN	NaN	NaN	NaN	NaN	NaN	NaN	NaN	NaN	NaN	NaN	NaN	NaN	NaN	NaN	NaN	NaN	NaN	NaN	NaN	NaN	8.000	-20.000	153.364	406.330	NaN	NaN	NaN	NaN	NaN	NaN	NaN
-19.000	NaN	NaN	NaN	NaN	NaN	NaN	NaN	NaN	NaN	NaN	NaN	NaN	NaN	NaN	NaN	NaN	NaN	NaN	NaN	NaN	NaN	NaN	NaN	NaN	NaN	NaN	NaN	NaN	NaN	NaN	NaN	NaN	NaN	NaN	NaN	NaN	NaN	NaN	NaN	NaN	NaN	NaN	NaN	NaN	NaN	NaN	NaN	NaN	NaN	NaN	NaN	NaN	NaN	NaN	NaN	NaN	NaN	NaN	NaN	NaN	NaN	NaN	NaN	NaN	NaN	NaN	9.000	-19.000	162.933	391.811	NaN	NaN	NaN	NaN	NaN	NaN	NaN
-18.000	NaN	NaN	NaN	NaN	NaN	NaN	NaN	NaN	NaN	NaN	NaN	NaN	NaN	NaN	NaN	NaN	NaN	NaN	NaN	NaN	NaN	NaN	NaN	NaN	NaN	NaN	NaN	NaN	NaN	NaN	NaN	NaN	NaN	NaN	NaN	NaN	NaN	NaN	NaN	NaN	NaN	NaN	NaN	NaN	NaN	NaN	NaN	NaN	NaN	NaN	NaN	NaN	NaN	NaN	NaN	NaN	NaN	NaN	NaN	NaN	NaN	NaN	NaN	NaN	NaN	NaN	10.000	-18.000	156.882	392.085	NaN	NaN	NaN	NaN	NaN	NaN	NaN
-17.000	NaN	NaN	NaN	NaN	NaN	NaN	NaN	NaN	NaN	NaN	NaN	NaN	NaN	NaN	NaN	NaN	NaN	NaN	NaN	NaN	NaN	NaN	NaN	NaN	NaN	NaN	NaN	NaN	NaN	NaN	NaN	NaN	NaN	NaN	NaN	NaN	NaN	NaN	NaN	NaN	NaN	NaN	NaN	NaN	NaN	NaN	NaN	NaN	NaN	NaN	NaN	NaN	NaN	NaN	NaN	NaN	NaN	NaN	NaN	NaN	NaN	NaN	NaN	NaN	NaN	NaN	11.000	-17.000	153.412	391.027	NaN	NaN	NaN	NaN	NaN	NaN	NaN
-16.000	NaN	NaN	NaN	NaN	NaN	NaN	NaN	NaN	NaN	NaN	NaN	NaN	NaN	NaN	NaN	NaN	NaN	NaN	NaN	NaN	NaN	NaN	NaN	NaN	NaN	NaN	NaN	NaN	NaN	NaN	NaN	NaN	NaN	NaN	NaN	NaN	NaN	NaN	NaN	NaN	NaN	NaN	NaN	NaN	NaN	NaN	NaN	NaN	NaN	NaN	NaN	NaN	NaN	NaN	NaN	NaN	NaN	NaN	NaN	NaN	NaN	NaN	NaN	NaN	NaN	NaN	12.000	-16.000	159.556	395.760	NaN	NaN	NaN	NaN	NaN	NaN	NaN
-15.000	NaN	NaN	NaN	NaN	NaN	NaN	NaN	NaN	NaN	NaN	NaN	NaN	NaN	NaN	NaN	NaN	NaN	NaN	NaN	NaN	NaN	NaN	NaN	NaN	NaN	NaN	NaN	NaN	NaN	NaN	NaN	NaN	NaN	NaN	NaN	NaN	NaN	NaN	NaN	NaN	NaN	NaN	NaN	NaN	NaN	NaN	NaN	NaN	NaN	NaN	NaN	NaN	NaN	NaN	NaN	NaN	NaN	NaN	NaN	NaN	NaN	NaN	NaN	NaN	NaN	NaN	13.000	-15.000	162.259	398.868	NaN	NaN	NaN	NaN	NaN	NaN	NaN
-14.000	NaN	NaN	NaN	NaN	NaN	NaN	NaN	NaN	NaN	NaN	NaN	NaN	NaN	NaN	NaN	NaN	NaN	NaN	NaN	NaN	NaN	NaN	NaN	NaN	NaN	NaN	NaN	NaN	NaN	NaN	NaN	NaN	NaN	NaN	NaN	NaN	NaN	NaN	NaN	NaN	NaN	NaN	NaN	NaN	NaN	NaN	NaN	NaN	NaN	NaN	NaN	NaN	NaN	NaN	NaN	NaN	NaN	NaN	NaN	NaN	NaN	NaN	NaN	NaN	NaN	NaN	14.000	-14.000	166.619	404.138	NaN	NaN	NaN	NaN	NaN	NaN	NaN
-13.000	NaN	NaN	NaN	NaN	NaN	NaN	NaN	NaN	NaN	NaN	NaN	NaN	NaN	NaN	NaN	NaN	NaN	NaN	NaN	NaN	NaN	NaN	NaN	NaN	NaN	NaN	NaN	NaN	NaN	NaN	NaN	NaN	NaN	NaN	NaN	NaN	NaN	NaN	NaN	NaN	NaN	NaN	NaN	NaN	NaN	NaN	NaN	NaN	NaN	NaN	NaN	NaN	NaN	NaN	NaN	NaN	NaN	NaN	NaN	NaN	NaN	NaN	NaN	NaN	NaN	NaN	15.000	-13.000	163.964	407.592	NaN	NaN	NaN	NaN	NaN	NaN	NaN
-12.000	NaN	NaN	NaN	NaN	NaN	NaN	NaN	NaN	NaN	NaN	NaN	NaN	NaN	NaN	NaN	NaN	NaN	NaN	NaN	NaN	NaN	NaN	NaN	NaN	NaN	NaN	NaN	NaN	NaN	NaN	NaN	NaN	NaN	NaN	NaN	NaN	NaN	NaN	NaN	NaN	NaN	NaN	NaN	NaN	NaN	NaN	NaN	NaN	NaN	NaN	NaN	NaN	NaN	NaN	NaN	NaN	NaN	NaN	NaN	NaN	NaN	NaN	NaN	NaN	NaN	NaN	16.000	-12.000	160.533	409.595	NaN	NaN	NaN	NaN	NaN	NaN	NaN
-11.000	NaN	NaN	NaN	NaN	NaN	NaN	NaN	NaN	NaN	NaN	NaN	NaN	NaN	NaN	NaN	NaN	NaN	NaN	NaN	NaN	NaN	NaN	NaN	NaN	NaN	NaN	NaN	NaN	NaN	NaN	NaN	NaN	NaN	NaN	NaN	NaN	NaN	NaN	NaN	NaN	NaN	NaN	NaN	NaN	NaN	NaN	NaN	NaN	NaN	NaN	NaN	NaN	NaN	NaN	NaN	NaN	NaN	NaN	NaN	NaN	NaN	NaN	NaN	NaN	NaN	NaN	17.000	-11.000	169.278	408.318	NaN	NaN	NaN	NaN	NaN	NaN	NaN
-10.000	NaN	NaN	NaN	NaN	NaN	NaN	NaN	NaN	NaN	NaN	NaN	NaN	NaN	NaN	NaN	NaN	NaN	NaN	NaN	NaN	NaN	NaN	NaN	NaN	NaN	NaN	NaN	NaN	NaN	NaN	NaN	NaN	NaN	NaN	NaN	NaN	NaN	NaN	NaN	NaN	NaN	NaN	NaN	NaN	NaN	NaN	NaN	NaN	NaN	NaN	NaN	NaN	NaN	NaN	NaN	NaN	NaN	NaN	NaN	NaN	NaN	NaN	NaN	NaN	NaN	NaN	18.000	-10.000	166.600	405.654	NaN	NaN	NaN	NaN	NaN	NaN	NaN
-9.000	NaN	NaN	NaN	NaN	NaN	NaN	NaN	NaN	NaN	NaN	NaN	NaN	NaN	NaN	NaN	NaN	NaN	NaN	NaN	NaN	NaN	NaN	NaN	NaN	NaN	NaN	NaN	NaN	NaN	NaN	NaN	NaN	NaN	NaN	NaN	NaN	NaN	NaN	NaN	NaN	NaN	NaN	NaN	NaN	NaN	NaN	NaN	NaN	NaN	NaN	NaN	NaN	NaN	NaN	NaN	NaN	NaN	NaN	NaN	NaN	NaN	NaN	NaN	NaN	NaN	NaN	19.000	-9.000	168.769	407.391	NaN	NaN	NaN	NaN	NaN	NaN	NaN
-8.000	NaN	NaN	NaN	NaN	NaN	NaN	NaN	NaN	NaN	NaN	NaN	NaN	NaN	NaN	NaN	NaN	NaN	NaN	NaN	NaN	NaN	NaN	NaN	NaN	NaN	NaN	NaN	NaN	NaN	NaN	NaN	NaN	NaN	NaN	NaN	NaN	NaN	NaN	NaN	NaN	NaN	NaN	NaN	NaN	NaN	NaN	NaN	NaN	NaN	NaN	NaN	NaN	NaN	NaN	NaN	1.000	-8.000	178.481	405.012	NaN	NaN	NaN	NaN	NaN	NaN	NaN	20.000	-8.000	166.478	401.280	NaN	NaN	NaN	NaN	NaN	NaN	NaN
-7.000	NaN	NaN	NaN	NaN	NaN	NaN	NaN	NaN	NaN	NaN	NaN	NaN	NaN	NaN	NaN	NaN	NaN	NaN	NaN	NaN	NaN	NaN	NaN	NaN	NaN	NaN	NaN	NaN	NaN	NaN	NaN	NaN	NaN	NaN	NaN	NaN	NaN	NaN	NaN	NaN	NaN	NaN	NaN	NaN	NaN	NaN	NaN	NaN	NaN	NaN	NaN	NaN	NaN	NaN	NaN	2.000	-7.000	166.176	388.184	NaN	NaN	NaN	NaN	NaN	NaN	NaN	21.000	-7.000	170.200	407.145	NaN	NaN	NaN	NaN	NaN	NaN	NaN
-6.000	NaN	NaN	NaN	NaN	NaN	NaN	NaN	NaN	NaN	NaN	NaN	NaN	NaN	NaN	NaN	NaN	NaN	NaN	NaN	NaN	NaN	NaN	NaN	NaN	NaN	NaN	NaN	NaN	NaN	NaN	NaN	NaN	NaN	NaN	NaN	NaN	NaN	NaN	NaN	NaN	NaN	NaN	NaN	NaN	NaN	NaN	NaN	NaN	NaN	NaN	NaN	NaN	NaN	NaN	NaN	3.000	-6.000	155.825	389.372	NaN	NaN	NaN	NaN	NaN	NaN	NaN	22.000	-6.000	173.765	407.267	NaN	NaN	NaN	NaN	NaN	NaN	NaN
-5.000	NaN	NaN	NaN	NaN	NaN	NaN	NaN	NaN	NaN	NaN	NaN	NaN	NaN	NaN	NaN	NaN	NaN	NaN	NaN	NaN	NaN	NaN	NaN	NaN	NaN	NaN	NaN	NaN	NaN	NaN	NaN	NaN	NaN	NaN	NaN	NaN	NaN	NaN	NaN	NaN	NaN	NaN	NaN	NaN	NaN	NaN	NaN	NaN	NaN	NaN	NaN	NaN	NaN	NaN	NaN	4.000	-5.000	175.680	386.524	NaN	NaN	NaN	NaN	NaN	NaN	NaN	23.000	-5.000	160.000	404.266	NaN	NaN	NaN	NaN	NaN	NaN	NaN
-4.000	NaN	NaN	NaN	NaN	NaN	NaN	NaN	NaN	NaN	NaN	NaN	NaN	NaN	NaN	NaN	NaN	NaN	NaN	NaN	NaN	NaN	NaN	NaN	NaN	NaN	NaN	NaN	NaN	NaN	NaN	NaN	NaN	NaN	NaN	NaN	NaN	NaN	NaN	NaN	NaN	NaN	NaN	NaN	NaN	1.000	-4.000	208.585	405.012	NaN	NaN	NaN	NaN	NaN	NaN	NaN	5.000	-4.000	161.242	383.997	NaN	NaN	NaN	NaN	NaN	NaN	NaN	24.000	-4.000	168.286	404.098	NaN	NaN	NaN	NaN	NaN	NaN	NaN
-3.000	NaN	NaN	NaN	NaN	NaN	NaN	NaN	NaN	NaN	NaN	NaN	NaN	NaN	NaN	NaN	NaN	NaN	NaN	NaN	NaN	NaN	NaN	NaN	NaN	NaN	NaN	NaN	NaN	NaN	NaN	NaN	NaN	NaN	NaN	NaN	NaN	NaN	NaN	NaN	NaN	NaN	NaN	NaN	NaN	2.000	-3.000	202.548	388.184	NaN	NaN	NaN	NaN	NaN	NaN	NaN	6.000	-3.000	174.235	393.108	NaN	NaN	NaN	NaN	NaN	NaN	NaN	25.000	-3.000	172.667	409.396	NaN	NaN	NaN	NaN	NaN	NaN	NaN
-2.000	NaN	NaN	NaN	NaN	NaN	NaN	NaN	NaN	NaN	NaN	NaN	NaN	NaN	NaN	NaN	NaN	NaN	NaN	NaN	NaN	NaN	NaN	NaN	NaN	NaN	NaN	NaN	NaN	NaN	NaN	NaN	NaN	NaN	NaN	NaN	NaN	NaN	NaN	NaN	NaN	NaN	NaN	NaN	NaN	3.000	-2.000	209.953	389.372	NaN	NaN	NaN	NaN	NaN	NaN	NaN	7.000	-2.000	160.100	395.500	NaN	NaN	NaN	NaN	NaN	NaN	NaN	26.000	-2.000	173.278	410.427	NaN	NaN	NaN	NaN	NaN	NaN	NaN
-1.000	NaN	NaN	NaN	NaN	NaN	NaN	NaN	NaN	NaN	NaN	NaN	NaN	NaN	NaN	NaN	NaN	NaN	NaN	NaN	NaN	NaN	NaN	NaN	NaN	NaN	NaN	NaN	NaN	NaN	NaN	NaN	NaN	NaN	NaN	NaN	NaN	NaN	NaN	NaN	NaN	NaN	NaN	NaN	NaN	4.000	-1.000	206.634	386.524	NaN	NaN	NaN	NaN	NaN	NaN	NaN	8.000	-1.000	154.250	406.330	NaN	NaN	NaN	NaN	NaN	NaN	NaN	27.000	-1.000	175.643	409.297	NaN	NaN	NaN	NaN	NaN	NaN	NaN
0.000	1.000	0.000	231.111	405.012	192.973	142.806	152.957	5.125	0.000	NaN	NaN	1.000	0.000	249.826	405.012	222.489	151.600	174.250	4.083	0.000	NaN	NaN	1.000	0.000	228.535	405.012	183.309	135.923	147.773	7.750	0.000	NaN	NaN	1.000	0.000	210.689	405.012	174.706	147.533	162.632	11.391	0.000	NaN	NaN	5.000	0.000	230.207	383.997	209.971	208.947	223.267	0.773	0.773	NaN	NaN	9.000	0.000	165.389	391.811	152.667	152.667	156.000	0.173	0.173	NaN	NaN	28.000	0.000	169.083	409.730	153.383	147.450	155.571	1.012	1.012	NaN	NaN
1.000	2.000	1.000	223.296	388.184	187.072	145.704	163.200	4.329	-0.796	-0.064	0.714	2.000	1.000	252.976	388.184	225.912	168.086	190.625	3.487	-0.596	-0.297	-0.041	2.000	1.000	217.529	388.184	180.074	139.677	161.133	7.858	0.108	0.270	0.109	2.000	1.000	198.929	388.184	170.366	143.355	152.227	11.085	-0.306	0.254	0.472	6.000	1.000	231.725	393.108	230.120	164.943	180.950	4.987	4.214	3.259	-1.046	10.000	1.000	169.324	392.085	162.000	166.120	173.722	0.928	0.756	0.042	-0.416	29.000	1.000	170.641	403.821	153.297	143.458	167.667	2.341	1.328	1.134	0.087
2.000	3.000	2.000	232.000	389.372	187.766	144.586	157.000	4.811	0.482	0.077	-0.191	3.000	2.000	242.622	389.372	200.609	158.300	178.000	2.292	-1.195	-0.050	1.199	3.000	2.000	225.133	389.372	183.063	139.655	156.444	8.207	0.349	0.361	-0.090	3.000	2.000	192.056	389.372	171.703	142.467	159.071	10.725	-0.360	0.205	0.472	7.000	2.000	225.356	395.500	227.901	152.240	164.684	5.274	0.287	0.175	-0.142	11.000	2.000	167.750	391.027	157.962	156.214	166.167	0.733	-0.195	0.226	0.290	30.000	2.000	174.179	405.075	179.000	179.000	191.600	0.364	-1.977	-1.028	1.108E-15
3.000	4.000	3.000	222.407	386.524	185.987	141.069	155.105	4.245	-0.566	0.064	0.395	4.000	3.000	265.133	386.524	212.891	162.909	188.200	2.686	0.395	-0.000	-0.367	4.000	3.000	219.059	386.524	179.936	139.077	160.231	8.540	0.333	0.325	0.090	4.000	3.000	191.300	386.524	169.471	142.719	153.700	10.549	-0.176	0.318	0.357	8.000	3.000	249.455	406.330	222.110	142.731	152.810	9.486	4.211	0.783	-2.947	12.000	3.000	170.419	395.760	160.646	152.276	162.500	1.583	0.850	0.289	-0.269	31.000	3.000	183.918	406.318	NaN	NaN	NaN	NaN	NaN	0.000	0.000
4.000	5.000	4.000	230.074	383.997	189.152	140.000	163.083	4.153	-0.092	0.000	0.076	5.000	4.000	245.711	383.997	204.320	159.382	177.316	2.410	-0.276	0.194	0.456	5.000	4.000	218.152	383.997	179.191	141.222	166.455	8.788	0.249	0.234	0.000	5.000	4.000	196.500	383.997	172.120	150.375	157.269	10.809	0.260	0.319	0.064	9.000	4.000	207.194	391.811	155.915	134.778	142.750	1.913	-7.573	0.197	6.779	13.000	4.000	169.902	398.868	157.035	144.895	163.833	1.748	0.165	0.234	-0.055	32.000	4.000	183.733	411.315	163.691	153.267	162.533	1.453	1.453	0.000	0.000
5.000	6.000	5.000	236.833	393.108	191.571	144.100	166.000	4.310	0.157	-0.064	-0.064	6.000	5.000	255.933	393.108	206.588	159.806	181.348	2.908	0.498	0.134	-0.367	6.000	5.000	229.611	393.108	180.308	144.462	162.667	9.037	0.249	0.325	0.090	6.000	5.000	183.556	393.108	175.071	143.690	155.952	11.077	0.268	0.296	0.049	10.000	5.000	211.300	392.085	162.284	140.897	151.000	1.848	-0.065	-0.143	-0.091	14.000	5.000	183.038	404.138	NaN	NaN	NaN	NaN	NaN	0.000	0.000	33.000	5.000	173.077	406.671	162.867	157.583	171.083	0.798	-0.655	-0.181	0.151
6.000	7.000	6.000	207.222	395.500	185.419	146.000	156.947	2.799	-1.511	-0.014	1.298	7.000	6.000	273.956	395.500	208.616	156.647	176.263	3.119	0.211	0.102	-0.091	7.000	6.000	228.056	395.500	176.656	146.192	164.250	9.489	0.452	0.271	-0.144	7.000	6.000	190.667	395.500	175.354	140.000	156.118	11.938	0.861	0.346	-0.331	11.000	6.000	208.500	391.027	160.630	141.767	151.500	1.913	0.065	-0.037	0.000	15.000	6.000	158.089	407.592	153.162	150.591	157.722	1.575	1.575	0.000	0.000	34.000	6.000	162.241	400.415	153.208	153.636	158.053	0.531	-0.268	0.195	0.390
7.000	8.000	7.000	210.926	406.330	183.963	139.433	152.158	3.606	0.807	0.013	-0.777	8.000	7.000	274.435	406.330	212.129	160.412	183.136	3.230	0.111	0.091	-0.000	8.000	7.000	210.588	406.330	177.559	142.839	159.429	9.616	0.127	0.288	0.160	8.000	7.000	203.444	406.330	174.619	141.235	162.800	12.225	0.287	0.191	-0.191	12.000	7.000	226.682	395.760	207.823	139.000	148.214	5.431	3.519	-0.011	-3.223	16.000	7.000	159.976	409.595	157.111	151.500	161.050	2.444	0.869	-0.091	-0.809	35.000	7.000	170.158	401.511	161.022	157.040	180.000	0.882	0.352	-0.175	-0.516
8.000	9.000	8.000	219.407	391.811	193.019	141.931	157.882	3.801	0.195	0.000	-0.191	9.000	8.000	252.957	391.811	210.773	159.741	191.182	3.252	0.022	0.069	0.037	9.000	8.000	217.735	391.811	177.608	143.692	163.923	10.217	0.601	0.325	-0.234	9.000	8.000	201.606	391.811	175.141	139.519	154.450	12.504	0.279	0.077	-0.063	13.000	8.000	242.705	398.868	211.814	136.889	149.833	5.910	0.479	-0.034	-0.508	17.000	8.000	174.085	408.318	160.108	146.609	161.125	2.968	0.525	-0.137	-0.466	36.000	8.000	180.967	398.955	167.982	165.840	171.818	0.871	-0.011	-0.042	-0.141
9.000	10.000	9.000	238.704	392.085	196.091	143.903	158.556	3.977	0.176	-0.010	-0.192	10.000	9.000	252.156	392.085	207.851	156.594	179.467	3.463	0.211	0.107	-0.037	10.000	9.000	222.067	392.085	179.188	141.900	157.062	10.603	0.387	0.288	0.000	10.000	9.000	217.185	392.085	174.791	138.960	153.200	12.994	0.490	0.127	-0.472	14.000	9.000	234.767	404.138	209.700	139.484	152.385	5.569	-0.341	-0.041	0.233	18.000	9.000	160.727	405.654	160.907	161.914	171.389	1.342	-1.626	-0.636	0.425	37.000	9.000	169.212	399.436	162.462	161.409	170.312	0.752	-0.119	0.081	0.121
10.000	11.000	10.000	221.000	391.027	187.888	136.968	156.562	3.143	-0.834	-0.050	0.776	11.000	10.000	258.935	391.027	217.114	162.469	197.909	3.352	-0.111	-0.196	-0.091	11.000	10.000	243.378	391.027	175.873	147.433	165.062	10.568	-0.035	0.215	0.342	11.000	10.000	206.630	391.027	176.192	141.656	153.174	12.650	-0.344	0.127	0.458	15.000	10.000	239.588	407.592	221.104	145.429	158.381	8.330	2.761	-0.190	-2.807	19.000	10.000	173.955	407.391	162.799	159.793	169.095	1.794	0.452	-0.302	-0.550	38.000	10.000	176.690	406.067	163.237	156.963	167.895	1.020	0.268	0.000	-0.085
11.000	12.000	11.000	217.074	395.760	192.297	147.233	167.000	3.254	0.111	-0.140	-0.268	12.000	11.000	251.067	395.760	210.591	155.258	168.870	3.287	-0.065	-0.090	-0.053	12.000	11.000	226.390	395.760	174.601	143.581	160.318	10.653	0.084	0.128	-0.055	12.000	11.000	193.250	395.760	175.033	146.536	168.800	12.520	-0.130	0.205	0.380	16.000	11.000	240.217	409.595	219.355	140.833	149.647	6.951	-1.379	0.000	1.333	20.000	11.000	166.633	401.280	163.642	164.000	171.529	1.085	-0.708	0.574	0.258	39.000	11.000	162.708	406.368	161.708	159.450	175.667	0.552	-0.469	-0.145	0.067
12.000	13.000	12.000	201.071	398.868	177.097	141.828	153.700	2.772	-0.482	0.063	0.585	13.000	12.000	250.400	398.868	208.218	149.030	163.750	3.306	0.019	-0.090	-0.090	13.000	12.000	241.587	398.868	176.813	150.794	173.938	11.207	0.555	0.075	-0.324	13.000	12.000	205.067	398.868	175.482	139.207	168.444	13.242	0.723	0.141	-0.521	17.000	12.000	241.822	408.318	213.049	146.219	154.500	5.420	-1.531	-0.284	1.150	21.000	12.000	183.576	407.145	169.333	167.682	177.615	1.223	0.138	0.189	-0.578	40.000	12.000	166.857	409.244	161.189	161.424	174.875	0.752	0.201	-1.572E-15	-0.262
13.000	14.000	13.000	209.556	404.138	189.685	143.448	156.300	3.319	0.547	0.000	-0.586	14.000	13.000	279.067	404.138	216.965	148.812	165.444	3.655	0.349	-0.037	-0.415	14.000	13.000	226.956	404.138	179.536	148.400	163.318	11.199	-0.008	0.055	0.055	14.000	13.000	197.815	404.138	175.377	144.250	158.867	13.086	-0.157	0.254	0.331	18.000	13.000	242.311	405.654	212.590	145.344	156.471	5.485	0.065	0.049	0.000	22.000	13.000	178.226	407.267	166.481	161.455	173.333	1.020	-0.203	0.138	0.276	41.000	13.000	173.862	410.479	162.929	159.897	165.708	0.752	0.000	-0.145	1.623E-15
14.000	15.000	14.000	222.630	407.592	195.299	141.062	149.880	3.411	0.092	0.000	-0.064	15.000	14.000	256.778	407.592	210.625	154.469	175.450	3.509	-0.146	-0.054	0.126	15.000	14.000	203.651	407.592	179.386	145.233	169.067	11.069	-0.130	0.034	0.069	15.000	14.000	202.133	407.592	176.362	141.207	155.941	13.789	0.704	0.331	-0.268	19.000	14.000	248.489	407.391	211.809	146.040	155.667	5.293	-0.192	-0.096	0.092	23.000	14.000	165.062	404.266	166.056	165.529	176.111	0.527	-0.493	0.065	0.325	42.000	14.000	178.172	416.866	159.768	153.154	165.333	1.001	0.249	0.257	-0.091
15.000	16.000	15.000	237.593	409.595	199.937	141.500	156.733	3.755	0.344	0.000	-0.384	16.000	15.000	241.535	409.595	210.901	159.935	183.529	3.436	-0.073	0.144	0.144	16.000	15.000	204.091	409.595	180.292	136.120	154.900	11.280	0.211	-0.109	-0.270	16.000	15.000	200.833	409.595	177.791	141.133	167.900	13.957	0.168	0.050	-0.064	20.000	15.000	207.737	401.280	178.810	138.567	151.133	3.146	-2.148	0.320	2.252	24.000	15.000	166.300	404.098	162.000	162.000	177.000	0.238	-0.290	0.058	0.087	43.000	15.000	168.737	419.448	160.500	158.120	167.700	0.763	-0.238	-0.273	0.143
16.000	17.000	16.000	216.630	408.318	179.826	149.033	167.250	1.873	-1.882	-0.063	1.750	17.000	16.000	259.854	408.318	221.306	169.781	200.750	3.693	0.257	-0.144	-0.415	17.000	16.000	203.205	408.318	180.400	141.533	166.600	11.494	0.214	0.165	-0.055	17.000	16.000	201.485	408.318	174.704	141.690	153.353	14.179	0.222	0.063	-0.141	21.000	16.000	233.844	407.145	204.827	144.387	160.000	5.607	2.462	-0.092	-2.253	25.000	16.000	174.941	409.396	161.717	160.727	173.130	0.630	0.393	0.056	-0.331	44.000	16.000	171.375	421.596	171.167	171.167	177.400	0.219	-0.545	-0.029	0.145
17.000	18.000	17.000	225.179	405.654	192.260	148.065	171.214	2.596	0.723	-0.063	-0.662	18.000	17.000	241.543	405.654	213.548	159.306	189.867	3.433	-0.260	-0.170	0.078	18.000	17.000	217.750	405.654	178.953	146.500	163.722	11.586	0.092	0.200	0.123	18.000	17.000	221.515	405.654	175.323	152.167	167.263	14.302	0.122	-0.154	-0.255	22.000	17.000	250.244	407.267	210.672	147.469	161.320	6.389	0.781	-0.276	-1.056	NaN	NaN	NaN	NaN	NaN	NaN	NaN	NaN	NaN	NaN	NaN	NaN	NaN	NaN	NaN	NaN	NaN	NaN	NaN	NaN	NaN	NaN
18.000	19.000	18.000	226.769	407.391	184.692	150.000	170.600	2.225	-0.371	0.000	0.456	19.000	18.000	257.622	407.391	211.273	153.200	166.550	3.471	0.038	-0.130	-0.130	19.000	18.000	213.206	407.391	178.567	144.500	162.235	11.291	-0.295	0.179	0.379	19.000	18.000	202.576	407.391	175.591	149.000	157.423	13.931	-0.371	-0.013	0.331	23.000	18.000	205.161	404.266	178.437	147.625	161.889	3.058	-3.330	-0.136	2.712	NaN	NaN	NaN	NaN	NaN	NaN	NaN	NaN	NaN	NaN	NaN	NaN	NaN	NaN	NaN	NaN	NaN	NaN	NaN	NaN	NaN	NaN
19.000	20.000	19.000	228.528	401.280	183.021	152.065	174.909	2.022	-0.203	0.000	0.142	20.000	19.000	265.370	401.280	211.592	161.061	187.438	3.452	-0.019	-0.234	-0.234	20.000	19.000	218.333	401.280	177.412	139.094	157.467	11.586	0.295	0.167	-0.089	20.000	19.000	209.452	401.280	173.865	162.973	172.652	14.929	0.999	0.467	-0.267	24.000	19.000	215.459	404.098	183.360	156.935	187.000	3.246	0.187	-0.367	-0.415	NaN	NaN	NaN	NaN	NaN	NaN	NaN	NaN	NaN	NaN	NaN	NaN	NaN	NaN	NaN	NaN	NaN	NaN	NaN	NaN	NaN	NaN
20.000	21.000	20.000	221.056	407.145	180.750	148.032	162.222	1.892	-0.130	0.053	0.139	21.000	20.000	272.884	407.145	216.141	172.029	191.158	3.257	-0.195	-0.182	-0.039	21.000	20.000	226.413	407.145	179.629	143.630	160.250	12.382	0.796	0.212	-0.401	21.000	20.000	204.000	407.145	179.582	181.949	202.231	14.428	-0.501	-0.244	0.192	25.000	20.000	243.465	409.396	219.739	156.062	177.857	5.520	2.274	-0.319	-2.344	NaN	NaN	NaN	NaN	NaN	NaN	NaN	NaN	NaN	NaN	NaN	NaN	NaN	NaN	NaN	NaN	NaN	NaN	NaN	NaN	NaN	NaN
21.000	22.000	21.000	209.500	407.267	179.898	150.724	173.143	1.716	-0.176	-0.048	0.063	22.000	21.000	255.273	407.267	208.938	164.389	201.182	3.027	-0.230	-0.142	0.142	22.000	21.000	220.806	407.267	179.969	149.630	172.812	12.214	-0.168	0.290	0.256	22.000	21.000	199.433	407.267	182.302	180.286	199.762	13.889	-0.539	-0.407	0.000	26.000	21.000	241.721	410.427	214.773	148.333	174.417	5.623	0.103	-0.227	-0.275	NaN	NaN	NaN	NaN	NaN	NaN	NaN	NaN	NaN	NaN	NaN	NaN	NaN	NaN	NaN	NaN	NaN	NaN	NaN	NaN	NaN	NaN
22.000	23.000	22.000	209.000	404.266	178.792	150.833	176.091	1.513	-0.203	-0.190	0.078	23.000	22.000	288.170	404.266	221.410	173.143	206.000	3.230	0.203	-0.142	-0.376	23.000	22.000	204.024	404.266	180.691	140.759	160.154	12.233	0.019	0.290	0.379	23.000	22.000	224.633	404.266	184.923	169.971	189.286	14.038	0.149	-0.371	-0.523	27.000	22.000	210.618	409.297	186.538	154.212	183.714	3.418	-2.205	-0.092	1.749	NaN	NaN	NaN	NaN	NaN	NaN	NaN	NaN	NaN	NaN	NaN	NaN	NaN	NaN	NaN	NaN	NaN	NaN	NaN	NaN	NaN	NaN
23.000	24.000	23.000	232.033	404.098	186.639	150.793	171.400	1.540	0.027	0.000	-0.063	24.000	23.000	261.783	404.098	224.653	180.545	216.167	2.797	-0.433	-0.182	0.234	24.000	23.000	200.324	404.098	182.509	144.385	165.545	12.252	0.019	0.200	0.145	24.000	23.000	229.222	404.098	188.071	174.026	196.857	13.705	-0.333	-0.459	-0.204	28.000	23.000	251.822	409.730	215.324	154.500	176.000	5.926	2.508	-0.043	-2.116	NaN	NaN	NaN	NaN	NaN	NaN	NaN	NaN	NaN	NaN	NaN	NaN	NaN	NaN	NaN	NaN	NaN	NaN	NaN	NaN	NaN	NaN
24.000	25.000	24.000	219.286	409.396	182.306	145.375	163.333	1.429	-0.111	0.053	0.128	25.000	24.000	248.319	409.396	212.883	172.676	204.158	2.732	-0.065	-0.049	0.006	25.000	24.000	238.244	409.396	179.606	145.643	164.846	11.773	-0.479	0.178	0.736	25.000	24.000	206.212	409.396	187.407	164.086	182.815	12.745	-0.961	-0.370	0.612	29.000	24.000	219.387	403.821	181.316	145.133	164.846	3.640	-2.286	0.043	1.841	NaN	NaN	NaN	NaN	NaN	NaN	NaN	NaN	NaN	NaN	NaN	NaN	NaN	NaN	NaN	NaN	NaN	NaN	NaN	NaN	NaN	NaN
25.000	26.000	25.000	220.433	410.427	183.832	155.333	178.750	1.299	-0.130	0.017	0.126	26.000	25.000	247.174	410.427	208.125	170.000	205.810	2.556	-0.176	-0.140	-0.000	26.000	25.000	242.891	410.427	176.790	142.967	161.176	11.819	0.046	0.178	0.178	26.000	25.000	219.333	410.427	186.408	174.250	207.812	12.772	0.027	-0.191	-0.268	30.000	25.000	213.194	405.075	182.856	147.424	163.100	3.778	0.138	0.050	-0.050	NaN	NaN	NaN	NaN	NaN	NaN	NaN	NaN	NaN	NaN	NaN	NaN	NaN	NaN	NaN	NaN	NaN	NaN	NaN	NaN	NaN	NaN
26.000	27.000	26.000	230.583	409.297	189.350	153.433	171.625	1.781	0.482	0.000	-0.394	27.000	26.000	278.477	409.297	213.722	176.938	206.050	2.713	0.157	-0.047	-0.276	27.000	26.000	240.578	409.297	179.461	141.852	154.318	11.911	0.092	0.268	0.145	27.000	26.000	229.750	409.297	187.143	171.606	194.174	12.940	0.168	-0.204	-0.395	31.000	26.000	231.333	406.318	188.627	149.656	170.529	4.398	0.620	0.101	-0.325	NaN	NaN	NaN	NaN	NaN	NaN	NaN	NaN	NaN	NaN	NaN	NaN	NaN	NaN	NaN	NaN	NaN	NaN	NaN	NaN	NaN	NaN
27.000	28.000	27.000	227.694	409.730	182.809	151.900	177.889	1.762	-0.019	0.000	0.000	28.000	27.000	258.683	409.730	216.678	175.719	215.938	2.418	-0.295	-0.000	0.276	28.000	27.000	237.372	409.730	178.705	140.259	155.071	12.214	0.303	0.502	0.123	28.000	27.000	207.964	409.730	185.445	164.054	185.550	12.114	-0.826	-0.204	0.586	32.000	27.000	238.075	411.315	195.881	166.229	175.161	4.884	0.487	0.142	-0.366	NaN	NaN	NaN	NaN	NaN	NaN	NaN	NaN	NaN	NaN	NaN	NaN	NaN	NaN	NaN	NaN	NaN	NaN	NaN	NaN	NaN	NaN
28.000	29.000	28.000	227.667	403.821	187.156	156.844	181.000	1.632	-0.130	-0.141	0.000	29.000	28.000	240.325	403.821	208.204	170.265	195.870	2.399	-0.019	-0.000	0.044	29.000	28.000	231.487	403.821	176.008	138.929	171.167	12.712	0.498	0.524	0.055	29.000	28.000	207.233	403.821	186.974	166.515	187.217	11.540	-0.574	-0.268	0.268	33.000	28.000	234.707	406.671	201.490	168.970	188.316	5.320	0.436	0.079	-0.273	NaN	NaN	NaN	NaN	NaN	NaN	NaN	NaN	NaN	NaN	NaN	NaN	NaN	NaN	NaN	NaN	NaN	NaN	NaN	NaN	NaN	NaN
29.000	30.000	29.000	222.933	405.075	185.549	153.548	179.077	1.762	0.130	0.018	-0.143	30.000	29.000	286.067	405.075	215.543	160.250	187.438	2.843	0.444	-0.048	-0.415	30.000	29.000	248.500	405.075	175.118	134.742	153.625	13.209	0.498	0.401	-0.089	30.000	29.000	197.321	405.075	188.727	167.758	189.294	11.426	-0.114	-0.127	-0.013	34.000	29.000	242.463	400.415	210.578	157.906	176.095	5.726	0.406	0.000	-0.416	NaN	NaN	NaN	NaN	NaN	NaN	NaN	NaN	NaN	NaN	NaN	NaN	NaN	NaN	NaN	NaN	NaN	NaN	NaN	NaN	NaN	NaN
30.000	31.000	30.000	219.893	406.318	191.636	160.788	187.615	1.678	-0.084	-0.079	0.000	31.000	30.000	287.867	406.318	220.185	164.686	194.143	2.824	-0.019	-0.000	0.047	31.000	30.000	231.583	406.318	177.045	139.464	154.250	13.653	0.444	0.580	0.145	31.000	30.000	223.750	406.318	189.988	168.147	189.500	12.019	0.593	-0.191	-0.726	35.000	30.000	235.333	401.511	208.324	161.875	191.818	6.232	0.506	0.131	-0.274	NaN	NaN	NaN	NaN	NaN	NaN	NaN	NaN	NaN	NaN	NaN	NaN	NaN	NaN	NaN	NaN	NaN	NaN	NaN	NaN	NaN	NaN
31.000	32.000	31.000	211.879	411.315	182.459	155.281	167.217	1.789	0.111	0.063	0.000	32.000	31.000	268.289	411.315	220.217	167.879	218.125	2.621	-0.203	-0.044	0.184	32.000	31.000	232.000	411.315	173.831	134.259	150.938	13.967	0.314	0.379	0.089	32.000	31.000	219.778	411.315	190.482	169.629	192.200	11.916	-0.103	-0.112	-0.093	36.000	31.000	246.312	398.955	219.369	153.367	169.684	6.573	0.341	0.077	-0.317	NaN	NaN	NaN	NaN	NaN	NaN	NaN	NaN	NaN	NaN	NaN	NaN	NaN	NaN	NaN	NaN	NaN	NaN	NaN	NaN	NaN	NaN
32.000	33.000	32.000	208.848	406.671	182.503	159.742	181.938	1.762	-0.027	-0.063	0.000	33.000	32.000	260.667	406.671	209.986	161.667	187.923	2.640	0.019	0.045	-0.000	33.000	32.000	244.590	406.671	175.885	133.393	146.111	14.568	0.601	0.402	-0.089	33.000	32.000	218.861	406.671	191.155	172.257	195.750	11.935	0.019	-0.141	-0.015	37.000	32.000	234.256	399.436	211.850	147.655	163.167	6.450	-0.122	0.135	0.189	NaN	NaN	NaN	NaN	NaN	NaN	NaN	NaN	NaN	NaN	NaN	NaN	NaN	NaN	NaN	NaN	NaN	NaN	NaN	NaN	NaN	NaN
33.000	34.000	33.000	208.143	400.415	177.320	144.032	162.750	1.567	-0.195	-0.125	0.000	34.000	33.000	274.622	400.415	210.918	168.097	189.650	2.640	0.000	-0.044	-0.000	34.000	33.000	241.135	400.415	177.669	133.778	145.118	14.870	0.303	0.502	0.145	34.000	33.000	227.724	400.415	185.584	163.892	193.167	11.663	-0.271	-0.126	0.126	38.000	33.000	252.070	406.067	212.189	144.185	160.950	6.994	0.544	0.227	-0.281	NaN	NaN	NaN	NaN	NaN	NaN	NaN	NaN	NaN	NaN	NaN	NaN	NaN	NaN	NaN	NaN	NaN	NaN	NaN	NaN	NaN	NaN
34.000	35.000	34.000	205.897	401.511	169.477	144.516	160.783	2.049	0.482	0.063	-0.268	35.000	34.000	270.136	401.511	209.675	161.710	194.625	2.621	-0.019	0.045	-0.000	35.000	34.000	248.953	401.511	174.653	130.741	136.714	15.555	0.685	0.346	-0.201	35.000	34.000	211.889	401.511	187.323	166.657	192.158	11.128	-0.536	-0.189	0.173	39.000	34.000	251.022	406.368	212.505	139.222	155.316	7.151	0.157	0.136	0.048	NaN	NaN	NaN	NaN	NaN	NaN	NaN	NaN	NaN	NaN	NaN	NaN	NaN	NaN	NaN	NaN	NaN	NaN	NaN	NaN	NaN	NaN
35.000	36.000	35.000	187.286	398.955	163.850	148.323	173.727	1.475	-0.574	-0.044	0.348	36.000	35.000	274.756	398.955	210.180	168.281	190.091	2.556	-0.065	-0.043	-0.049	36.000	35.000	259.757	398.955	175.605	135.565	152.917	15.739	0.184	0.201	-0.033	36.000	35.000	221.963	398.955	184.920	161.629	178.864	10.922	-0.206	-0.233	-0.017	40.000	35.000	216.256	409.244	211.235	145.774	162.136	6.710	-0.441	0.000	0.462	NaN	NaN	NaN	NaN	NaN	NaN	NaN	NaN	NaN	NaN	NaN	NaN	NaN	NaN	NaN	NaN	NaN	NaN	NaN	NaN	NaN	NaN
36.000	37.000	36.000	206.800	399.436	173.320	151.533	171.308	1.873	0.398	0.046	-0.347	37.000	36.000	261.043	399.436	206.196	159.686	197.929	2.640	0.084	0.045	0.047	37.000	36.000	248.775	399.436	176.346	135.556	159.625	16.026	0.287	0.112	-0.089	37.000	36.000	220.111	399.436	184.865	160.939	181.130	11.071	0.149	-0.142	-0.188	41.000	36.000	245.409	410.479	210.356	146.357	172.889	7.270	0.559	0.228	-0.371	NaN	NaN	NaN	NaN	NaN	NaN	NaN	NaN	NaN	NaN	NaN	NaN	NaN	NaN	NaN	NaN	NaN	NaN	NaN	NaN	NaN	NaN
37.000	38.000	37.000	226.143	406.067	184.503	150.571	169.353	1.946	0.073	0.000	-0.126	38.000	37.000	262.733	406.067	212.111	170.394	208.818	2.594	-0.046	-0.045	0.047	38.000	37.000	251.413	406.067	173.908	133.185	143.706	16.478	0.452	0.234	-0.145	38.000	37.000	218.943	406.067	183.696	150.250	171.875	10.922	-0.149	0.000	0.142	42.000	37.000	217.442	416.866	204.447	138.700	158.688	6.301	-0.968	0.000	0.863	NaN	NaN	NaN	NaN	NaN	NaN	NaN	NaN	NaN	NaN	NaN	NaN	NaN	NaN	NaN	NaN	NaN	NaN	NaN	NaN	NaN	NaN
38.000	39.000	38.000	213.815	406.368	191.544	150.875	166.105	2.910	0.964	-0.203	-1.111	39.000	38.000	268.644	406.368	212.946	171.353	198.267	2.667	0.073	0.052	-0.092	39.000	38.000	244.400	406.368	175.251	132.107	144.105	16.516	0.038	0.000	0.000	39.000	38.000	208.273	406.368	181.722	143.600	172.545	10.849	-0.073	-0.046	0.000	43.000	38.000	242.289	419.448	208.296	136.040	153.769	7.703	1.401	0.231	-1.051	NaN	NaN	NaN	NaN	NaN	NaN	NaN	NaN	NaN	NaN	NaN	NaN	NaN	NaN	NaN	NaN	NaN	NaN	NaN	NaN	NaN	NaN
39.000	40.000	39.000	217.926	409.244	192.439	153.833	183.222	2.837	-0.073	0.013	0.064	40.000	39.000	269.953	409.244	209.817	164.818	202.700	2.648	-0.019	0.045	-0.000	40.000	39.000	231.439	409.244	172.168	136.143	152.000	16.359	-0.157	-0.033	0.000	40.000	39.000	217.441	409.244	180.383	141.484	157.316	10.987	0.138	0.000	-0.063	44.000	39.000	232.556	421.596	207.020	138.346	161.214	8.035	0.333	0.238	-0.049	NaN	NaN	NaN	NaN	NaN	NaN	NaN	NaN	NaN	NaN	NaN	NaN	NaN	NaN	NaN	NaN	NaN	NaN	NaN	NaN	NaN	NaN
40.000	41.000	40.000	225.889	410.479	193.770	151.300	167.667	3.273	0.436	-0.076	-0.331	41.000	40.000	249.884	410.479	198.970	163.188	180.941	2.491	-0.157	-0.090	0.092	41.000	40.000	248.738	410.479	173.734	142.393	158.929	16.654	0.295	-0.056	-0.290	41.000	40.000	216.744	410.479	181.949	150.548	174.556	11.155	0.168	0.046	-0.080	45.000	40.000	239.191	422.672	205.878	132.677	158.571	8.300	0.265	0.092	-0.184	NaN	NaN	NaN	NaN	NaN	NaN	NaN	NaN	NaN	NaN	NaN	NaN	NaN	NaN	NaN	NaN	NaN	NaN	NaN	NaN	NaN	NaN
41.000	42.000	41.000	228.400	416.866	193.311	149.643	166.188	3.354	0.081	0.064	-0.077	42.000	41.000	273.522	416.866	209.476	167.467	196.385	2.778	0.287	0.002	-0.276	42.000	41.000	238.095	416.866	172.542	136.667	155.800	16.987	0.333	0.258	0.000	42.000	41.000	223.378	416.866	181.328	148.375	167.588	11.117	-0.038	0.000	-0.047	46.000	41.000	250.068	425.710	209.159	142.312	162.125	8.538	0.238	-0.092	-0.416	NaN	NaN	NaN	NaN	NaN	NaN	NaN	NaN	NaN	NaN	NaN	NaN	NaN	NaN	NaN	NaN	NaN	NaN	NaN	NaN	NaN	NaN
42.000	43.000	42.000	230.879	419.448	196.620	147.536	156.217	3.273	-0.081	0.000	0.076	43.000	42.000	285.733	419.448	209.835	161.800	180.348	2.786	0.008	1.289E-15	-0.046	43.000	42.000	227.795	419.448	170.067	136.240	153.895	16.895	-0.092	0.201	0.257	43.000	42.000	227.926	419.448	182.476	147.633	170.647	10.776	-0.341	0.000	0.188	47.000	42.000	238.489	422.865	207.066	141.000	156.500	7.764	-0.773	0.087	0.874	NaN	NaN	NaN	NaN	NaN	NaN	NaN	NaN	NaN	NaN	NaN	NaN	NaN	NaN	NaN	NaN	NaN	NaN	NaN	NaN	NaN	NaN
43.000	44.000	43.000	212.074	421.596	186.675	142.033	163.267	2.856	-0.417	0.000	0.331	44.000	43.000	276.467	421.596	203.932	161.200	183.650	2.740	-0.046	-0.000	0.045	44.000	43.000	231.622	421.596	170.113	138.786	157.545	16.907	0.013	0.327	0.179	44.000	43.000	219.821	421.596	184.906	155.630	180.857	10.803	0.027	-0.063	0.000	48.000	43.000	212.381	420.270	203.066	140.444	163.692	7.710	-0.054	0.135	0.135	NaN	NaN	NaN	NaN	NaN	NaN	NaN	NaN	NaN	NaN	NaN	NaN	NaN	NaN	NaN	NaN	NaN	NaN	NaN	NaN	NaN	NaN
44.000	45.000	44.000	221.667	422.672	188.460	146.893	169.462	3.059	0.203	-0.064	-0.268	45.000	44.000	287.625	422.672	212.564	165.613	195.000	2.870	0.130	0.046	-0.092	45.000	44.000	209.588	422.672	169.870	137.800	148.200	16.815	-0.092	0.200	0.290	45.000	44.000	217.381	422.672	184.649	141.714	177.455	11.109	0.306	0.017	-0.125	49.000	44.000	236.578	419.094	197.450	140.067	157.412	8.289	0.578	0.140	-0.367	NaN	NaN	NaN	NaN	NaN	NaN	NaN	NaN	NaN	NaN	NaN	NaN	NaN	NaN	NaN	NaN	NaN	NaN	NaN	NaN	NaN	NaN
45.000	46.000	45.000	212.667	425.710	192.345	147.967	176.545	3.059	0.000	0.000	0.000	46.000	45.000	271.913	425.710	218.185	165.438	208.133	2.705	-0.165	-0.044	0.228	46.000	45.000	222.083	425.710	169.893	136.840	147.500	17.064	0.249	0.089	-0.145	46.000	45.000	236.179	425.710	182.706	143.097	161.700	10.803	-0.306	-0.017	0.126	50.000	45.000	236.186	422.099	197.404	135.500	155.286	8.213	-0.076	0.136	0.048	NaN	NaN	NaN	NaN	NaN	NaN	NaN	NaN	NaN	NaN	NaN	NaN	NaN	NaN	NaN	NaN	NaN	NaN	NaN	NaN	NaN	NaN
46.000	47.000	46.000	216.593	422.865	191.437	151.656	172.571	1.464	-1.595	-0.223	1.270	47.000	46.000	277.872	422.865	215.725	163.719	200.200	2.759	0.054	-0.000	-0.092	47.000	46.000	223.535	422.865	169.265	142.000	154.579	17.535	0.471	0.179	-0.200	47.000	46.000	212.400	422.865	182.138	147.906	168.900	10.803	0.000	0.000	0.000	51.000	46.000	224.721	419.385	198.667	140.448	161.571	8.324	0.111	0.184	0.092	NaN	NaN	NaN	NaN	NaN	NaN	NaN	NaN	NaN	NaN	NaN	NaN	NaN	NaN	NaN	NaN	NaN	NaN	NaN	NaN	NaN	NaN
47.000	48.000	47.000	221.069	420.270	210.038	156.037	181.353	3.820	2.356	-0.129	-2.332	48.000	47.000	254.233	420.270	210.519	166.969	206.467	2.510	-0.249	-0.000	0.231	48.000	47.000	226.231	420.270	168.420	136.741	162.889	17.505	-0.030	0.214	0.200	48.000	47.000	214.806	420.270	181.652	148.629	166.000	10.895	0.092	0.017	0.000	52.000	47.000	226.977	416.988	195.991	136.815	150.800	8.481	0.157	0.140	0.000	NaN	NaN	NaN	NaN	NaN	NaN	NaN	NaN	NaN	NaN	NaN	NaN	NaN	NaN	NaN	NaN	NaN	NaN	NaN	NaN	NaN	NaN
48.000	49.000	48.000	210.148	419.094	214.286	164.344	185.043	3.154	-0.666	-0.536	0.059	49.000	48.000	290.130	419.094	215.686	173.394	209.167	2.897	0.387	-0.000	-0.372	49.000	48.000	222.147	419.094	168.184	137.231	150.318	17.332	-0.173	-0.123	0.034	49.000	48.000	198.367	419.094	181.017	150.839	184.400	10.635	-0.260	0.063	0.205	53.000	48.000	252.870	424.150	191.155	136.367	151.000	9.273	0.793	0.276	-0.367	NaN	NaN	NaN	NaN	NaN	NaN	NaN	NaN	NaN	NaN	NaN	NaN	NaN	NaN	NaN	NaN	NaN	NaN	NaN	NaN	NaN	NaN
49.000	50.000	49.000	232.778	422.099	209.618	150.750	173.188	4.199	1.045	0.065	-0.776	50.000	49.000	287.512	422.099	217.578	173.710	204.875	2.851	-0.046	0.092	0.094	50.000	49.000	204.966	422.099	167.713	135.357	147.158	16.390	-0.942	0.000	0.792	50.000	49.000	220.100	422.099	179.428	144.000	167.385	10.979	0.344	0.000	-0.331	54.000	49.000	225.211	417.513	190.726	146.414	164.167	8.672	-0.601	0.323	0.691	NaN	NaN	NaN	NaN	NaN	NaN	NaN	NaN	NaN	NaN	NaN	NaN	NaN	NaN	NaN	NaN	NaN	NaN	NaN	NaN	NaN	NaN
50.000	51.000	50.000	251.139	419.385	204.179	150.118	178.333	4.524	0.325	-0.063	-0.329	51.000	50.000	278.133	419.385	216.959	178.861	212.588	2.713	-0.138	-0.092	0.044	51.000	50.000	208.929	419.385	166.005	134.786	145.263	16.528	0.138	0.089	-0.034	51.000	50.000	227.607	419.385	182.127	140.000	159.294	10.960	-0.019	-0.063	0.000	55.000	50.000	242.867	423.305	189.012	136.742	155.118	9.565	0.892	0.324	-0.415	NaN	NaN	NaN	NaN	NaN	NaN	NaN	NaN	NaN	NaN	NaN	NaN	NaN	NaN	NaN	NaN	NaN	NaN	NaN	NaN	NaN	NaN
51.000	52.000	51.000	234.184	416.988	203.387	154.875	172.000	4.153	-0.371	-0.065	0.260	52.000	51.000	296.689	416.988	224.201	170.529	205.867	2.851	0.138	-0.000	-0.140	52.000	51.000	222.364	416.988	165.659	138.222	147.263	16.999	0.471	0.179	-0.200	52.000	51.000	220.938	416.988	179.083	148.613	169.222	11.063	0.103	0.000	-0.109	56.000	51.000	232.977	416.217	183.376	136.462	166.222	8.794	-0.770	0.228	0.966	NaN	NaN	NaN	NaN	NaN	NaN	NaN	NaN	NaN	NaN	NaN	NaN	NaN	NaN	NaN	NaN	NaN	NaN	NaN	NaN	NaN	NaN
52.000	53.000	52.000	242.870	424.150	210.491	161.156	183.533	4.643	0.490	0.000	-0.333	53.000	52.000	272.886	424.150	220.807	169.531	199.400	2.667	-0.184	-0.000	0.186	53.000	52.000	215.259	424.150	165.345	133.577	152.154	16.972	-0.027	0.145	0.089	53.000	52.000	228.395	424.150	182.141	144.933	163.688	11.312	0.249	0.048	-0.111	57.000	52.000	242.319	418.745	191.537	140.333	154.000	10.112	1.317	0.272	-0.966	NaN	NaN	NaN	NaN	NaN	NaN	NaN	NaN	NaN	NaN	NaN	NaN	NaN	NaN	NaN	NaN	NaN	NaN	NaN	NaN	NaN	NaN
53.000	54.000	53.000	217.333	417.513	194.686	153.188	161.846	2.829	-1.813	-0.198	1.145	54.000	53.000	280.773	417.513	225.949	176.906	209.375	2.575	-0.092	0.047	0.137	54.000	53.000	220.571	417.513	166.433	138.222	147.318	17.321	0.349	0.324	0.000	54.000	53.000	216.286	417.513	180.832	149.806	169.667	10.787	-0.525	-0.047	0.331	58.000	53.000	244.578	421.819	190.895	142.464	156.867	10.273	0.162	0.274	0.047	NaN	NaN	NaN	NaN	NaN	NaN	NaN	NaN	NaN	NaN	NaN	NaN	NaN	NaN	NaN	NaN	NaN	NaN	NaN	NaN	NaN	NaN
54.000	55.000	54.000	228.148	423.305	202.002	158.677	186.400	3.720	0.891	-0.064	-0.842	55.000	54.000	248.778	423.305	219.443	172.250	211.000	2.337	-0.238	-0.000	0.273	55.000	54.000	236.321	423.305	168.699	139.400	158.750	17.581	0.260	0.056	-0.200	55.000	54.000	219.933	423.305	180.435	150.000	173.867	10.898	0.111	0.000	-0.126	59.000	54.000	229.767	420.451	185.823	142.867	165.529	9.335	-0.938	0.231	1.147	NaN	NaN	NaN	NaN	NaN	NaN	NaN	NaN	NaN	NaN	NaN	NaN	NaN	NaN	NaN	NaN	NaN	NaN	NaN	NaN	NaN	NaN
55.000	56.000	55.000	202.259	416.217	186.562	152.281	178.667	1.773	-1.947	-0.008	1.779	56.000	55.000	262.130	416.217	219.793	175.556	210.133	2.437	0.100	-0.045	-0.137	56.000	55.000	202.410	416.217	167.456	138.040	161.333	17.424	-0.157	0.034	0.345	56.000	55.000	226.194	416.217	179.154	138.600	159.333	11.177	0.279	0.000	-0.189	60.000	55.000	232.698	420.982	184.632	143.517	155.273	9.710	0.376	0.366	-0.092	NaN	NaN	NaN	NaN	NaN	NaN	NaN	NaN	NaN	NaN	NaN	NaN	NaN	NaN	NaN	NaN	NaN	NaN	NaN	NaN	NaN	NaN
56.000	57.000	56.000	205.000	418.745	194.715	157.844	178.467	1.689	-0.084	-0.006	0.065	57.000	56.000	257.364	418.745	205.899	168.688	195.158	2.116	-0.322	-0.000	0.368	57.000	56.000	222.400	418.745	170.117	141.160	153.588	17.654	0.230	-0.034	-0.379	57.000	56.000	230.103	418.745	178.363	142.833	163.143	11.380	0.203	0.000	-0.142	61.000	56.000	252.733	424.567	185.887	148.586	159.136	10.365	0.655	0.184	-0.368	NaN	NaN	NaN	NaN	NaN	NaN	NaN	NaN	NaN	NaN	NaN	NaN	NaN	NaN	NaN	NaN	NaN	NaN	NaN	NaN	NaN	NaN
57.000	58.000	57.000	224.833	421.819	204.073	150.875	168.176	3.739	2.050	0.000	-1.953	58.000	57.000	262.628	421.819	210.361	167.214	213.667	2.116	0.000	-0.047	-0.139	58.000	57.000	242.219	421.819	170.840	140.345	161.667	17.746	0.092	-0.055	-0.145	58.000	57.000	214.848	421.819	179.174	143.774	158.429	10.955	-0.425	0.000	0.346	62.000	57.000	239.578	423.454	186.994	144.667	163.550	10.503	0.138	0.184	0.092	NaN	NaN	NaN	NaN	NaN	NaN	NaN	NaN	NaN	NaN	NaN	NaN	NaN	NaN	NaN	NaN	NaN	NaN	NaN	NaN	NaN	NaN
58.000	59.000	58.000	214.744	420.451	200.644	152.793	178.182	4.126	0.387	0.000	-0.132	59.000	58.000	275.979	420.451	217.676	171.148	205.308	2.383	0.268	0.048	-0.184	59.000	58.000	219.639	420.451	170.490	132.897	156.875	17.627	-0.119	-0.034	0.145	59.000	58.000	224.848	420.451	177.901	151.655	165.900	11.223	0.268	0.063	-0.205	63.000	58.000	226.556	418.568	187.486	147.483	169.933	10.181	-0.322	0.092	0.368	NaN	NaN	NaN	NaN	NaN	NaN	NaN	NaN	NaN	NaN	NaN	NaN	NaN	NaN	NaN	NaN	NaN	NaN	NaN	NaN	NaN	NaN
59.000	60.000	59.000	216.609	420.982	198.008	147.133	164.312	4.359	0.233	0.000	-0.204	60.000	59.000	259.775	420.982	205.810	163.806	196.067	2.169	-0.214	-0.000	0.134	60.000	59.000	234.977	420.982	171.142	140.214	153.000	18.293	0.666	0.112	-0.401	60.000	59.000	240.804	420.982	181.707	146.867	180.500	11.705	0.482	0.000	-0.316	64.000	59.000	254.711	423.341	189.244	140.962	155.952	10.806	0.624	-0.092	-0.735	NaN	NaN	NaN	NaN	NaN	NaN	NaN	NaN	NaN	NaN	NaN	NaN	NaN	NaN	NaN	NaN	NaN	NaN	NaN	NaN	NaN	NaN
60.000	61.000	60.000	215.028	424.567	199.785	156.069	188.000	4.256	-0.103	0.000	0.005	61.000	60.000	284.636	424.567	216.723	167.031	202.429	2.345	0.176	-0.042	-0.134	61.000	60.000	238.262	424.567	172.804	139.417	156.667	18.266	-0.027	0.022	0.022	61.000	60.000	230.394	424.567	183.334	144.125	163.421	11.112	-0.593	-0.015	0.395	65.000	60.000	260.978	416.509	191.757	139.154	164.385	11.035	0.230	-0.045	-0.276	NaN	NaN	NaN	NaN	NaN	NaN	NaN	NaN	NaN	NaN	NaN	NaN	NaN	NaN	NaN	NaN	NaN	NaN	NaN	NaN	NaN	NaN
61.000	62.000	61.000	223.871	423.454	203.566	158.094	181.600	4.134	-0.122	0.000	0.061	62.000	61.000	274.721	423.454	216.346	167.781	198.611	2.253	-0.092	-0.000	0.092	62.000	61.000	239.884	423.454	173.316	133.370	148.688	18.182	-0.084	-0.256	-0.201	62.000	61.000	220.394	423.454	178.994	153.714	169.038	11.112	0.000	0.015	0.063	66.000	61.000	259.111	418.228	188.829	141.038	155.167	11.081	0.046	0.047	0.000	NaN	NaN	NaN	NaN	NaN	NaN	NaN	NaN	NaN	NaN	NaN	NaN	NaN	NaN	NaN	NaN	NaN	NaN	NaN	NaN	NaN	NaN
62.000	63.000	62.000	210.000	418.568	208.173	155.552	171.286	4.191	0.057	0.000	0.067	63.000	62.000	273.143	418.568	210.354	171.935	211.000	2.142	-0.111	-0.000	0.048	63.000	62.000	237.061	418.568	173.464	145.292	168.833	17.960	-0.222	-0.278	-0.022	63.000	62.000	217.444	418.568	179.411	154.625	175.944	10.603	-0.509	-0.078	0.268	67.000	62.000	229.442	415.032	180.617	138.241	160.688	9.875	-1.206	0.137	1.288	NaN	NaN	NaN	NaN	NaN	NaN	NaN	NaN	NaN	NaN	NaN	NaN	NaN	NaN	NaN	NaN	NaN	NaN	NaN	NaN	NaN	NaN
63.000	64.000	63.000	217.140	423.341	207.119	160.781	171.846	4.329	0.138	0.000	-0.139	64.000	63.000	268.933	423.341	218.153	169.469	202.632	2.253	0.111	-0.000	-0.000	64.000	63.000	226.043	423.341	173.892	138.333	149.059	17.570	-0.390	-0.469	-0.083	64.000	63.000	230.806	423.341	181.219	152.000	180.214	11.269	0.666	0.015	-0.473	68.000	63.000	228.500	416.091	178.412	135.821	147.833	9.699	-0.176	0.092	0.137	NaN	NaN	NaN	NaN	NaN	NaN	NaN	NaN	NaN	NaN	NaN	NaN	NaN	NaN	NaN	NaN	NaN	NaN	NaN	NaN	NaN	NaN
64.000	65.000	64.000	205.741	416.509	200.177	164.176	180.043	2.534	-1.794	0.000	1.405	65.000	64.000	270.422	416.509	209.017	167.031	206.100	2.364	0.111	-0.000	-0.141	65.000	64.000	206.483	416.509	176.083	139.828	156.556	16.325	-1.244	-0.647	0.358	65.000	64.000	225.857	416.509	178.625	144.125	167.786	10.852	-0.417	-0.015	0.268	69.000	64.000	240.684	410.396	182.710	142.480	159.263	9.729	0.030	-0.092	-0.045	NaN	NaN	NaN	NaN	NaN	NaN	NaN	NaN	NaN	NaN	NaN	NaN	NaN	NaN	NaN	NaN	NaN	NaN	NaN	NaN	NaN	NaN
65.000	66.000	65.000	214.172	418.228	196.976	153.562	175.933	2.986	0.452	0.000	-0.390	66.000	65.000	289.229	418.228	218.910	169.094	199.500	2.456	0.092	-0.000	-0.090	66.000	65.000	210.083	418.228	178.983	142.517	159.471	15.533	-0.793	-0.468	0.413	66.000	65.000	262.725	418.228	184.183	144.250	172.417	11.843	0.991	0.000	-0.804	70.000	65.000	244.457	411.192	181.803	140.231	159.176	9.905	0.176	0.047	0.000	NaN	NaN	NaN	NaN	NaN	NaN	NaN	NaN	NaN	NaN	NaN	NaN	NaN	NaN	NaN	NaN	NaN	NaN	NaN	NaN	NaN	NaN
66.000	67.000	66.000	204.407	415.032	201.498	151.750	167.667	2.791	-0.195	0.000	0.195	67.000	66.000	270.023	415.032	213.849	167.613	196.053	2.364	-0.092	-0.000	0.085	67.000	66.000	221.667	415.032	179.826	135.700	150.846	15.728	0.195	0.056	-0.056	67.000	66.000	223.367	415.032	180.712	147.000	179.818	11.112	-0.731	0.000	0.599	71.000	66.000	254.182	412.606	182.255	141.433	167.818	9.829	-0.076	-0.045	-0.092	NaN	NaN	NaN	NaN	NaN	NaN	NaN	NaN	NaN	NaN	NaN	NaN	NaN	NaN	NaN	NaN	NaN	NaN	NaN	NaN	NaN	NaN
67.000	68.000	67.000	228.033	416.091	198.467	154.848	177.846	2.756	-0.035	-0.065	0.000	68.000	67.000	267.814	416.091	214.911	162.273	189.667	2.437	0.073	-0.000	-0.092	68.000	67.000	237.667	416.091	181.909	136.240	153.500	15.793	0.065	-0.089	-0.112	68.000	67.000	214.515	416.091	180.168	157.156	179.938	10.722	-0.390	0.000	0.394	72.000	67.000	247.609	409.858	179.472	138.645	156.143	9.611	-0.219	-0.044	0.320	NaN	NaN	NaN	NaN	NaN	NaN	NaN	NaN	NaN	NaN	NaN	NaN	NaN	NaN	NaN	NaN	NaN	NaN	NaN	NaN	NaN	NaN
68.000	69.000	68.000	217.370	410.396	189.410	159.812	179.389	1.670	-1.086	-0.129	0.830	69.000	68.000	241.364	410.396	200.678	162.219	188.316	2.116	-0.322	-0.000	0.370	69.000	68.000	223.296	410.396	165.881	130.481	145.154	14.132	-1.661	0.089	1.304	69.000	68.000	235.667	410.396	181.084	146.606	157.200	11.223	0.501	-0.063	-0.584	73.000	68.000	223.822	411.908	176.310	139.767	152.000	8.756	-0.854	-0.003	0.871	NaN	NaN	NaN	NaN	NaN	NaN	NaN	NaN	NaN	NaN	NaN	NaN	NaN	NaN	NaN	NaN	NaN	NaN	NaN	NaN	NaN	NaN
69.000	70.000	69.000	218.593	411.192	179.949	148.800	167.062	1.552	-0.119	-0.119	0.000	70.000	69.000	289.773	411.192	210.601	162.000	181.375	2.667	0.552	0.051	-0.609	70.000	69.000	211.333	411.192	165.392	138.893	154.688	14.289	0.157	-0.055	-0.089	70.000	69.000	215.533	411.192	178.541	140.656	158.056	10.722	-0.501	0.063	0.521	74.000	69.000	240.605	417.151	176.606	143.833	156.824	8.699	-0.057	0.000	-0.092	NaN	NaN	NaN	NaN	NaN	NaN	NaN	NaN	NaN	NaN	NaN	NaN	NaN	NaN	NaN	NaN	NaN	NaN	NaN	NaN	NaN	NaN
70.000	71.000	70.000	203.370	412.606	182.419	155.909	176.643	1.272	-0.279	-0.064	0.202	71.000	70.000	273.761	412.606	211.324	166.516	184.909	2.594	-0.073	-0.048	0.096	71.000	70.000	220.794	412.606	167.858	135.280	156.800	14.759	0.471	-0.033	-0.435	71.000	70.000	229.071	412.606	177.816	137.938	155.444	11.009	0.287	-0.063	-0.331	75.000	70.000	248.255	417.851	174.636	146.885	164.176	8.821	0.122	-0.047	-0.045	NaN	NaN	NaN	NaN	NaN	NaN	NaN	NaN	NaN	NaN	NaN	NaN	NaN	NaN	NaN	NaN	NaN	NaN	NaN	NaN	NaN	NaN
71.000	72.000	71.000	211.630	409.858	182.746	157.706	183.769	1.357	0.084	0.000	-0.065	72.000	71.000	280.652	409.858	208.135	157.719	183.400	2.548	-0.046	-0.092	-0.000	72.000	71.000	223.800	409.858	168.777	130.192	147.267	14.989	0.230	0.034	-0.268	72.000	71.000	218.667	409.858	174.924	145.212	173.444	11.120	0.111	-0.126	-0.142	76.000	71.000	239.543	418.067	175.410	137.103	154.368	8.802	-0.019	-0.045	0.000	NaN	NaN	NaN	NaN	NaN	NaN	NaN	NaN	NaN	NaN	NaN	NaN	NaN	NaN	NaN	NaN	NaN	NaN	NaN	NaN	NaN	NaN
72.000	73.000	72.000	194.000	411.908	176.057	153.233	169.188	1.292	-0.065	0.065	0.065	73.000	72.000	292.727	411.908	214.010	167.406	194.750	2.640	0.092	0.092	-0.100	73.000	72.000	237.233	411.908	169.650	136.308	146.875	15.146	0.157	0.000	-0.145	73.000	72.000	215.926	411.908	179.401	166.057	183.577	10.305	-0.815	-0.599	0.063	77.000	72.000	247.512	421.793	179.864	144.731	168.412	8.729	-0.073	-0.002	0.000	NaN	NaN	NaN	NaN	NaN	NaN	NaN	NaN	NaN	NaN	NaN	NaN	NaN	NaN	NaN	NaN	NaN	NaN	NaN	NaN	NaN	NaN
73.000	74.000	73.000	220.133	417.151	181.613	152.033	165.150	2.033	0.742	-0.065	-0.453	74.000	73.000	240.093	417.151	196.826	160.031	189.643	2.318	-0.322	-0.000	0.372	74.000	73.000	232.361	417.151	165.193	131.778	139.950	15.303	0.157	0.056	-0.056	74.000	73.000	207.667	417.151	180.975	160.333	177.227	10.129	-0.176	-0.063	0.142	78.000	73.000	222.952	424.159	175.744	144.750	164.947	8.029	-0.701	-0.137	0.551	NaN	NaN	NaN	NaN	NaN	NaN	NaN	NaN	NaN	NaN	NaN	NaN	NaN	NaN	NaN	NaN	NaN	NaN	NaN	NaN	NaN	NaN
74.000	75.000	74.000	213.407	417.851	184.723	154.276	172.692	1.441	-0.593	0.065	0.323	75.000	74.000	261.667	417.851	200.174	159.500	190.429	2.594	0.276	-0.000	-0.232	75.000	74.000	215.605	417.851	163.275	130.179	141.263	14.943	-0.360	-0.056	0.323	75.000	74.000	273.450	417.851	185.373	151.788	168.667	11.407	1.278	0.000	-1.106	79.000	74.000	225.111	423.249	177.795	147.267	183.545	8.010	-0.019	-0.047	0.000	NaN	NaN	NaN	NaN	NaN	NaN	NaN	NaN	NaN	NaN	NaN	NaN	NaN	NaN	NaN	NaN	NaN	NaN	NaN	NaN	NaN	NaN
75.000	76.000	75.000	214.111	418.067	185.202	157.323	179.714	1.337	-0.103	-0.065	0.065	76.000	75.000	263.186	418.067	203.773	162.594	185.762	2.659	0.065	-0.000	-0.092	76.000	75.000	209.242	418.067	165.282	135.440	147.071	14.603	-0.341	-0.034	0.256	76.000	75.000	267.333	418.067	183.676	153.781	181.533	11.231	-0.176	-0.063	0.095	80.000	75.000	247.311	421.823	178.259	151.379	174.200	8.240	0.230	0.000	-0.276	NaN	NaN	NaN	NaN	NaN	NaN	NaN	NaN	NaN	NaN	NaN	NaN	NaN	NaN	NaN	NaN	NaN	NaN	NaN	NaN	NaN	NaN
76.000	77.000	76.000	211.926	421.793	186.235	156.200	173.556	1.311	-0.027	0.000	0.000	77.000	76.000	285.409	421.793	203.887	162.969	193.400	2.824	0.165	-0.000	-0.233	77.000	76.000	226.588	421.793	165.760	133.621	151.857	14.805	0.203	0.034	-0.145	77.000	76.000	251.646	421.793	180.691	155.727	177.882	11.315	0.084	-0.014	-0.021	81.000	76.000	232.783	419.311	175.142	140.226	161.250	7.972	-0.268	-0.136	0.136	NaN	NaN	NaN	NaN	NaN	NaN	NaN	NaN	NaN	NaN	NaN	NaN	NaN	NaN	NaN	NaN	NaN	NaN	NaN	NaN	NaN	NaN
77.000	78.000	77.000	245.030	424.159	208.569	153.333	187.125	2.561	1.251	0.000	-1.040	78.000	77.000	280.750	424.159	204.645	166.710	194.059	2.759	-0.065	-0.000	0.096	78.000	77.000	218.833	424.159	166.770	140.640	161.846	14.530	-0.276	-0.034	0.234	78.000	77.000	233.667	424.159	181.166	149.321	167.933	10.879	-0.436	0.016	0.284	82.000	77.000	229.533	419.262	177.266	145.926	164.353	7.864	-0.108	-0.093	0.047	NaN	NaN	NaN	NaN	NaN	NaN	NaN	NaN	NaN	NaN	NaN	NaN	NaN	NaN	NaN	NaN	NaN	NaN	NaN	NaN	NaN	NaN
78.000	79.000	78.000	222.889	423.249	187.484	155.742	171.706	1.345	-1.216	-0.004	1.031	79.000	78.000	281.400	423.249	204.818	157.097	187.133	2.870	0.111	-0.000	-0.099	79.000	78.000	222.727	423.249	167.860	136.767	147.958	14.400	-0.130	0.000	0.145	79.000	78.000	225.818	423.249	177.541	142.567	171.909	10.408	-0.471	-0.063	0.410	83.000	78.000	236.267	421.865	184.475	147.690	159.762	7.707	-0.157	-0.045	0.092	NaN	NaN	NaN	NaN	NaN	NaN	NaN	NaN	NaN	NaN	NaN	NaN	NaN	NaN	NaN	NaN	NaN	NaN	NaN	NaN	NaN	NaN
79.000	80.000	79.000	210.963	421.823	180.050	158.294	174.737	1.181	-0.165	0.000	0.130	80.000	79.000	245.659	421.823	203.246	161.733	187.375	2.567	-0.303	0.045	0.370	80.000	79.000	245.459	421.823	171.534	136.071	144.143	14.557	0.157	0.000	-0.201	80.000	79.000	252.905	421.823	179.701	146.613	161.130	11.212	0.804	0.000	-0.711	84.000	79.000	257.383	424.434	188.960	141.375	159.571	7.945	0.238	-0.045	-0.276	NaN	NaN	NaN	NaN	NaN	NaN	NaN	NaN	NaN	NaN	NaN	NaN	NaN	NaN	NaN	NaN	NaN	NaN	NaN	NaN	NaN	NaN
80.000	81.000	80.000	215.481	419.311	190.351	161.219	186.188	1.227	0.046	0.000	0.000	81.000	80.000	280.478	419.311	203.041	155.233	170.381	2.870	0.303	-0.000	-0.372	81.000	80.000	245.457	419.311	173.884	139.379	157.789	14.752	0.195	0.034	0.000	81.000	80.000	234.433	419.311	178.751	142.862	166.500	10.676	-0.536	0.000	0.379	85.000	80.000	253.400	424.908	187.713	149.567	172.933	7.780	-0.165	-0.139	0.045	NaN	NaN	NaN	NaN	NaN	NaN	NaN	NaN	NaN	NaN	NaN	NaN	NaN	NaN	NaN	NaN	NaN	NaN	NaN	NaN	NaN	NaN
81.000	82.000	81.000	198.926	419.262	170.714	165.912	191.643	0.605	-0.622	0.000	0.585	82.000	81.000	292.955	419.262	208.591	158.000	181.500	2.943	0.073	-0.043	-0.135	82.000	81.000	238.649	419.262	171.964	138.571	157.812	14.511	-0.241	0.056	0.145	82.000	81.000	242.433	419.262	184.001	152.200	170.833	10.833	0.157	-0.063	-0.205	86.000	81.000	266.289	425.800	192.673	143.963	167.000	7.883	0.103	-0.045	-0.137	NaN	NaN	NaN	NaN	NaN	NaN	NaN	NaN	NaN	NaN	NaN	NaN	NaN	NaN	NaN	NaN	NaN	NaN	NaN	NaN	NaN	NaN
82.000	83.000	82.000	213.963	421.865	179.208	150.424	180.727	1.051	0.446	0.065	-0.394	83.000	82.000	281.756	421.865	204.112	156.194	175.529	2.870	-0.073	-0.000	0.140	83.000	82.000	230.711	421.865	170.176	135.200	151.273	14.595	0.084	-0.089	0.000	83.000	82.000	247.556	421.865	183.553	144.750	160.118	10.944	0.111	0.048	0.000	87.000	82.000	255.244	420.714	186.459	141.613	163.750	7.615	-0.268	0.000	0.276	NaN	NaN	NaN	NaN	NaN	NaN	NaN	NaN	NaN	NaN	NaN	NaN	NaN	NaN	NaN	NaN	NaN	NaN	NaN	NaN	NaN	NaN
83.000	84.000	83.000	207.037	424.434	182.480	161.848	185.267	1.345	0.295	0.000	-0.260	84.000	83.000	273.087	424.434	211.925	163.226	193.000	2.797	-0.073	0.044	0.136	84.000	83.000	234.559	424.434	172.759	142.286	170.250	14.151	-0.444	0.000	0.234	84.000	83.000	226.433	424.434	177.479	147.438	165.500	10.121	-0.823	-0.063	0.678	88.000	83.000	263.578	426.894	188.092	144.724	165.824	7.991	0.376	0.137	-0.276	NaN	NaN	NaN	NaN	NaN	NaN	NaN	NaN	NaN	NaN	NaN	NaN	NaN	NaN	NaN	NaN	NaN	NaN	NaN	NaN	NaN	NaN
84.000	85.000	84.000	204.407	424.908	176.723	152.606	170.625	1.181	-0.165	-0.065	0.065	85.000	84.000	259.911	424.908	199.547	155.531	187.429	2.732	-0.065	-0.043	-0.000	85.000	84.000	245.591	424.908	172.610	138.897	159.188	14.457	0.306	0.000	-0.145	85.000	84.000	259.077	424.908	181.745	142.438	154.647	11.166	1.045	0.063	-0.819	89.000	84.000	249.267	421.387	190.334	151.028	176.200	7.956	-0.035	0.092	0.184	NaN	NaN	NaN	NaN	NaN	NaN	NaN	NaN	NaN	NaN	NaN	NaN	NaN	NaN	NaN	NaN	NaN	NaN	NaN	NaN	NaN	NaN
85.000	86.000	85.000	214.333	425.800	186.636	158.818	186.429	1.200	0.019	0.000	0.000	86.000	85.000	291.816	425.800	212.581	168.676	188.708	3.035	0.303	-0.000	-0.320	86.000	85.000	251.600	425.800	170.410	141.567	157.471	14.568	0.111	0.000	-0.089	86.000	85.000	262.143	425.800	183.471	140.967	152.500	11.139	-0.027	-0.063	-0.021	90.000	85.000	240.911	429.765	189.451	153.032	181.125	7.607	-0.349	-0.092	0.276	NaN	NaN	NaN	NaN	NaN	NaN	NaN	NaN	NaN	NaN	NaN	NaN	NaN	NaN	NaN	NaN	NaN	NaN	NaN	NaN	NaN	NaN
86.000	87.000	86.000	218.345	420.714	181.246	148.733	171.143	1.318	0.119	0.004	-0.134	87.000	86.000	258.698	420.714	204.632	160.065	183.526	2.824	-0.211	-0.000	0.227	87.000	86.000	240.244	420.714	172.308	141.345	159.059	14.549	-0.019	0.000	0.000	87.000	86.000	229.212	420.714	176.693	154.484	178.765	9.582	-1.557	-0.646	0.756	91.000	86.000	244.756	420.317	182.214	155.844	200.700	6.171	-1.436	-0.046	1.334	NaN	NaN	NaN	NaN	NaN	NaN	NaN	NaN	NaN	NaN	NaN	NaN	NaN	NaN	NaN	NaN	NaN	NaN	NaN	NaN	NaN	NaN
87.000	88.000	87.000	219.000	426.894	188.143	155.290	169.050	1.311	-0.008	0.000	0.000	88.000	87.000	275.750	426.894	209.517	165.032	191.000	2.962	0.138	-0.000	-0.184	88.000	87.000	251.050	426.894	171.504	140.586	158.500	14.484	-0.065	0.000	0.000	88.000	87.000	293.432	426.894	191.256	157.588	181.875	10.638	1.056	-0.141	-1.092	92.000	87.000	231.667	418.444	181.163	162.938	193.188	5.896	-0.276	0.047	0.320	NaN	NaN	NaN	NaN	NaN	NaN	NaN	NaN	NaN	NaN	NaN	NaN	NaN	NaN	NaN	NaN	NaN	NaN	NaN	NaN	NaN	NaN
88.000	89.000	88.000	197.148	421.387	167.443	157.129	178.286	0.707	-0.604	3.980E-18	0.585	89.000	88.000	278.174	421.387	205.183	163.324	188.733	3.008	0.046	-0.000	-0.000	89.000	88.000	256.109	421.387	172.807	135.429	149.556	14.752	0.268	0.056	-0.145	89.000	88.000	234.267	421.387	178.052	144.438	158.800	9.314	-1.324	-0.126	1.024	93.000	88.000	263.953	426.026	216.667	154.441	179.294	8.622	2.726	0.231	-2.392	NaN	NaN	NaN	NaN	NaN	NaN	NaN	NaN	NaN	NaN	NaN	NaN	NaN	NaN	NaN	NaN	NaN	NaN	NaN	NaN	NaN	NaN
89.000	90.000	89.000	222.690	429.765	185.344	156.067	175.353	1.272	0.566	0.000	-0.520	90.000	89.000	270.674	429.765	204.210	162.618	188.048	2.878	-0.130	-0.000	0.048	90.000	89.000	266.783	429.765	173.505	137.963	157.833	14.870	0.119	-0.056	-0.179	90.000	89.000	215.370	429.765	179.163	166.500	189.438	8.228	-1.086	-0.644	0.313	94.000	89.000	244.370	422.596	182.830	154.179	185.000	6.137	-2.485	0.184	2.577	NaN	NaN	NaN	NaN	NaN	NaN	NaN	NaN	NaN	NaN	NaN	NaN	NaN	NaN	NaN	NaN	NaN	NaN	NaN	NaN	NaN	NaN
90.000	91.000	90.000	212.111	420.317	186.715	157.344	183.000	1.318	0.046	0.000	-0.080	91.000	90.000	235.244	420.317	192.309	155.839	179.867	2.456	-0.422	-0.000	0.551	91.000	90.000	244.804	420.317	170.344	140.185	158.333	14.779	-0.092	0.000	0.089	91.000	90.000	210.370	420.317	180.753	173.400	197.227	7.367	-0.861	-0.847	0.000	95.000	90.000	226.698	426.979	185.022	151.194	175.810	5.869	-0.268	0.094	0.322	NaN	NaN	NaN	NaN	NaN	NaN	NaN	NaN	NaN	NaN	NaN	NaN	NaN	NaN	NaN	NaN	NaN	NaN	NaN	NaN	NaN	NaN
91.000	92.000	91.000	228.759	418.444	191.438	155.969	175.667	1.383	0.065	0.000	-0.061	92.000	91.000	247.556	418.444	201.142	162.750	196.000	2.456	0.000	-0.000	-0.049	92.000	91.000	236.410	418.444	170.186	137.741	155.111	14.400	-0.379	0.000	0.290	92.000	91.000	211.963	418.444	184.355	178.400	204.864	6.970	-0.398	-0.491	-0.143	96.000	91.000	268.696	426.368	186.061	149.767	179.071	6.320	0.452	0.046	-0.322	NaN	NaN	NaN	NaN	NaN	NaN	NaN	NaN	NaN	NaN	NaN	NaN	NaN	NaN	NaN	NaN	NaN	NaN	NaN	NaN	NaN	NaN
92.000	93.000	92.000	221.367	426.026	195.934	166.515	183.941	1.357	-0.027	-0.065	0.000	93.000	92.000	269.489	426.026	213.478	168.030	198.562	2.594	0.138	-0.000	-0.136	93.000	92.000	242.545	426.026	170.240	138.154	149.667	14.622	0.222	0.000	-0.145	93.000	92.000	203.733	426.026	183.561	177.394	199.115	6.832	-0.138	-0.143	0.062	97.000	92.000	253.711	428.962	188.292	150.655	160.583	6.320	0.000	0.093	0.047	NaN	NaN	NaN	NaN	NaN	NaN	NaN	NaN	NaN	NaN	NaN	NaN	NaN	NaN	NaN	NaN	NaN	NaN	NaN	NaN	NaN	NaN
93.000	94.000	93.000	211.963	422.596	179.169	157.188	169.810	0.837	-0.520	0.065	0.520	94.000	93.000	272.116	422.596	208.075	163.774	201.000	2.437	-0.157	-0.092	0.047	94.000	93.000	251.652	422.596	174.654	135.379	150.619	14.954	0.333	0.000	-0.290	94.000	93.000	240.037	422.596	189.752	177.829	205.875	6.989	0.157	0.000	-0.251	98.000	93.000	238.075	430.625	189.197	149.926	172.667	6.228	-0.092	-0.092	-0.046	NaN	NaN	NaN	NaN	NaN	NaN	NaN	NaN	NaN	NaN	NaN	NaN	NaN	NaN	NaN	NaN	NaN	NaN	NaN	NaN	NaN	NaN
94.000	95.000	94.000	218.571	426.979	193.170	161.273	186.067	1.272	0.436	-0.061	-0.454	95.000	94.000	261.581	426.979	207.773	166.156	189.882	2.272	-0.165	-0.134	0.042	95.000	94.000	240.600	426.979	174.778	142.214	151.409	14.694	-0.260	-0.055	0.111	95.000	94.000	223.148	426.979	186.444	176.500	203.708	6.897	-0.092	-0.125	0.000	99.000	94.000	235.333	432.835	182.411	144.333	164.444	6.569	0.341	-0.091	-0.368	NaN	NaN	NaN	NaN	NaN	NaN	NaN	NaN	NaN	NaN	NaN	NaN	NaN	NaN	NaN	NaN	NaN	NaN	NaN	NaN	NaN	NaN
95.000	96.000	95.000	227.966	426.368	204.639	161.935	178.118	1.475	0.203	0.061	-0.133	96.000	95.000	287.761	426.368	213.521	165.118	187.708	2.548	0.276	0.043	-0.232	96.000	95.000	249.625	426.368	174.711	148.074	174.786	14.189	-0.506	-0.647	-0.145	96.000	95.000	209.889	426.368	183.961	159.000	184.389	6.304	-0.593	-0.205	0.330	100.000	95.000	211.605	428.560	180.458	149.241	164.824	6.493	-0.076	0.000	-0.046	NaN	NaN	NaN	NaN	NaN	NaN	NaN	NaN	NaN	NaN	NaN	NaN	NaN	NaN	NaN	NaN	NaN	NaN	NaN	NaN	NaN	NaN
96.000	97.000	96.000	227.000	428.962	203.637	158.882	177.450	2.588	1.113	0.002	-0.973	97.000	96.000	265.468	428.962	210.795	168.394	211.500	2.502	-0.046	0.050	0.092	97.000	96.000	226.765	428.962	177.065	151.273	173.211	13.504	-0.685	-0.468	0.111	97.000	96.000	229.815	428.962	188.191	168.250	192.611	6.369	0.065	-0.096	-0.205	101.000	96.000	235.209	427.791	177.339	146.276	166.357	7.018	0.525	0.276	-0.229	NaN	NaN	NaN	NaN	NaN	NaN	NaN	NaN	NaN	NaN	NaN	NaN	NaN	NaN	NaN	NaN	NaN	NaN	NaN	NaN	NaN	NaN
97.000	98.000	97.000	224.926	430.625	205.498	160.469	185.067	2.588	0.000	3.980E-18	-0.065	98.000	97.000	284.587	430.625	212.552	160.548	194.688	2.521	0.019	-0.050	-0.050	98.000	97.000	225.622	430.625	178.896	155.656	173.762	13.366	-0.138	-0.345	-0.200	98.000	97.000	231.278	430.625	186.178	171.829	196.158	6.778	0.409	-0.063	-0.315	102.000	97.000	233.318	428.849	180.518	141.967	168.000	7.508	0.490	0.230	-0.092	NaN	NaN	NaN	NaN	NaN	NaN	NaN	NaN	NaN	NaN	NaN	NaN	NaN	NaN	NaN	NaN	NaN	NaN	NaN	NaN	NaN	NaN
98.000	99.000	98.000	226.167	432.835	210.166	162.062	187.429	3.078	0.490	0.000	-0.396	99.000	98.000	290.587	432.835	214.884	169.281	199.706	2.567	0.046	-0.040	-0.091	99.000	98.000	231.207	432.835	176.183	143.269	173.444	13.190	-0.176	-0.055	-0.034	99.000	98.000	252.786	432.835	189.858	166.588	192.222	6.751	-0.027	-0.142	-0.190	103.000	98.000	257.500	433.259	181.977	144.897	163.769	8.159	0.651	0.184	-0.552	NaN	NaN	NaN	NaN	NaN	NaN	NaN	NaN	NaN	NaN	NaN	NaN	NaN	NaN	NaN	NaN	NaN	NaN	NaN	NaN	NaN	NaN
99.000	100.000	99.000	226.148	428.560	207.789	167.182	188.778	2.569	-0.509	0.002	0.386	100.000	99.000	273.889	428.560	211.064	161.710	210.100	2.521	-0.046	0.042	0.141	100.000	99.000	240.970	428.560	176.463	137.536	154.267	13.596	0.406	0.089	-0.200	100.000	99.000	248.000	428.560	187.770	170.861	192.913	6.640	-0.111	-0.126	0.000	104.000	99.000	252.935	434.461	183.716	140.567	157.714	8.446	0.287	0.139	-0.092	NaN	NaN	NaN	NaN	NaN	NaN	NaN	NaN	NaN	NaN	NaN	NaN	NaN	NaN	NaN	NaN	NaN	NaN	NaN	NaN	NaN	NaN
100.000	101.000	100.000	228.444	427.791	201.359	162.161	189.333	2.634	0.065	0.000	0.000	101.000	100.000	277.512	427.791	213.316	165.188	197.800	2.391	-0.130	-0.041	-0.000	101.000	100.000	241.167	427.791	176.461	143.500	161.786	13.523	-0.073	-0.123	-0.056	101.000	100.000	236.722	427.791	191.722	165.771	185.889	6.705	0.065	0.000	0.000	105.000	100.000	245.467	436.664	186.544	136.966	150.333	8.630	0.184	0.184	0.000	NaN	NaN	NaN	NaN	NaN	NaN	NaN	NaN	NaN	NaN	NaN	NaN	NaN	NaN	NaN	NaN	NaN	NaN	NaN	NaN	NaN	NaN
101.000	102.000	101.000	212.714	428.849	203.234	163.250	187.278	2.672	0.038	3.980E-18	0.000	102.000	101.000	282.125	428.849	213.603	164.219	201.071	2.475	0.084	-0.000	-0.092	102.000	101.000	268.516	428.849	179.949	143.286	164.800	13.837	0.314	0.000	-0.346	102.000	101.000	246.444	428.849	190.296	164.303	189.375	6.751	0.046	-0.015	-0.063	106.000	101.000	235.289	441.808	184.353	140.286	159.250	8.649	0.019	0.092	0.092	NaN	NaN	NaN	NaN	NaN	NaN	NaN	NaN	NaN	NaN	NaN	NaN	NaN	NaN	NaN	NaN	NaN	NaN	NaN	NaN	NaN	NaN
102.000	103.000	102.000	225.788	433.259	211.344	160.094	174.944	3.235	0.563	0.000	-0.461	103.000	102.000	294.889	433.259	218.487	169.914	190.429	2.613	0.138	0.043	-0.000	103.000	102.000	261.811	433.259	181.770	140.200	157.071	14.013	0.176	-0.089	-0.178	103.000	102.000	227.444	433.259	187.903	164.242	193.923	6.242	-0.509	0.000	0.331	107.000	102.000	247.022	444.849	187.497	144.111	160.824	9.257	0.609	0.139	-0.413	NaN	NaN	NaN	NaN	NaN	NaN	NaN	NaN	NaN	NaN	NaN	NaN	NaN	NaN	NaN	NaN	NaN	NaN	NaN	NaN	NaN	NaN
103.000	104.000	103.000	223.364	434.461	209.889	159.567	178.722	3.227	-0.008	0.000	0.000	104.000	103.000	266.133	434.461	208.961	166.406	189.750	2.337	-0.276	-0.041	0.183	104.000	103.000	269.579	434.461	186.459	145.636	172.583	12.666	-1.347	-1.371	-0.089	104.000	103.000	224.267	434.461	189.078	161.900	186.375	6.001	-0.241	-0.063	0.252	108.000	103.000	243.762	438.673	187.651	145.000	160.619	9.514	0.257	0.184	-0.137	NaN	NaN	NaN	NaN	NaN	NaN	NaN	NaN	NaN	NaN	NaN	NaN	NaN	NaN	NaN	NaN	NaN	NaN	NaN	NaN	NaN	NaN
104.000	105.000	104.000	224.030	436.664	211.499	157.969	175.118	3.170	-0.057	0.000	0.065	105.000	104.000	249.652	436.664	206.318	169.929	190.950	2.173	-0.165	-0.049	0.140	105.000	104.000	270.767	436.664	186.780	153.067	171.105	12.455	-0.211	-0.323	-0.089	105.000	104.000	237.485	436.664	189.603	147.065	170.077	6.418	0.417	0.063	-0.317	109.000	104.000	249.533	436.715	188.653	141.226	154.947	9.882	0.368	0.278	0.000	NaN	NaN	NaN	NaN	NaN	NaN	NaN	NaN	NaN	NaN	NaN	NaN	NaN	NaN	NaN	NaN	NaN	NaN	NaN	NaN	NaN	NaN
105.000	106.000	105.000	207.825	441.808	206.323	164.300	195.692	3.820	0.650	0.000	-0.537	106.000	105.000	291.796	441.808	217.522	160.633	198.364	2.456	0.284	0.092	-0.275	106.000	105.000	263.850	441.808	183.491	155.630	183.500	11.938	-0.517	-0.434	0.055	106.000	105.000	233.091	441.808	191.177	152.844	169.053	6.196	-0.222	0.000	0.205	110.000	105.000	245.244	436.649	188.591	145.074	168.812	10.188	0.306	0.184	-0.092	NaN	NaN	NaN	NaN	NaN	NaN	NaN	NaN	NaN	NaN	NaN	NaN	NaN	NaN	NaN	NaN	NaN	NaN	NaN	NaN	NaN	NaN
106.000	107.000	106.000	206.436	444.849	202.614	158.667	177.765	3.598	-0.222	0.000	0.203	107.000	106.000	269.244	444.849	214.407	167.700	214.625	2.337	-0.119	-0.000	0.134	107.000	106.000	262.311	444.849	183.275	141.875	158.368	11.716	-0.222	-0.123	0.145	107.000	106.000	254.897	444.849	194.822	154.971	174.882	6.881	0.685	-0.063	-0.614	111.000	106.000	241.659	430.983	184.106	140.226	154.188	9.855	-0.333	0.048	0.272	NaN	NaN	NaN	NaN	NaN	NaN	NaN	NaN	NaN	NaN	NaN	NaN	NaN	NaN	NaN	NaN	NaN	NaN	NaN	NaN	NaN	NaN
107.000	108.000	107.000	207.970	438.673	207.934	163.467	184.722	3.774	0.176	0.000	-0.264	108.000	107.000	277.233	438.673	218.764	171.061	206.636	2.372	0.035	-0.041	-0.091	108.000	107.000	254.048	438.673	181.750	148.500	171.579	11.494	-0.222	-0.166	0.000	108.000	107.000	281.972	438.673	196.451	145.323	179.300	7.214	0.333	0.000	-0.367	112.000	107.000	248.467	430.122	185.414	140.690	154.889	10.502	0.647	0.229	-0.274	NaN	NaN	NaN	NaN	NaN	NaN	NaN	NaN	NaN	NaN	NaN	NaN	NaN	NaN	NaN	NaN	NaN	NaN	NaN	NaN	NaN	NaN
108.000	109.000	108.000	213.367	436.715	203.654	161.125	175.174	3.430	-0.344	0.000	0.264	109.000	108.000	247.378	436.715	205.913	165.469	199.250	2.207	-0.165	-0.000	0.233	109.000	108.000	250.450	436.715	182.786	161.147	175.000	11.226	-0.268	-0.179	0.055	109.000	108.000	214.407	436.715	182.945	152.226	169.118	5.963	-1.251	0.063	1.088	113.000	108.000	259.021	428.370	184.573	139.607	157.667	10.942	0.441	0.139	-0.368	NaN	NaN	NaN	NaN	NaN	NaN	NaN	NaN	NaN	NaN	NaN	NaN	NaN	NaN	NaN	NaN	NaN	NaN	NaN	NaN	NaN	NaN
109.000	110.000	109.000	217.400	436.649	197.680	157.939	195.600	3.709	0.279	-0.065	-0.329	110.000	109.000	262.659	436.649	211.751	165.222	195.143	2.200	-0.008	-0.003	-0.000	110.000	109.000	266.674	436.649	182.551	151.219	176.353	11.486	0.260	-0.145	-0.290	110.000	109.000	236.074	436.649	188.226	146.281	168.786	6.242	0.279	-0.063	-0.268	114.000	109.000	229.111	426.286	173.904	141.444	167.000	9.479	-1.463	0.092	1.552	NaN	NaN	NaN	NaN	NaN	NaN	NaN	NaN	NaN	NaN	NaN	NaN	NaN	NaN	NaN	NaN	NaN	NaN	NaN	NaN	NaN	NaN
110.000	111.000	110.000	215.976	430.983	200.541	153.839	173.000	4.199	0.490	0.065	-0.265	111.000	110.000	263.133	430.983	200.029	161.129	206.600	2.135	-0.065	-0.045	0.047	111.000	110.000	248.065	430.983	181.403	148.033	176.700	11.173	-0.314	-0.055	0.179	111.000	110.000	216.212	430.983	183.633	144.219	162.316	5.871	-0.371	0.000	0.457	115.000	110.000	216.711	427.653	168.793	144.767	160.611	8.917	-0.563	0.092	0.594	NaN	NaN	NaN	NaN	NaN	NaN	NaN	NaN	NaN	NaN	NaN	NaN	NaN	NaN	NaN	NaN	NaN	NaN	NaN	NaN	NaN	NaN
111.000	112.000	111.000	225.083	430.122	200.962	155.594	165.846	4.172	-0.027	0.000	-0.065	112.000	111.000	272.340	430.122	207.863	164.406	204.250	2.207	0.073	-0.000	-0.140	112.000	111.000	235.265	430.122	177.131	138.700	172.889	10.794	-0.379	0.000	0.234	112.000	111.000	221.767	430.122	185.069	146.767	161.588	6.242	0.371	0.016	-0.441	116.000	111.000	213.277	421.935	167.973	137.920	152.333	9.028	0.111	0.049	-0.092	NaN	NaN	NaN	NaN	NaN	NaN	NaN	NaN	NaN	NaN	NaN	NaN	NaN	NaN	NaN	NaN	NaN	NaN	NaN	NaN	NaN	NaN
112.000	113.000	112.000	210.472	428.370	195.131	150.613	173.647	4.042	-0.130	0.000	0.129	113.000	112.000	286.860	428.370	211.609	169.875	191.333	2.272	0.065	-0.000	-0.050	113.000	112.000	256.864	428.370	178.986	147.033	163.095	10.970	0.176	0.000	-0.089	113.000	112.000	191.259	428.370	182.554	144.172	160.500	5.787	-0.455	0.063	0.439	117.000	112.000	219.533	421.180	165.557	139.857	154.929	9.249	0.222	0.092	-0.043	NaN	NaN	NaN	NaN	NaN	NaN	NaN	NaN	NaN	NaN	NaN	NaN	NaN	NaN	NaN	NaN	NaN	NaN	NaN	NaN	NaN	NaN
113.000	114.000	113.000	225.977	426.286	196.261	161.176	179.938	4.302	0.260	-0.064	-0.210	114.000	113.000	291.681	426.286	207.705	169.233	192.933	2.345	0.073	-0.000	-0.135	114.000	113.000	260.409	426.286	178.269	150.600	167.833	10.878	-0.092	0.000	0.089	114.000	113.000	219.107	426.286	182.408	149.400	169.000	6.242	0.455	-0.063	-0.441	118.000	113.000	224.442	413.225	167.301	139.077	160.133	9.192	-0.057	0.135	0.092	NaN	NaN	NaN	NaN	NaN	NaN	NaN	NaN	NaN	NaN	NaN	NaN	NaN	NaN	NaN	NaN	NaN	NaN	NaN	NaN	NaN	NaN
114.000	115.000	114.000	221.935	427.653	198.158	160.000	173.526	3.820	-0.482	-0.056	0.266	115.000	114.000	247.273	427.653	198.163	163.906	207.750	2.051	-0.295	-0.043	0.232	115.000	114.000	258.486	427.653	174.646	147.438	160.909	10.683	-0.195	-0.034	0.089	115.000	114.000	260.452	427.653	186.563	147.033	172.417	6.816	0.574	0.000	-0.536	119.000	114.000	218.587	410.129	165.192	140.276	154.562	9.081	-0.111	0.000	0.135	NaN	NaN	NaN	NaN	NaN	NaN	NaN	NaN	NaN	NaN	NaN	NaN	NaN	NaN	NaN	NaN	NaN	NaN	NaN	NaN	NaN	NaN
115.000	116.000	115.000	221.103	421.935	200.982	153.788	168.895	3.820	0.000	0.000	0.000	116.000	115.000	249.091	421.935	199.347	160.839	188.750	2.097	0.046	0.043	0.043	116.000	115.000	232.871	421.935	173.425	145.966	162.381	10.323	-0.360	0.034	0.290	116.000	115.000	227.037	421.935	184.379	150.900	167.938	6.307	-0.509	0.000	0.410	120.000	115.000	203.953	407.378	161.933	137.360	148.300	8.806	-0.276	0.049	0.275	NaN	NaN	NaN	NaN	NaN	NaN	NaN	NaN	NaN	NaN	NaN	NaN	NaN	NaN	NaN	NaN	NaN	NaN	NaN	NaN	NaN	NaN
116.000	117.000	116.000	216.697	421.180	200.140	154.621	177.333	3.579	-0.241	-0.006	0.270	117.000	116.000	279.149	421.180	201.386	159.656	170.957	2.307	0.211	0.048	-0.236	117.000	116.000	244.167	421.180	170.590	144.000	169.231	10.350	0.027	-0.055	-0.090	117.000	116.000	281.784	421.180	194.979	151.469	166.000	7.046	0.739	-0.014	-0.509	121.000	116.000	205.743	409.146	159.896	141.607	152.158	8.553	-0.252	0.088	0.140	NaN	NaN	NaN	NaN	NaN	NaN	NaN	NaN	NaN	NaN	NaN	NaN	NaN	NaN	NaN	NaN	NaN	NaN	NaN	NaN	NaN	NaN
117.000	118.000	117.000	232.227	413.225	201.303	155.412	179.125	4.237	0.658	-0.056	-0.597	118.000	117.000	262.468	413.225	199.235	157.679	175.143	2.364	0.057	-0.046	-0.046	118.000	117.000	215.786	413.225	167.092	138.654	166.857	10.082	-0.268	0.055	0.289	118.000	117.000	224.481	413.225	186.248	150.767	169.111	5.863	-1.183	0.016	0.961	NaN	NaN	NaN	NaN	NaN	NaN	NaN	NaN	NaN	NaN	NaN	NaN	NaN	NaN	NaN	NaN	NaN	NaN	NaN	NaN	NaN	NaN	NaN	NaN	NaN	NaN	NaN	NaN	NaN	NaN	NaN	NaN	NaN
118.000	119.000	118.000	219.367	410.129	197.822	156.129	175.533	3.736	-0.501	0.000	0.330	119.000	118.000	276.261	410.129	203.089	162.367	183.650	2.502	0.138	-0.000	-0.096	119.000	118.000	222.138	410.129	166.567	135.200	154.000	10.258	0.176	0.000	-0.145	119.000	118.000	213.704	410.129	182.445	148.265	159.042	6.001	0.138	-0.015	-0.127	NaN	NaN	NaN	NaN	NaN	NaN	NaN	NaN	NaN	NaN	NaN	NaN	NaN	NaN	NaN	NaN	NaN	NaN	NaN	NaN	NaN	NaN	NaN	NaN	NaN	NaN	NaN	NaN	NaN	NaN	NaN	NaN	NaN
119.000	120.000	119.000	221.567	407.378	205.122	157.750	177.389	3.449	-0.287	0.000	0.266	120.000	119.000	268.738	407.378	199.596	159.032	182.684	2.326	-0.176	-0.000	0.092	120.000	119.000	220.286	407.378	165.306	138.000	155.000	10.239	-0.019	0.000	-0.055	120.000	119.000	199.222	407.378	173.161	142.103	158.571	5.029	-0.972	0.016	0.867	NaN	NaN	NaN	NaN	NaN	NaN	NaN	NaN	NaN	NaN	NaN	NaN	NaN	NaN	NaN	NaN	NaN	NaN	NaN	NaN	NaN	NaN	NaN	NaN	NaN	NaN	NaN	NaN	NaN	NaN	NaN	NaN	NaN
120.000	121.000	120.000	210.800	409.146	202.733	159.206	185.214	4.015	0.566	0.000	-0.404	121.000	120.000	269.222	409.146	197.400	159.933	184.500	2.372	0.046	-0.000	-0.045	121.000	120.000	223.500	409.146	165.877	137.607	149.200	10.193	-0.046	-0.055	0.055	121.000	120.000	208.667	409.146	174.493	147.500	162.077	5.140	0.111	-0.015	-0.142	NaN	NaN	NaN	NaN	NaN	NaN	NaN	NaN	NaN	NaN	NaN	NaN	NaN	NaN	NaN	NaN	NaN	NaN	NaN	NaN	NaN	NaN	NaN	NaN	NaN	NaN	NaN	NaN	NaN	NaN	NaN	NaN	NaN
