dT	T (0)	dT (0)	Base Mean (0)	Body Mean (0)	Proj Mean (0)	Tip Mean (0)	Tip Th Mean (0)	Length (0)	dL (0)	DCTM (0)	DCBM (0)	T (1)	dT (1)	Base Mean (1)	Body Mean (1)	Proj Mean (1)	Tip Mean (1)	Tip Th Mean (1)	Length (1)	dL (1)	DCTM (1)	DCBM (1)	T (2)	dT (2)	Base Mean (2)	Body Mean (2)	Proj Mean (2)	Tip Mean (2)	Tip Th Mean (2)	Length (2)	dL (2)	DCTM (2)	DCBM (2)	T (3)	dT (3)	Base Mean (3)	Body Mean (3)	Proj Mean (3)	Tip Mean (3)	Tip Th Mean (3)	Length (3)	dL (3)	DCTM (3)	DCBM (3)	T (4)	dT (4)	Base Mean (4)	Body Mean (4)	Proj Mean (4)	Tip Mean (4)	Tip Th Mean (4)	Length (4)	dL (4)	DCTM (4)	DCBM (4)	T (5)	dT (5)	Base Mean (5)	Body Mean (5)	Proj Mean (5)	Tip Mean (5)	Tip Th Mean (5)	Length (5)	dL (5)	DCTM (5)	DCBM (5)	T (6)	dT (6)	Base Mean (6)	Body Mean (6)	Proj Mean (6)	Tip Mean (6)	Tip Th Mean (6)	Length (6)	dL (6)	DCTM (6)	DCBM (6)	T (7)	dT (7)	Base Mean (7)	Body Mean (7)	Proj Mean (7)	Tip Mean (7)	Tip Th Mean (7)	Length (7)	dL (7)	DCTM (7)	DCBM (7)
-20.000	NaN	NaN	NaN	NaN	NaN	NaN	NaN	NaN	NaN	NaN	NaN	NaN	NaN	NaN	NaN	NaN	NaN	NaN	NaN	NaN	NaN	NaN	NaN	NaN	NaN	NaN	NaN	NaN	NaN	NaN	NaN	NaN	NaN	NaN	NaN	NaN	NaN	NaN	NaN	NaN	NaN	NaN	NaN	NaN	NaN	NaN	NaN	NaN	NaN	NaN	NaN	NaN	NaN	NaN	NaN	NaN	NaN	NaN	NaN	NaN	NaN	NaN	NaN	NaN	NaN	NaN	NaN	NaN	NaN	NaN	NaN	NaN	NaN	NaN	NaN	NaN	NaN	70.000	-20.000	646.419	926.427	NaN	NaN	NaN	NaN	NaN	NaN	NaN
-19.000	NaN	NaN	NaN	NaN	NaN	NaN	NaN	NaN	NaN	NaN	NaN	NaN	NaN	NaN	NaN	NaN	NaN	NaN	NaN	NaN	NaN	NaN	NaN	NaN	NaN	NaN	NaN	NaN	NaN	NaN	NaN	NaN	NaN	NaN	NaN	NaN	NaN	NaN	NaN	NaN	NaN	NaN	NaN	NaN	NaN	NaN	NaN	NaN	NaN	NaN	NaN	NaN	NaN	NaN	NaN	NaN	NaN	NaN	NaN	NaN	NaN	NaN	NaN	NaN	NaN	NaN	NaN	NaN	NaN	NaN	NaN	NaN	NaN	NaN	NaN	NaN	NaN	71.000	-19.000	612.370	922.641	NaN	NaN	NaN	NaN	NaN	NaN	NaN
-18.000	NaN	NaN	NaN	NaN	NaN	NaN	NaN	NaN	NaN	NaN	NaN	NaN	NaN	NaN	NaN	NaN	NaN	NaN	NaN	NaN	NaN	NaN	NaN	NaN	NaN	NaN	NaN	NaN	NaN	NaN	NaN	NaN	NaN	NaN	NaN	NaN	NaN	NaN	NaN	NaN	NaN	NaN	NaN	NaN	NaN	NaN	NaN	NaN	NaN	NaN	NaN	NaN	NaN	NaN	NaN	NaN	NaN	NaN	NaN	NaN	NaN	NaN	NaN	NaN	NaN	NaN	NaN	NaN	NaN	NaN	NaN	NaN	NaN	NaN	NaN	NaN	NaN	72.000	-18.000	602.884	924.882	NaN	NaN	NaN	NaN	NaN	NaN	NaN
-17.000	NaN	NaN	NaN	NaN	NaN	NaN	NaN	NaN	NaN	NaN	NaN	NaN	NaN	NaN	NaN	NaN	NaN	NaN	NaN	NaN	NaN	NaN	NaN	NaN	NaN	NaN	NaN	NaN	NaN	NaN	NaN	NaN	NaN	NaN	NaN	NaN	NaN	NaN	NaN	NaN	NaN	NaN	NaN	NaN	NaN	NaN	NaN	NaN	NaN	NaN	NaN	NaN	NaN	NaN	NaN	NaN	NaN	NaN	NaN	NaN	NaN	NaN	NaN	NaN	NaN	NaN	NaN	NaN	NaN	NaN	NaN	NaN	NaN	NaN	NaN	NaN	NaN	73.000	-17.000	645.523	924.999	NaN	NaN	NaN	NaN	NaN	NaN	NaN
-16.000	NaN	NaN	NaN	NaN	NaN	NaN	NaN	NaN	NaN	NaN	NaN	NaN	NaN	NaN	NaN	NaN	NaN	NaN	NaN	NaN	NaN	NaN	NaN	NaN	NaN	NaN	NaN	NaN	NaN	NaN	NaN	NaN	NaN	NaN	NaN	NaN	NaN	NaN	NaN	NaN	NaN	NaN	NaN	NaN	NaN	NaN	NaN	NaN	NaN	NaN	NaN	NaN	NaN	NaN	NaN	NaN	NaN	NaN	NaN	NaN	NaN	NaN	NaN	NaN	NaN	NaN	NaN	NaN	NaN	NaN	NaN	NaN	NaN	NaN	NaN	NaN	NaN	74.000	-16.000	579.556	923.485	NaN	NaN	NaN	NaN	NaN	NaN	NaN
-15.000	NaN	NaN	NaN	NaN	NaN	NaN	NaN	NaN	NaN	NaN	NaN	NaN	NaN	NaN	NaN	NaN	NaN	NaN	NaN	NaN	NaN	NaN	NaN	NaN	NaN	NaN	NaN	NaN	NaN	NaN	NaN	NaN	NaN	NaN	NaN	NaN	NaN	NaN	NaN	NaN	NaN	NaN	NaN	NaN	NaN	NaN	NaN	NaN	NaN	NaN	NaN	NaN	NaN	NaN	NaN	NaN	NaN	NaN	NaN	NaN	NaN	NaN	NaN	NaN	NaN	NaN	NaN	NaN	NaN	NaN	NaN	NaN	NaN	NaN	NaN	NaN	NaN	75.000	-15.000	613.659	927.945	NaN	NaN	NaN	NaN	NaN	NaN	NaN
-14.000	NaN	NaN	NaN	NaN	NaN	NaN	NaN	NaN	NaN	NaN	NaN	NaN	NaN	NaN	NaN	NaN	NaN	NaN	NaN	NaN	NaN	NaN	NaN	NaN	NaN	NaN	NaN	NaN	NaN	NaN	NaN	NaN	NaN	NaN	NaN	NaN	NaN	NaN	NaN	NaN	NaN	NaN	NaN	NaN	NaN	NaN	NaN	NaN	NaN	NaN	NaN	NaN	NaN	NaN	NaN	NaN	NaN	NaN	NaN	NaN	NaN	NaN	NaN	NaN	NaN	NaN	NaN	NaN	NaN	NaN	NaN	NaN	NaN	NaN	NaN	NaN	NaN	76.000	-14.000	616.209	938.040	NaN	NaN	NaN	NaN	NaN	NaN	NaN
-13.000	NaN	NaN	NaN	NaN	NaN	NaN	NaN	NaN	NaN	NaN	NaN	NaN	NaN	NaN	NaN	NaN	NaN	NaN	NaN	NaN	NaN	NaN	NaN	NaN	NaN	NaN	NaN	NaN	NaN	NaN	NaN	NaN	NaN	NaN	NaN	NaN	NaN	NaN	NaN	NaN	NaN	NaN	NaN	NaN	NaN	NaN	NaN	NaN	NaN	NaN	NaN	NaN	NaN	NaN	NaN	NaN	NaN	NaN	NaN	NaN	NaN	NaN	NaN	NaN	NaN	NaN	NaN	NaN	NaN	NaN	NaN	NaN	NaN	NaN	NaN	NaN	NaN	77.000	-13.000	621.590	941.116	NaN	NaN	NaN	NaN	NaN	NaN	NaN
-12.000	NaN	NaN	NaN	NaN	NaN	NaN	NaN	NaN	NaN	NaN	NaN	NaN	NaN	NaN	NaN	NaN	NaN	NaN	NaN	NaN	NaN	NaN	NaN	NaN	NaN	NaN	NaN	NaN	NaN	NaN	NaN	NaN	NaN	NaN	NaN	NaN	NaN	NaN	NaN	NaN	NaN	NaN	NaN	NaN	NaN	NaN	NaN	NaN	NaN	NaN	NaN	NaN	NaN	NaN	NaN	NaN	NaN	NaN	NaN	NaN	NaN	NaN	NaN	NaN	NaN	NaN	NaN	NaN	NaN	NaN	NaN	NaN	NaN	NaN	NaN	NaN	NaN	78.000	-12.000	596.000	940.641	NaN	NaN	NaN	NaN	NaN	NaN	NaN
-11.000	NaN	NaN	NaN	NaN	NaN	NaN	NaN	NaN	NaN	NaN	NaN	NaN	NaN	NaN	NaN	NaN	NaN	NaN	NaN	NaN	NaN	NaN	NaN	NaN	NaN	NaN	NaN	NaN	NaN	NaN	NaN	NaN	NaN	NaN	NaN	NaN	NaN	NaN	NaN	NaN	NaN	NaN	NaN	NaN	NaN	NaN	NaN	NaN	NaN	NaN	NaN	NaN	NaN	NaN	NaN	NaN	NaN	NaN	NaN	NaN	NaN	NaN	NaN	NaN	NaN	NaN	NaN	NaN	NaN	NaN	NaN	NaN	NaN	NaN	NaN	NaN	NaN	79.000	-11.000	600.224	952.161	NaN	NaN	NaN	NaN	NaN	NaN	NaN
-10.000	NaN	NaN	NaN	NaN	NaN	NaN	NaN	NaN	NaN	NaN	NaN	NaN	NaN	NaN	NaN	NaN	NaN	NaN	NaN	NaN	NaN	NaN	NaN	NaN	NaN	NaN	NaN	NaN	NaN	NaN	NaN	NaN	NaN	NaN	NaN	NaN	NaN	NaN	NaN	NaN	NaN	NaN	NaN	NaN	NaN	NaN	NaN	NaN	NaN	NaN	NaN	NaN	NaN	NaN	NaN	NaN	NaN	NaN	NaN	NaN	NaN	NaN	NaN	NaN	NaN	NaN	NaN	NaN	NaN	NaN	NaN	NaN	NaN	NaN	NaN	NaN	NaN	80.000	-10.000	605.820	915.989	NaN	NaN	NaN	NaN	NaN	NaN	NaN
-9.000	NaN	NaN	NaN	NaN	NaN	NaN	NaN	NaN	NaN	NaN	NaN	NaN	NaN	NaN	NaN	NaN	NaN	NaN	NaN	NaN	NaN	NaN	NaN	NaN	NaN	NaN	NaN	NaN	NaN	NaN	NaN	NaN	NaN	NaN	NaN	NaN	NaN	NaN	NaN	NaN	NaN	NaN	NaN	NaN	NaN	NaN	NaN	NaN	NaN	NaN	NaN	NaN	NaN	NaN	NaN	NaN	NaN	NaN	NaN	NaN	NaN	NaN	NaN	NaN	NaN	NaN	NaN	NaN	NaN	NaN	NaN	NaN	NaN	NaN	NaN	NaN	NaN	81.000	-9.000	582.327	939.461	NaN	NaN	NaN	NaN	NaN	NaN	NaN
-8.000	NaN	NaN	NaN	NaN	NaN	NaN	NaN	NaN	NaN	NaN	NaN	NaN	NaN	NaN	NaN	NaN	NaN	NaN	NaN	NaN	NaN	NaN	NaN	NaN	NaN	NaN	NaN	NaN	NaN	NaN	NaN	NaN	NaN	NaN	NaN	NaN	NaN	NaN	NaN	NaN	NaN	NaN	NaN	NaN	NaN	NaN	NaN	NaN	NaN	NaN	NaN	NaN	NaN	NaN	NaN	NaN	NaN	NaN	NaN	NaN	NaN	NaN	NaN	NaN	NaN	NaN	NaN	NaN	NaN	NaN	NaN	NaN	NaN	NaN	NaN	NaN	NaN	82.000	-8.000	585.510	927.439	NaN	NaN	NaN	NaN	NaN	NaN	NaN
-7.000	NaN	NaN	NaN	NaN	NaN	NaN	NaN	NaN	NaN	NaN	NaN	NaN	NaN	NaN	NaN	NaN	NaN	NaN	NaN	NaN	NaN	NaN	NaN	NaN	NaN	NaN	NaN	NaN	NaN	NaN	NaN	NaN	NaN	NaN	NaN	NaN	NaN	NaN	NaN	NaN	NaN	NaN	NaN	NaN	NaN	NaN	NaN	NaN	NaN	NaN	NaN	NaN	NaN	NaN	NaN	NaN	NaN	NaN	NaN	NaN	NaN	NaN	NaN	NaN	NaN	NaN	NaN	NaN	NaN	NaN	NaN	NaN	NaN	NaN	NaN	NaN	NaN	83.000	-7.000	595.116	922.389	NaN	NaN	NaN	NaN	NaN	NaN	NaN
-6.000	NaN	NaN	NaN	NaN	NaN	NaN	NaN	NaN	NaN	NaN	NaN	NaN	NaN	NaN	NaN	NaN	NaN	NaN	NaN	NaN	NaN	NaN	NaN	NaN	NaN	NaN	NaN	NaN	NaN	NaN	NaN	NaN	NaN	NaN	NaN	NaN	NaN	NaN	NaN	NaN	NaN	NaN	NaN	NaN	NaN	NaN	NaN	NaN	NaN	NaN	NaN	NaN	NaN	NaN	NaN	NaN	NaN	NaN	NaN	NaN	NaN	NaN	NaN	NaN	NaN	NaN	NaN	NaN	NaN	NaN	NaN	NaN	NaN	NaN	NaN	NaN	NaN	84.000	-6.000	558.188	918.312	NaN	NaN	NaN	NaN	NaN	NaN	NaN
-5.000	NaN	NaN	NaN	NaN	NaN	NaN	NaN	NaN	NaN	NaN	NaN	NaN	NaN	NaN	NaN	NaN	NaN	NaN	NaN	NaN	NaN	NaN	NaN	NaN	NaN	NaN	NaN	NaN	NaN	NaN	NaN	NaN	NaN	NaN	NaN	NaN	NaN	NaN	NaN	NaN	NaN	NaN	NaN	NaN	NaN	NaN	NaN	NaN	NaN	NaN	NaN	NaN	NaN	NaN	NaN	NaN	NaN	NaN	NaN	NaN	NaN	NaN	NaN	NaN	NaN	NaN	NaN	NaN	NaN	NaN	NaN	NaN	NaN	NaN	NaN	NaN	NaN	85.000	-5.000	615.229	911.890	NaN	NaN	NaN	NaN	NaN	NaN	NaN
-4.000	NaN	NaN	NaN	NaN	NaN	NaN	NaN	NaN	NaN	NaN	NaN	NaN	NaN	NaN	NaN	NaN	NaN	NaN	NaN	NaN	NaN	NaN	NaN	NaN	NaN	NaN	NaN	NaN	NaN	NaN	NaN	NaN	NaN	NaN	NaN	NaN	NaN	NaN	NaN	NaN	NaN	NaN	NaN	NaN	NaN	NaN	NaN	NaN	NaN	NaN	NaN	NaN	NaN	NaN	NaN	NaN	NaN	NaN	NaN	NaN	NaN	NaN	NaN	NaN	NaN	NaN	NaN	NaN	NaN	NaN	NaN	NaN	NaN	NaN	NaN	NaN	NaN	86.000	-4.000	583.810	885.922	NaN	NaN	NaN	NaN	NaN	NaN	NaN
-3.000	NaN	NaN	NaN	NaN	NaN	NaN	NaN	NaN	NaN	NaN	NaN	NaN	NaN	NaN	NaN	NaN	NaN	NaN	NaN	NaN	NaN	NaN	NaN	NaN	NaN	NaN	NaN	NaN	NaN	NaN	NaN	NaN	NaN	NaN	NaN	NaN	NaN	NaN	NaN	NaN	NaN	NaN	NaN	NaN	NaN	NaN	NaN	NaN	NaN	NaN	NaN	NaN	NaN	NaN	NaN	NaN	NaN	NaN	NaN	NaN	NaN	NaN	NaN	NaN	NaN	NaN	NaN	NaN	NaN	NaN	NaN	NaN	NaN	NaN	NaN	NaN	NaN	87.000	-3.000	590.091	912.752	NaN	NaN	NaN	NaN	NaN	NaN	NaN
-2.000	NaN	NaN	NaN	NaN	NaN	NaN	NaN	NaN	NaN	NaN	NaN	NaN	NaN	NaN	NaN	NaN	NaN	NaN	NaN	NaN	NaN	NaN	NaN	NaN	NaN	NaN	NaN	NaN	NaN	NaN	NaN	NaN	NaN	NaN	NaN	NaN	NaN	NaN	NaN	NaN	NaN	NaN	NaN	NaN	NaN	NaN	NaN	NaN	NaN	NaN	NaN	NaN	NaN	NaN	NaN	NaN	NaN	NaN	NaN	NaN	NaN	NaN	NaN	NaN	NaN	NaN	NaN	NaN	NaN	NaN	NaN	NaN	NaN	NaN	NaN	NaN	NaN	88.000	-2.000	540.857	905.831	NaN	NaN	NaN	NaN	NaN	NaN	NaN
-1.000	NaN	NaN	NaN	NaN	NaN	NaN	NaN	NaN	NaN	NaN	NaN	NaN	NaN	NaN	NaN	NaN	NaN	NaN	NaN	NaN	NaN	NaN	NaN	NaN	NaN	NaN	NaN	NaN	NaN	NaN	NaN	NaN	NaN	NaN	NaN	NaN	NaN	NaN	NaN	NaN	NaN	NaN	NaN	NaN	NaN	NaN	NaN	NaN	NaN	NaN	NaN	NaN	NaN	NaN	NaN	NaN	NaN	NaN	NaN	NaN	NaN	NaN	NaN	NaN	NaN	NaN	1.000	-1.000	431.211	965.143	NaN	NaN	NaN	NaN	NaN	NaN	NaN	89.000	-1.000	586.974	906.764	NaN	NaN	NaN	NaN	NaN	NaN	NaN
0.000	1.000	0.000	354.222	965.143	280.049	204.679	235.467	5.798	0.000	NaN	NaN	1.000	0.000	431.282	965.143	270.045	199.250	222.700	5.470	0.000	NaN	NaN	1.000	0.000	581.886	965.143	305.002	212.160	251.500	6.129	0.000	NaN	NaN	1.000	0.000	361.556	965.143	241.744	197.357	226.571	3.574	0.000	NaN	NaN	1.000	0.000	523.871	965.143	390.549	238.133	283.389	8.276	0.000	NaN	NaN	1.000	0.000	390.138	965.143	258.323	186.731	204.500	3.842	0.000	NaN	NaN	2.000	0.000	251.741	933.112	228.222	224.889	232.875	0.600	0.600	NaN	NaN	90.000	0.000	540.778	850.442	535.319	282.083	305.950	9.865	9.865	NaN	NaN
1.000	2.000	1.000	370.541	933.112	272.333	188.767	223.933	5.844	0.046	-0.127	-0.127	2.000	1.000	380.800	933.112	245.983	185.462	225.000	5.118	-0.352	0.000	0.267	2.000	1.000	634.773	933.112	302.399	197.400	236.812	6.542	0.414	0.142	-0.225	2.000	1.000	321.286	933.112	237.943	191.033	213.474	3.796	0.222	0.263	0.065	2.000	1.000	545.769	933.112	376.469	208.821	260.533	8.249	-0.027	-0.122	-0.039	2.000	1.000	339.679	933.112	232.374	169.800	185.765	3.972	0.130	0.195	0.065	3.000	1.000	406.920	941.434	256.100	223.000	249.300	1.992	1.392	0.443	-0.734	91.000	1.000	511.939	845.665	408.333	408.333	450.667	0.289	-9.576	-5.005	0.390
2.000	3.000	2.000	352.806	941.434	277.129	190.360	222.667	5.714	-0.130	-0.063	0.047	3.000	2.000	423.326	941.434	265.431	202.444	243.000	5.570	0.452	0.000	-0.250	3.000	2.000	617.830	941.434	296.069	195.885	235.692	6.745	0.203	0.092	-0.092	3.000	2.000	334.464	941.434	239.589	190.222	207.056	4.037	0.241	0.264	0.000	3.000	2.000	516.872	941.434	370.784	201.286	236.800	7.916	-0.333	-0.021	0.288	3.000	2.000	341.444	941.434	239.365	179.667	199.125	4.175	0.203	0.142	0.000	4.000	2.000	256.679	937.849	225.426	224.364	235.643	0.936	-1.056	0.065	0.910	92.000	2.000	503.000	818.268	411.000	411.000	411.000	0.080	-0.209	-0.000	-0.046
3.000	4.000	3.000	390.903	937.849	281.136	188.893	224.538	5.684	-0.030	0.017	0.000	4.000	3.000	423.733	937.849	266.041	205.731	235.647	5.470	-0.100	0.000	0.083	4.000	3.000	583.698	937.849	292.153	194.174	218.786	6.864	0.119	0.225	0.042	4.000	3.000	368.256	937.849	250.069	196.172	223.312	5.009	0.972	0.194	-0.459	4.000	3.000	461.071	937.849	353.964	189.724	233.385	7.128	-0.788	-0.000	0.632	4.000	3.000	336.963	937.849	243.515	184.200	204.333	4.351	0.176	0.136	-0.065	5.000	3.000	285.867	930.179	249.159	242.926	261.692	0.856	-0.081	-0.188	-0.194	NaN	NaN	NaN	NaN	NaN	NaN	NaN	NaN	NaN	NaN	NaN
4.000	5.000	4.000	416.933	930.179	281.662	195.074	248.500	5.703	0.019	0.018	0.000	5.000	4.000	430.951	930.179	260.366	183.357	225.846	5.237	-0.233	0.061	0.206	5.000	4.000	626.439	930.179	292.221	200.667	216.000	7.132	0.268	0.192	-0.091	5.000	4.000	389.756	930.179	259.335	193.259	226.636	5.472	0.463	0.259	-0.135	5.000	4.000	482.121	930.179	328.942	194.769	255.600	6.026	-1.102	0.027	1.031	5.000	4.000	365.704	930.179	244.171	176.259	192.316	4.573	0.222	0.137	-0.065	6.000	4.000	310.455	928.665	252.296	233.367	258.579	0.752	-0.103	0.000	0.185	NaN	NaN	NaN	NaN	NaN	NaN	NaN	NaN	NaN	NaN	NaN
5.000	6.000	5.000	355.966	928.665	275.476	176.929	209.100	5.600	-0.103	0.143	0.205	6.000	5.000	424.897	928.665	270.223	206.778	248.750	4.988	-0.249	-0.062	0.102	6.000	5.000	604.568	928.665	287.179	204.500	233.611	7.454	0.322	0.233	0.000	6.000	5.000	306.222	928.665	235.484	191.633	222.083	4.695	-0.777	0.134	0.593	6.000	5.000	511.611	928.665	317.548	195.769	230.250	6.340	0.314	-0.059	-0.291	6.000	5.000	363.552	928.665	244.151	176.704	202.923	4.684	0.111	0.073	0.000	NaN	NaN	NaN	NaN	NaN	NaN	NaN	NaN	NaN	NaN	NaN	NaN	NaN	NaN	NaN	NaN	NaN	NaN	NaN	NaN	NaN	NaN
6.000	7.000	6.000	407.067	933.102	285.351	191.036	220.267	5.784	0.184	0.099	-0.044	7.000	6.000	404.657	933.102	259.792	186.393	223.500	4.506	-0.482	0.061	0.512	7.000	6.000	617.122	933.102	291.222	205.731	244.286	7.638	0.184	0.183	-0.042	7.000	6.000	296.111	933.102	240.866	194.586	243.111	4.955	0.260	0.259	0.000	7.000	6.000	517.049	933.102	317.206	190.536	230.714	6.811	0.471	-0.026	-0.469	7.000	6.000	378.321	933.102	252.188	181.615	198.625	4.849	0.165	0.149	0.000	NaN	NaN	NaN	NaN	NaN	NaN	NaN	NaN	NaN	NaN	NaN	NaN	NaN	NaN	NaN	NaN	NaN	NaN	NaN	NaN	NaN	NaN
7.000	8.000	7.000	397.533	928.311	288.539	190.500	219.944	5.738	-0.046	0.018	0.081	8.000	7.000	400.526	928.311	257.331	194.036	228.278	4.284	-0.222	0.000	0.206	8.000	7.000	581.535	928.311	280.008	189.040	228.800	7.913	0.276	0.225	0.000	8.000	7.000	297.481	928.311	239.261	191.414	219.714	5.261	0.306	0.324	0.000	8.000	7.000	508.905	928.311	327.759	196.833	241.857	6.332	-0.479	-0.521	-0.000	8.000	7.000	353.429	928.311	245.478	197.517	228.933	5.025	0.176	0.193	0.064	NaN	NaN	NaN	NaN	NaN	NaN	NaN	NaN	NaN	NaN	NaN	NaN	NaN	NaN	NaN	NaN	NaN	NaN	NaN	NaN	NaN	NaN
8.000	9.000	8.000	410.533	934.382	297.195	181.517	220.750	5.738	0.000	0.081	0.081	9.000	8.000	406.595	934.382	263.491	204.037	248.231	4.303	0.019	-0.061	0.000	9.000	8.000	562.114	934.382	284.535	203.240	237.750	8.005	0.092	0.134	-0.043	9.000	8.000	378.267	934.382	252.075	209.621	241.467	6.206	0.945	0.130	-0.653	9.000	8.000	526.488	934.382	336.663	196.100	245.143	6.240	-0.092	-0.205	-0.145	9.000	8.000	375.464	934.382	247.731	183.138	204.611	5.331	0.306	0.267	-0.064	NaN	NaN	NaN	NaN	NaN	NaN	NaN	NaN	NaN	NaN	NaN	NaN	NaN	NaN	NaN	NaN	NaN	NaN	NaN	NaN	NaN	NaN
9.000	10.000	9.000	404.393	934.119	295.046	180.321	215.083	5.654	-0.084	-0.062	0.000	10.000	9.000	426.286	934.119	264.607	197.852	232.882	4.433	0.130	0.000	-0.185	10.000	9.000	523.659	934.119	283.754	184.786	211.588	8.189	0.184	0.183	0.042	10.000	9.000	378.500	934.119	252.586	205.900	243.231	6.466	0.260	0.259	-0.065	10.000	9.000	497.581	934.119	335.359	193.964	231.312	5.907	-0.333	-0.265	0.026	10.000	9.000	346.963	934.119	242.443	190.759	217.133	5.480	0.149	0.193	0.064	NaN	NaN	NaN	NaN	NaN	NaN	NaN	NaN	NaN	NaN	NaN	NaN	NaN	NaN	NaN	NaN	NaN	NaN	NaN	NaN	NaN	NaN
10.000	11.000	10.000	410.758	927.048	306.842	179.000	221.000	5.646	-0.008	0.000	0.018	11.000	10.000	429.721	927.048	276.116	198.857	244.091	4.590	0.157	0.062	0.000	11.000	10.000	494.543	927.048	281.967	188.000	220.500	8.365	0.176	0.183	0.049	11.000	10.000	351.071	927.048	251.385	205.769	238.000	6.653	0.187	0.195	-0.065	11.000	10.000	534.609	927.048	334.954	198.429	243.133	5.926	0.019	-0.119	-0.119	11.000	10.000	362.259	927.048	243.477	198.143	218.045	5.702	0.222	0.139	-0.064	NaN	NaN	NaN	NaN	NaN	NaN	NaN	NaN	NaN	NaN	NaN	NaN	NaN	NaN	NaN	NaN	NaN	NaN	NaN	NaN	NaN	NaN
11.000	12.000	11.000	420.759	931.082	295.659	175.000	200.714	5.746	0.100	0.082	-0.040	12.000	11.000	442.459	931.082	273.762	199.929	235.312	4.498	-0.092	0.000	0.020	12.000	11.000	472.870	931.082	274.600	194.727	224.417	8.430	0.065	0.141	0.092	12.000	11.000	345.552	931.082	250.948	187.692	210.923	6.951	0.298	0.260	-0.062	12.000	11.000	395.750	931.082	327.708	206.964	249.067	5.226	-0.701	-0.311	0.273	12.000	11.000	358.786	931.082	243.244	199.077	243.273	5.916	0.214	0.193	0.000	NaN	NaN	NaN	NaN	NaN	NaN	NaN	NaN	NaN	NaN	NaN	NaN	NaN	NaN	NaN	NaN	NaN	NaN	NaN	NaN	NaN	NaN
12.000	13.000	12.000	406.226	932.063	309.297	177.400	201.059	5.792	0.046	0.021	0.000	13.000	12.000	386.407	932.063	260.741	192.143	233.067	4.100	-0.398	0.000	0.267	13.000	12.000	469.977	932.063	274.307	197.828	227.278	8.641	0.211	0.233	0.000	13.000	12.000	357.310	932.063	249.945	195.538	220.385	6.970	0.019	0.195	0.195	13.000	12.000	453.758	932.063	334.456	210.310	257.400	5.115	-0.111	-0.350	-0.289	13.000	12.000	354.143	932.063	244.477	195.571	224.867	6.119	0.203	0.193	0.000	NaN	NaN	NaN	NaN	NaN	NaN	NaN	NaN	NaN	NaN	NaN	NaN	NaN	NaN	NaN	NaN	NaN	NaN	NaN	NaN	NaN	NaN
13.000	14.000	13.000	427.065	935.312	311.886	182.759	201.471	5.830	0.038	0.062	0.020	14.000	13.000	435.679	935.312	266.626	190.143	231.700	4.230	0.130	0.000	-0.124	14.000	13.000	447.634	935.312	271.329	213.357	261.067	8.760	0.119	0.183	0.042	14.000	13.000	370.133	935.312	246.027	188.192	205.467	7.341	0.371	0.324	-0.004	14.000	13.000	517.136	935.312	331.317	193.310	232.733	5.329	0.214	-0.289	-0.411	14.000	13.000	347.185	935.312	249.254	200.621	241.667	6.276	0.157	0.139	0.000	NaN	NaN	NaN	NaN	NaN	NaN	NaN	NaN	NaN	NaN	NaN	NaN	NaN	NaN	NaN	NaN	NaN	NaN	NaN	NaN	NaN	NaN
14.000	15.000	14.000	423.515	935.564	326.720	179.759	202.438	5.738	-0.092	0.062	0.161	15.000	14.000	461.071	935.564	275.781	201.714	243.333	4.138	-0.092	0.000	0.081	15.000	14.000	464.174	935.564	274.915	208.792	259.750	9.073	0.314	0.092	-0.134	15.000	14.000	365.387	935.564	242.222	189.040	212.556	7.601	0.260	0.195	-0.065	15.000	14.000	487.295	935.564	333.565	201.724	255.750	5.459	0.130	-0.083	-0.206	15.000	14.000	331.387	935.564	239.811	194.885	228.250	6.517	0.241	0.193	0.000	NaN	NaN	NaN	NaN	NaN	NaN	NaN	NaN	NaN	NaN	NaN	NaN	NaN	NaN	NaN	NaN	NaN	NaN	NaN	NaN	NaN	NaN
15.000	16.000	15.000	383.556	937.791	332.536	186.393	217.667	5.581	-0.157	0.124	0.228	16.000	15.000	430.564	937.791	273.548	194.536	235.143	4.287	0.149	0.000	-0.046	16.000	15.000	476.723	937.791	274.947	210.417	234.800	9.276	0.203	0.092	-0.135	16.000	15.000	356.375	937.791	240.468	187.692	202.389	7.953	0.352	0.195	-0.130	16.000	15.000	516.638	937.791	349.218	199.536	252.417	5.551	0.092	-0.061	-0.083	16.000	15.000	335.107	937.791	244.003	190.931	225.786	6.444	-0.073	0.074	0.074	NaN	NaN	NaN	NaN	NaN	NaN	NaN	NaN	NaN	NaN	NaN	NaN	NaN	NaN	NaN	NaN	NaN	NaN	NaN	NaN	NaN	NaN
16.000	17.000	16.000	386.862	939.087	336.254	174.786	197.412	5.497	-0.084	-0.062	0.019	17.000	16.000	439.393	939.087	271.062	202.967	234.529	3.890	-0.398	-0.062	0.249	17.000	16.000	474.362	939.087	268.322	217.917	262.818	9.506	0.230	0.141	-0.092	17.000	16.000	360.657	939.087	243.649	201.292	230.455	8.194	0.241	0.061	-0.065	17.000	16.000	519.878	939.087	349.882	207.345	250.933	5.375	-0.176	-0.166	-0.083	17.000	16.000	365.071	939.087	245.674	194.700	220.714	6.647	0.203	0.128	-0.074	NaN	NaN	NaN	NaN	NaN	NaN	NaN	NaN	NaN	NaN	NaN	NaN	NaN	NaN	NaN	NaN	NaN	NaN	NaN	NaN	NaN	NaN
17.000	18.000	17.000	368.519	938.757	342.903	183.630	201.450	5.340	-0.157	-0.081	0.043	18.000	17.000	387.241	938.757	275.194	203.893	251.083	3.722	-0.168	0.062	0.186	18.000	17.000	462.297	938.757	260.806	199.400	221.227	9.476	-0.030	0.134	0.085	18.000	17.000	376.794	938.757	247.663	181.045	198.533	8.473	0.279	0.197	-0.130	18.000	17.000	544.816	938.757	365.876	211.320	266.364	5.283	-0.092	-0.061	-0.023	18.000	17.000	342.267	938.757	244.533	196.480	222.267	6.796	0.149	0.128	0.064	NaN	NaN	NaN	NaN	NaN	NaN	NaN	NaN	NaN	NaN	NaN	NaN	NaN	NaN	NaN	NaN	NaN	NaN	NaN	NaN	NaN	NaN
18.000	19.000	18.000	378.148	948.840	350.209	186.714	221.583	5.397	0.057	0.000	0.000	19.000	18.000	393.186	948.840	270.965	210.321	250.000	3.989	0.268	0.000	-0.082	19.000	18.000	469.814	948.840	266.635	206.167	234.692	9.882	0.406	0.183	-0.135	19.000	18.000	372.088	948.840	244.643	195.931	224.364	8.779	0.306	0.260	0.000	19.000	18.000	533.625	948.840	365.169	218.962	297.875	5.394	0.111	-0.166	-0.205	19.000	18.000	338.714	948.840	247.715	190.034	214.056	6.861	0.065	0.203	0.074	NaN	NaN	NaN	NaN	NaN	NaN	NaN	NaN	NaN	NaN	NaN	NaN	NaN	NaN	NaN	NaN	NaN	NaN	NaN	NaN	NaN	NaN
19.000	20.000	19.000	397.963	947.075	356.281	186.500	219.800	5.340	-0.057	0.021	0.062	20.000	19.000	431.721	947.075	273.685	205.464	231.167	4.238	0.249	0.000	-0.227	20.000	19.000	467.614	947.075	263.057	210.600	239.286	10.058	0.176	0.141	0.000	20.000	19.000	394.190	947.075	243.862	200.304	230.538	9.242	0.463	0.198	-0.198	20.000	19.000	569.737	947.075	379.633	228.300	313.750	5.340	-0.054	-0.083	-0.061	20.000	19.000	349.308	947.075	249.648	199.724	220.316	6.972	0.111	0.129	0.000	NaN	NaN	NaN	NaN	NaN	NaN	NaN	NaN	NaN	NaN	NaN	NaN	NaN	NaN	NaN	NaN	NaN	NaN	NaN	NaN	NaN	NaN
20.000	21.000	20.000	341.049	934.476	248.291	184.360	213.214	3.221	-2.119	-0.024	2.041	21.000	20.000	417.409	934.476	272.515	201.929	237.188	4.238	0.000	0.000	0.000	21.000	20.000	458.814	934.476	264.692	194.682	218.583	10.177	0.119	0.183	0.000	21.000	20.000	392.568	934.476	249.473	204.769	224.133	9.529	0.287	0.195	-0.065	21.000	20.000	561.811	934.476	385.069	233.615	307.667	5.313	-0.027	-0.020	-0.000	21.000	20.000	370.143	934.476	253.495	199.440	246.857	7.186	0.214	0.129	-0.064	NaN	NaN	NaN	NaN	NaN	NaN	NaN	NaN	NaN	NaN	NaN	NaN	NaN	NaN	NaN	NaN	NaN	NaN	NaN	NaN	NaN	NaN
21.000	22.000	21.000	349.927	935.478	250.590	184.522	219.250	3.156	-0.065	0.000	0.022	22.000	21.000	418.500	935.478	273.197	217.407	253.611	4.016	-0.222	0.000	0.183	22.000	21.000	460.233	935.478	258.544	192.826	204.000	10.333	0.157	0.183	0.092	22.000	21.000	406.578	935.478	245.061	207.923	236.000	9.762	0.233	0.195	-0.065	22.000	21.000	530.595	935.478	376.051	218.107	311.375	5.302	-0.011	-0.000	-0.000	22.000	21.000	367.286	935.478	255.250	198.360	229.167	7.251	0.065	0.064	0.000	NaN	NaN	NaN	NaN	NaN	NaN	NaN	NaN	NaN	NaN	NaN	NaN	NaN	NaN	NaN	NaN	NaN	NaN	NaN	NaN	NaN	NaN
22.000	23.000	22.000	349.273	933.010	251.352	189.115	224.167	3.305	0.149	0.023	-0.061	23.000	22.000	434.773	933.010	273.925	219.613	264.375	4.070	0.054	0.000	0.000	23.000	22.000	452.163	933.010	261.198	183.783	203.133	10.452	0.119	0.141	0.000	23.000	22.000	394.462	933.010	245.719	205.963	232.462	10.000	0.238	0.195	0.000	23.000	22.000	562.289	933.010	408.877	221.179	271.933	5.654	0.352	-0.000	-0.248	23.000	22.000	343.036	933.010	252.694	190.120	212.167	7.316	0.065	0.064	0.000	NaN	NaN	NaN	NaN	NaN	NaN	NaN	NaN	NaN	NaN	NaN	NaN	NaN	NaN	NaN	NaN	NaN	NaN	NaN	NaN	NaN	NaN
23.000	24.000	23.000	364.085	929.090	257.314	194.200	217.059	3.481	0.176	0.061	-0.061	24.000	23.000	444.905	929.090	282.245	215.036	247.750	4.108	0.038	0.000	-0.061	24.000	23.000	509.705	929.090	265.083	175.958	203.500	10.812	0.360	0.141	-0.275	24.000	23.000	373.683	929.090	248.560	207.962	225.600	9.946	-0.054	0.133	0.198	24.000	23.000	434.393	929.090	294.021	219.143	267.438	3.515	-2.138	-0.000	1.783	24.000	23.000	377.500	929.090	256.284	189.640	220.833	7.472	0.157	0.000	-0.074	NaN	NaN	NaN	NaN	NaN	NaN	NaN	NaN	NaN	NaN	NaN	NaN	NaN	NaN	NaN	NaN	NaN	NaN	NaN	NaN	NaN	NaN
24.000	25.000	24.000	329.881	926.312	242.773	191.724	230.917	3.462	-0.019	0.107	0.023	25.000	24.000	387.643	926.312	276.258	216.517	250.867	3.572	-0.536	0.000	0.350	25.000	24.000	499.837	926.312	267.460	196.714	205.882	10.996	0.184	0.092	-0.049	25.000	24.000	380.936	926.312	244.803	195.923	240.333	10.244	0.298	0.133	-0.065	25.000	24.000	469.194	926.312	303.979	243.407	303.842	3.905	0.390	-0.061	-0.328	25.000	24.000	370.464	926.312	250.626	190.654	205.833	7.518	0.046	0.129	0.000	NaN	NaN	NaN	NaN	NaN	NaN	NaN	NaN	NaN	NaN	NaN	NaN	NaN	NaN	NaN	NaN	NaN	NaN	NaN	NaN	NaN	NaN
25.000	26.000	25.000	318.364	926.541	239.453	193.107	222.250	3.572	0.111	0.000	-0.061	26.000	25.000	384.000	926.541	287.729	208.960	248.800	3.852	0.279	0.000	-0.230	26.000	25.000	475.600	926.541	266.610	183.136	205.667	11.053	0.057	0.058	0.092	26.000	25.000	357.629	926.541	246.436	190.077	206.182	10.141	-0.103	0.192	0.133	26.000	25.000	474.400	926.541	300.701	231.889	305.429	3.970	0.065	-0.000	-0.061	26.000	25.000	370.036	926.541	251.395	197.115	223.667	7.713	0.195	0.138	0.000	NaN	NaN	NaN	NaN	NaN	NaN	NaN	NaN	NaN	NaN	NaN	NaN	NaN	NaN	NaN	NaN	NaN	NaN	NaN	NaN	NaN	NaN
26.000	27.000	26.000	298.139	958.704	237.497	189.458	238.167	3.408	-0.165	-0.020	0.020	27.000	26.000	433.097	958.704	293.250	227.185	270.875	4.066	0.214	0.000	-0.187	27.000	26.000	514.364	958.704	261.527	181.087	204.923	11.164	0.111	0.050	-0.133	27.000	26.000	349.594	958.704	240.585	191.120	220.000	10.309	0.168	0.201	0.003	27.000	26.000	436.036	958.704	317.623	221.679	266.667	3.997	0.027	0.062	-0.062	27.000	26.000	361.643	958.704	249.197	185.741	207.059	7.897	0.184	0.203	0.000	NaN	NaN	NaN	NaN	NaN	NaN	NaN	NaN	NaN	NaN	NaN	NaN	NaN	NaN	NaN	NaN	NaN	NaN	NaN	NaN	NaN	NaN
27.000	28.000	27.000	293.051	954.496	238.107	189.042	222.571	3.557	0.149	0.062	-0.044	28.000	27.000	437.189	954.496	297.654	224.593	274.706	4.039	-0.027	0.000	0.080	28.000	27.000	523.804	954.496	267.231	186.522	215.444	11.535	0.371	0.201	-0.041	28.000	27.000	364.750	954.496	242.452	194.667	226.444	10.848	0.539	0.195	-0.198	28.000	27.000	427.241	954.496	309.044	236.036	294.071	4.219	0.222	-0.000	-0.227	28.000	27.000	362.750	954.496	244.475	187.464	210.882	8.073	0.176	0.139	0.000	NaN	NaN	NaN	NaN	NaN	NaN	NaN	NaN	NaN	NaN	NaN	NaN	NaN	NaN	NaN	NaN	NaN	NaN	NaN	NaN	NaN	NaN
28.000	29.000	28.000	278.467	925.586	234.896	183.179	216.077	3.454	-0.103	0.081	0.062	29.000	28.000	354.444	925.586	270.993	234.821	282.125	2.964	-1.075	0.062	0.928	29.000	28.000	422.341	925.586	247.899	181.727	194.762	11.305	-0.230	0.325	0.589	29.000	28.000	353.692	925.586	241.752	208.852	236.444	10.894	0.046	0.192	0.065	29.000	28.000	473.306	925.586	307.095	223.741	289.214	4.674	0.455	-0.062	-0.309	29.000	28.000	353.071	925.586	241.435	185.115	220.900	8.119	0.046	0.064	0.000	NaN	NaN	NaN	NaN	NaN	NaN	NaN	NaN	NaN	NaN	NaN	NaN	NaN	NaN	NaN	NaN	NaN	NaN	NaN	NaN	NaN	NaN
29.000	30.000	29.000	322.024	958.047	231.923	181.000	198.722	4.020	0.566	0.000	-0.376	30.000	29.000	321.333	958.047	262.311	236.031	300.143	2.926	-0.038	0.000	0.062	30.000	29.000	383.735	958.047	239.843	188.045	204.643	11.175	-0.130	0.285	0.222	30.000	29.000	360.333	958.047	234.446	200.840	216.278	11.135	0.241	0.130	-0.130	30.000	29.000	459.367	958.047	304.254	216.889	261.900	4.674	0.000	-0.000	-0.062	30.000	29.000	352.750	958.047	241.791	182.640	205.000	7.981	-0.138	-0.139	0.000	NaN	NaN	NaN	NaN	NaN	NaN	NaN	NaN	NaN	NaN	NaN	NaN	NaN	NaN	NaN	NaN	NaN	NaN	NaN	NaN	NaN	NaN
30.000	31.000	30.000	328.634	964.359	230.920	173.222	206.900	4.261	0.241	0.063	-0.143	31.000	30.000	371.444	964.359	290.090	245.741	332.727	2.807	-0.119	-0.124	0.000	31.000	30.000	393.902	964.359	241.065	170.692	199.727	11.765	0.590	0.285	-0.172	31.000	30.000	360.800	964.359	235.800	195.714	221.571	11.341	0.206	0.128	-0.065	31.000	30.000	479.848	964.359	304.812	209.852	265.286	5.091	0.417	-0.000	-0.392	31.000	30.000	343.786	964.359	236.873	190.160	213.667	7.916	-0.065	-0.064	0.000	NaN	NaN	NaN	NaN	NaN	NaN	NaN	NaN	NaN	NaN	NaN	NaN	NaN	NaN	NaN	NaN	NaN	NaN	NaN	NaN	NaN	NaN
31.000	32.000	31.000	381.690	965.509	244.322	179.120	206.154	4.567	0.306	0.000	-0.315	32.000	31.000	401.519	965.509	298.620	207.138	239.158	2.853	0.046	0.062	0.000	32.000	31.000	442.933	965.509	239.730	186.962	200.857	12.236	0.471	0.142	-0.183	32.000	31.000	349.738	965.509	235.228	191.481	226.875	11.457	0.116	0.070	0.068	32.000	31.000	451.533	965.509	308.796	237.630	298.312	5.210	0.119	-0.000	-0.103	32.000	31.000	379.286	965.509	234.397	190.308	213.200	7.962	0.046	-0.064	-0.075	NaN	NaN	NaN	NaN	NaN	NaN	NaN	NaN	NaN	NaN	NaN	NaN	NaN	NaN	NaN	NaN	NaN	NaN	NaN	NaN	NaN	NaN
32.000	33.000	32.000	358.086	963.480	235.709	187.560	211.929	4.437	-0.130	0.017	0.063	33.000	32.000	398.242	963.480	292.860	205.536	232.500	2.945	0.092	0.000	-0.062	33.000	32.000	451.364	963.480	239.716	186.217	207.900	12.209	-0.027	0.051	-0.040	33.000	32.000	357.282	963.480	231.187	194.958	216.533	11.506	0.049	0.065	-0.068	33.000	32.000	497.677	963.480	300.978	208.741	276.333	5.524	0.314	-0.000	-0.310	33.000	32.000	343.679	963.480	228.688	183.207	208.417	7.878	-0.084	-0.064	0.000	NaN	NaN	NaN	NaN	NaN	NaN	NaN	NaN	NaN	NaN	NaN	NaN	NaN	NaN	NaN	NaN	NaN	NaN	NaN	NaN	NaN	NaN
33.000	34.000	33.000	396.435	965.202	248.450	189.920	228.778	4.788	0.352	0.000	-0.237	34.000	33.000	422.172	965.202	300.193	212.440	250.733	2.723	-0.222	0.000	0.186	34.000	33.000	374.953	965.202	232.877	197.077	211.600	11.952	-0.257	0.103	0.456	34.000	33.000	368.810	965.202	231.889	189.269	210.308	11.858	0.352	0.195	-0.130	34.000	33.000	498.588	965.202	306.816	213.036	266.500	5.589	0.065	0.062	-0.041	34.000	33.000	343.036	965.202	232.466	177.828	210.000	7.813	-0.065	-0.064	0.000	NaN	NaN	NaN	NaN	NaN	NaN	NaN	NaN	NaN	NaN	NaN	NaN	NaN	NaN	NaN	NaN	NaN	NaN	NaN	NaN	NaN	NaN
34.000	35.000	34.000	355.389	970.863	242.498	186.714	217.500	4.788	0.000	0.017	-0.080	35.000	34.000	439.448	970.863	305.958	214.172	245.389	2.964	0.241	0.081	-0.106	35.000	34.000	356.552	970.863	229.280	183.370	199.944	11.584	-0.368	0.119	0.311	35.000	34.000	336.511	970.863	229.886	196.333	213.000	11.888	0.030	0.063	0.002	35.000	34.000	501.379	970.863	311.724	221.815	266.842	5.562	-0.027	-0.062	-0.062	35.000	34.000	352.000	970.863	235.927	179.000	207.188	7.813	0.000	0.000	0.000	NaN	NaN	NaN	NaN	NaN	NaN	NaN	NaN	NaN	NaN	NaN	NaN	NaN	NaN	NaN	NaN	NaN	NaN	NaN	NaN	NaN	NaN
35.000	36.000	35.000	366.730	966.663	243.087	190.931	213.737	4.899	0.111	0.000	-0.063	36.000	35.000	382.741	966.663	288.457	215.679	256.308	2.945	-0.019	0.144	0.124	36.000	35.000	349.931	966.663	230.317	183.167	194.625	11.890	0.306	0.249	-0.053	36.000	35.000	341.793	966.663	227.418	200.692	222.727	11.322	-0.566	0.133	0.455	36.000	35.000	480.629	966.663	323.395	219.250	273.714	5.654	0.092	0.062	0.020	36.000	35.000	354.429	966.663	236.390	187.154	209.667	7.767	-0.046	-0.010	0.000	NaN	NaN	NaN	NaN	NaN	NaN	NaN	NaN	NaN	NaN	NaN	NaN	NaN	NaN	NaN	NaN	NaN	NaN	NaN	NaN	NaN	NaN
36.000	37.000	36.000	352.564	961.923	250.461	224.100	285.643	5.075	0.176	0.000	-0.063	37.000	36.000	388.481	961.923	296.411	219.448	264.500	3.232	0.287	0.062	-0.206	37.000	36.000	355.206	961.923	229.855	188.880	219.600	12.012	0.122	0.144	0.144	37.000	36.000	356.321	961.923	223.320	194.960	219.917	11.552	0.230	0.130	-0.003	37.000	36.000	440.393	961.923	313.414	204.893	261.462	5.440	-0.214	0.022	0.162	37.000	36.000	336.536	961.923	226.967	181.400	202.933	7.721	-0.046	0.000	0.064	NaN	NaN	NaN	NaN	NaN	NaN	NaN	NaN	NaN	NaN	NaN	NaN	NaN	NaN	NaN	NaN	NaN	NaN	NaN	NaN	NaN	NaN
37.000	38.000	37.000	371.886	962.211	259.684	233.062	282.368	5.083	0.008	-0.063	-0.143	38.000	37.000	420.852	962.211	311.997	229.286	273.857	3.446	0.214	-0.015	-0.237	38.000	37.000	427.133	962.211	240.686	177.958	199.182	12.670	0.658	0.069	-0.309	38.000	37.000	354.571	962.211	218.430	182.414	199.632	11.671	0.119	0.000	-0.065	38.000	37.000	513.097	962.211	323.983	216.320	279.182	5.635	0.195	-0.000	-0.144	38.000	37.000	348.037	962.211	225.854	168.462	185.059	7.702	-0.019	0.000	0.000	NaN	NaN	NaN	NaN	NaN	NaN	NaN	NaN	NaN	NaN	NaN	NaN	NaN	NaN	NaN	NaN	NaN	NaN	NaN	NaN	NaN	NaN
38.000	39.000	38.000	378.317	952.096	265.879	225.533	275.733	5.010	-0.073	-0.126	-0.046	39.000	38.000	383.556	952.096	318.764	208.786	259.364	3.186	-0.260	-0.063	0.188	39.000	38.000	436.535	952.096	244.209	176.963	197.600	12.873	0.203	0.106	-0.091	39.000	38.000	343.857	952.096	221.871	186.440	199.222	11.690	0.019	0.065	0.000	39.000	38.000	411.576	952.096	270.373	209.300	256.150	4.365	-1.270	-0.060	1.180	39.000	38.000	372.037	952.096	227.003	168.889	185.647	7.767	0.065	0.000	-0.064	NaN	NaN	NaN	NaN	NaN	NaN	NaN	NaN	NaN	NaN	NaN	NaN	NaN	NaN	NaN	NaN	NaN	NaN	NaN	NaN	NaN	NaN
39.000	40.000	39.000	370.978	933.752	274.075	231.571	281.133	4.834	-0.176	-0.143	0.108	40.000	39.000	467.233	933.752	350.806	225.967	271.353	3.649	0.463	-0.127	-0.506	40.000	39.000	435.326	933.752	243.598	181.240	208.182	13.030	0.157	0.091	-0.091	40.000	39.000	337.536	933.752	223.870	192.880	204.778	11.728	0.038	0.065	0.000	40.000	39.000	450.650	933.752	281.064	222.867	267.700	4.717	0.352	-0.000	-0.290	40.000	39.000	361.556	933.752	230.009	162.600	177.400	7.702	-0.065	0.000	0.064	NaN	NaN	NaN	NaN	NaN	NaN	NaN	NaN	NaN	NaN	NaN	NaN	NaN	NaN	NaN	NaN	NaN	NaN	NaN	NaN	NaN	NaN
40.000	41.000	40.000	307.000	927.011	267.570	229.133	288.733	4.169	-0.666	-0.126	0.427	41.000	40.000	433.611	927.011	292.340	217.269	267.818	2.918	-0.731	-0.081	0.663	41.000	40.000	451.778	927.011	241.893	178.760	200.000	13.141	0.111	0.000	-0.053	41.000	40.000	346.553	927.011	223.649	193.821	215.235	11.999	0.271	0.000	-0.130	41.000	40.000	412.677	927.011	278.740	218.966	277.429	4.476	-0.241	-0.085	0.060	41.000	40.000	353.593	927.011	224.757	173.481	190.000	7.656	-0.046	-0.064	0.000	NaN	NaN	NaN	NaN	NaN	NaN	NaN	NaN	NaN	NaN	NaN	NaN	NaN	NaN	NaN	NaN	NaN	NaN	NaN	NaN	NaN	NaN
41.000	42.000	41.000	318.814	944.075	263.969	208.571	250.800	4.012	-0.157	-0.014	0.154	42.000	41.000	437.268	944.075	288.971	212.857	236.588	3.232	0.314	0.063	-0.251	42.000	41.000	458.093	944.075	242.874	175.600	195.077	13.217	0.076	0.089	0.000	42.000	41.000	363.000	944.075	225.227	190.560	210.867	12.091	0.092	0.133	-0.004	42.000	41.000	479.886	944.075	288.805	201.577	244.294	5.433	0.957	-0.087	-0.929	42.000	41.000	329.444	944.075	226.671	175.724	189.143	7.637	-0.019	0.000	0.000	NaN	NaN	NaN	NaN	NaN	NaN	NaN	NaN	NaN	NaN	NaN	NaN	NaN	NaN	NaN	NaN	NaN	NaN	NaN	NaN	NaN	NaN
42.000	43.000	42.000	320.326	955.504	270.775	211.467	258.600	3.966	-0.046	-0.063	-0.033	43.000	42.000	412.889	955.504	294.754	230.214	308.222	2.983	-0.249	0.205	0.330	43.000	42.000	489.978	955.504	248.767	178.625	209.111	13.726	0.509	0.162	-0.217	43.000	42.000	334.559	955.504	225.784	180.280	222.750	12.080	-0.011	0.065	0.130	43.000	42.000	488.794	955.504	297.626	203.200	257.071	5.590	0.157	0.058	-0.145	43.000	42.000	352.714	955.504	230.386	176.320	206.111	7.813	0.176	0.000	-0.128	NaN	NaN	NaN	NaN	NaN	NaN	NaN	NaN	NaN	NaN	NaN	NaN	NaN	NaN	NaN	NaN	NaN	NaN	NaN	NaN	NaN	NaN
43.000	44.000	43.000	333.718	957.679	286.656	216.600	275.000	3.947	-0.019	0.063	0.015	44.000	43.000	399.953	957.679	298.577	221.857	260.167	3.400	0.417	0.126	-0.126	44.000	43.000	482.000	957.679	245.126	172.385	198.750	14.059	0.333	0.288	0.000	44.000	43.000	347.162	957.679	225.115	177.538	210.429	12.302	0.222	0.065	-0.130	44.000	43.000	500.147	957.679	300.936	207.296	252.867	5.685	0.095	-0.000	-0.066	44.000	43.000	356.379	957.679	232.023	179.000	206.000	7.878	0.065	0.064	0.000	NaN	NaN	NaN	NaN	NaN	NaN	NaN	NaN	NaN	NaN	NaN	NaN	NaN	NaN	NaN	NaN	NaN	NaN	NaN	NaN	NaN	NaN
44.000	45.000	44.000	336.903	957.296	292.458	220.769	257.300	3.633	-0.314	-0.063	0.189	45.000	44.000	431.378	957.296	302.807	235.645	281.312	3.530	0.130	0.205	0.063	45.000	44.000	413.610	957.296	226.548	176.080	200.364	13.442	-0.617	0.110	0.552	45.000	44.000	366.559	957.296	225.794	168.923	188.909	12.347	0.046	0.069	0.065	45.000	44.000	515.543	957.296	297.520	235.742	298.842	5.880	0.195	0.025	-0.154	45.000	44.000	356.036	957.296	231.088	181.080	213.000	7.878	0.000	0.000	0.000	NaN	NaN	NaN	NaN	NaN	NaN	NaN	NaN	NaN	NaN	NaN	NaN	NaN	NaN	NaN	NaN	NaN	NaN	NaN	NaN	NaN	NaN
45.000	46.000	45.000	341.235	959.677	290.305	219.767	264.200	3.641	0.008	-0.063	-0.018	46.000	45.000	405.514	959.677	314.728	238.920	283.500	3.484	-0.046	0.126	0.142	46.000	45.000	432.587	959.677	226.985	176.292	196.200	13.967	0.525	0.145	-0.304	46.000	45.000	370.969	959.677	226.142	185.560	219.600	12.451	0.103	0.134	-0.065	46.000	45.000	481.156	959.677	302.007	239.519	335.000	5.972	0.092	0.145	0.060	46.000	45.000	352.621	959.677	230.078	167.222	177.087	7.859	-0.019	0.000	0.000	NaN	NaN	NaN	NaN	NaN	NaN	NaN	NaN	NaN	NaN	NaN	NaN	NaN	NaN	NaN	NaN	NaN	NaN	NaN	NaN	NaN	NaN
46.000	47.000	46.000	331.273	956.564	292.477	216.179	259.857	3.576	-0.065	-0.143	0.063	47.000	46.000	399.795	956.564	308.745	237.069	278.875	3.733	0.249	0.160	-0.063	47.000	46.000	448.535	956.564	224.963	173.625	197.231	14.189	0.222	0.199	0.000	47.000	46.000	338.857	956.564	225.833	181.400	197.611	12.600	0.149	0.130	0.004	47.000	46.000	506.421	956.564	299.249	259.000	338.857	6.175	0.203	0.060	-0.086	47.000	46.000	352.444	956.564	230.382	178.333	193.000	7.878	0.019	-0.064	-0.075	NaN	NaN	NaN	NaN	NaN	NaN	NaN	NaN	NaN	NaN	NaN	NaN	NaN	NaN	NaN	NaN	NaN	NaN	NaN	NaN	NaN	NaN
47.000	48.000	47.000	295.628	946.404	261.739	208.800	244.250	2.065	-1.511	-0.205	1.132	48.000	47.000	425.810	946.404	312.492	218.231	258.286	3.920	0.187	0.111	0.000	48.000	47.000	467.044	946.404	228.587	178.524	210.750	14.530	0.341	0.145	-0.125	48.000	47.000	346.159	946.404	222.957	181.240	196.933	12.997	0.398	0.134	-0.134	48.000	47.000	500.093	946.404	297.616	280.767	379.857	6.397	0.222	0.086	-0.060	48.000	47.000	393.348	946.404	243.986	178.222	191.647	8.850	0.972	0.064	-0.599	NaN	NaN	NaN	NaN	NaN	NaN	NaN	NaN	NaN	NaN	NaN	NaN	NaN	NaN	NaN	NaN	NaN	NaN	NaN	NaN	NaN	NaN
48.000	49.000	48.000	320.318	943.389	259.280	200.310	233.125	1.824	-0.241	-0.145	0.031	49.000	48.000	376.852	943.389	300.090	222.793	252.684	3.373	-0.547	0.205	0.536	49.000	48.000	458.800	943.389	224.051	171.077	205.200	14.759	0.230	0.145	-0.090	49.000	48.000	339.600	943.389	220.811	178.654	198.538	12.986	-0.011	0.130	0.065	49.000	48.000	503.658	943.389	306.990	256.897	379.545	6.397	0.000	0.171	0.111	49.000	48.000	384.811	943.389	234.890	179.724	193.783	8.544	-0.306	-0.064	0.128	NaN	NaN	NaN	NaN	NaN	NaN	NaN	NaN	NaN	NaN	NaN	NaN	NaN	NaN	NaN	NaN	NaN	NaN	NaN	NaN	NaN	NaN
49.000	50.000	49.000	339.600	946.636	268.404	214.129	244.938	1.824	0.000	-0.145	-0.087	50.000	49.000	394.815	946.636	313.945	236.667	294.818	3.465	0.092	0.080	0.000	50.000	49.000	507.609	946.636	229.001	177.160	185.238	15.035	0.276	0.055	-0.215	50.000	49.000	335.556	946.636	221.498	188.640	212.400	13.062	0.076	0.060	-0.069	50.000	49.000	510.526	946.636	308.805	238.852	317.500	6.473	0.076	0.084	0.011	50.000	49.000	351.778	946.636	225.551	172.920	198.077	7.813	-0.731	0.000	0.535	NaN	NaN	NaN	NaN	NaN	NaN	NaN	NaN	NaN	NaN	NaN	NaN	NaN	NaN	NaN	NaN	NaN	NaN	NaN	NaN	NaN	NaN
50.000	51.000	50.000	336.977	930.307	248.323	205.742	238.176	1.380	-0.444	-0.087	0.349	51.000	50.000	423.214	930.307	331.145	215.806	251.200	3.947	0.482	0.176	-0.127	51.000	50.000	450.651	930.307	228.647	173.542	190.556	14.629	-0.406	-0.164	0.160	51.000	50.000	316.154	930.307	220.809	182.480	205.100	13.277	0.214	0.130	0.000	51.000	50.000	486.475	930.307	304.931	240.194	339.357	6.427	-0.046	-0.000	0.060	51.000	50.000	366.405	930.307	226.745	174.080	186.895	8.425	0.612	0.000	-0.385	NaN	NaN	NaN	NaN	NaN	NaN	NaN	NaN	NaN	NaN	NaN	NaN	NaN	NaN	NaN	NaN	NaN	NaN	NaN	NaN	NaN	NaN
51.000	52.000	51.000	355.191	941.025	256.716	215.893	248.812	1.334	-0.046	-0.075	-0.055	52.000	51.000	430.814	941.025	335.823	237.000	293.857	3.950	0.003	0.181	0.139	52.000	51.000	462.220	941.025	232.750	177.625	198.538	14.480	-0.149	-0.055	0.000	52.000	51.000	313.500	941.025	219.930	180.080	192.263	13.479	0.203	0.269	0.000	52.000	51.000	446.935	941.025	301.159	236.100	329.100	6.094	-0.333	-0.000	0.229	52.000	51.000	407.488	941.025	231.474	168.571	190.667	8.582	0.157	0.000	-0.139	NaN	NaN	NaN	NaN	NaN	NaN	NaN	NaN	NaN	NaN	NaN	NaN	NaN	NaN	NaN	NaN	NaN	NaN	NaN	NaN	NaN	NaN
52.000	53.000	52.000	365.938	941.256	263.641	222.069	267.067	1.269	-0.065	-0.053	0.000	53.000	52.000	412.519	941.256	333.607	242.633	289.471	3.598	-0.352	0.184	0.331	53.000	52.000	431.077	941.256	233.154	174.478	200.400	14.159	-0.322	-0.125	0.145	53.000	52.000	328.366	941.256	221.832	185.846	199.944	13.667	0.187	0.130	0.005	53.000	52.000	440.393	941.256	304.017	246.923	333.571	5.792	-0.303	-0.167	0.083	53.000	52.000	380.182	941.256	231.447	181.000	197.684	8.471	-0.111	0.000	0.139	NaN	NaN	NaN	NaN	NaN	NaN	NaN	NaN	NaN	NaN	NaN	NaN	NaN	NaN	NaN	NaN	NaN	NaN	NaN	NaN	NaN	NaN
53.000	54.000	53.000	348.200	939.495	262.828	241.630	301.583	1.085	-0.184	-0.091	0.052	54.000	53.000	371.630	939.495	327.217	224.333	256.118	3.563	-0.035	0.123	0.136	54.000	53.000	449.600	939.495	232.456	173.115	183.875	14.289	0.130	-0.090	-0.090	54.000	53.000	344.026	939.495	219.935	179.160	205.300	13.804	0.138	0.135	-0.005	54.000	53.000	455.357	939.495	306.618	217.893	293.200	5.926	0.135	0.170	0.010	54.000	53.000	392.190	939.495	228.968	172.630	198.308	8.471	0.000	0.000	-0.064	NaN	NaN	NaN	NaN	NaN	NaN	NaN	NaN	NaN	NaN	NaN	NaN	NaN	NaN	NaN	NaN	NaN	NaN	NaN	NaN	NaN	NaN
54.000	55.000	54.000	343.682	943.911	252.231	224.862	268.857	1.112	0.027	0.000	-0.054	55.000	54.000	405.852	943.911	334.744	207.000	229.294	3.888	0.325	0.194	-0.129	55.000	54.000	430.895	943.911	231.704	178.417	191.429	14.040	-0.249	-0.109	0.090	55.000	54.000	332.229	943.911	219.954	186.080	211.615	13.739	-0.065	0.000	0.065	55.000	54.000	422.600	943.911	308.483	230.517	303.417	6.002	0.076	-0.000	0.006	55.000	54.000	338.519	943.911	222.797	167.962	180.737	7.748	-0.723	0.000	0.460	NaN	NaN	NaN	NaN	NaN	NaN	NaN	NaN	NaN	NaN	NaN	NaN	NaN	NaN	NaN	NaN	NaN	NaN	NaN	NaN	NaN	NaN
55.000	56.000	55.000	357.596	943.282	261.678	215.724	256.077	1.315	0.203	0.000	-0.145	56.000	55.000	396.667	943.282	336.563	201.571	227.438	4.129	0.241	0.259	0.000	56.000	55.000	442.366	943.282	232.436	183.958	211.769	13.967	-0.073	-0.055	0.035	56.000	55.000	333.818	943.282	217.292	187.583	201.222	13.739	0.000	0.065	0.000	56.000	55.000	455.140	943.282	323.029	228.467	275.167	6.366	0.363	0.040	-0.206	56.000	55.000	404.324	943.282	231.264	173.296	203.900	8.460	0.712	0.000	-0.482	NaN	NaN	NaN	NaN	NaN	NaN	NaN	NaN	NaN	NaN	NaN	NaN	NaN	NaN	NaN	NaN	NaN	NaN	NaN	NaN	NaN	NaN
56.000	57.000	56.000	362.638	941.894	254.526	209.867	246.500	1.445	0.130	0.000	-0.056	57.000	56.000	387.821	941.894	331.970	194.222	216.875	4.454	0.325	0.259	-0.065	57.000	56.000	413.326	941.894	238.230	174.880	197.714	13.786	-0.181	-0.199	0.090	57.000	56.000	335.114	941.894	221.778	183.760	207.800	13.912	0.173	0.000	0.000	57.000	56.000	458.441	941.894	328.984	222.433	285.692	6.209	-0.157	-0.000	0.021	57.000	56.000	431.912	941.894	245.099	173.926	193.562	8.525	0.065	0.000	-0.064	NaN	NaN	NaN	NaN	NaN	NaN	NaN	NaN	NaN	NaN	NaN	NaN	NaN	NaN	NaN	NaN	NaN	NaN	NaN	NaN	NaN	NaN
57.000	58.000	57.000	345.375	935.322	249.527	201.360	248.889	1.602	0.157	0.088	-0.115	58.000	57.000	394.852	935.322	321.658	207.967	225.524	4.121	-0.333	0.130	0.458	58.000	57.000	426.622	935.322	239.579	174.143	197.812	13.603	-0.184	-0.090	0.180	58.000	57.000	352.951	935.322	221.327	174.880	192.176	13.988	0.076	0.000	-0.065	58.000	57.000	483.021	935.322	326.867	230.963	302.200	6.488	0.279	-0.082	-0.186	58.000	57.000	429.270	935.322	238.733	177.500	207.000	8.590	0.065	0.000	-0.064	NaN	NaN	NaN	NaN	NaN	NaN	NaN	NaN	NaN	NaN	NaN	NaN	NaN	NaN	NaN	NaN	NaN	NaN	NaN	NaN	NaN	NaN
58.000	59.000	58.000	326.265	927.672	242.461	212.897	238.667	1.296	-0.306	0.088	0.233	59.000	58.000	434.074	927.672	284.213	210.032	236.000	3.582	-0.539	0.257	0.782	59.000	58.000	420.000	927.672	238.055	176.208	198.000	13.511	-0.092	-0.055	-0.055	59.000	58.000	332.774	927.672	221.978	182.208	198.429	13.739	-0.249	-0.009	0.065	59.000	58.000	416.536	927.672	315.944	230.929	297.909	5.708	-0.780	-0.082	0.431	59.000	58.000	420.568	927.672	230.257	179.828	198.353	8.517	-0.073	-0.064	0.000	NaN	NaN	NaN	NaN	NaN	NaN	NaN	NaN	NaN	NaN	NaN	NaN	NaN	NaN	NaN	NaN	NaN	NaN	NaN	NaN	NaN	NaN
59.000	60.000	59.000	334.634	919.756	241.607	196.929	223.118	1.805	0.509	0.176	-0.232	60.000	59.000	418.926	919.756	286.786	222.655	267.250	3.861	0.279	0.194	-0.065	60.000	59.000	412.636	919.756	243.251	176.125	180.480	13.170	-0.341	-0.344	0.035	60.000	59.000	359.732	919.756	223.907	180.542	192.900	13.961	0.222	-0.065	-0.140	60.000	59.000	445.550	919.756	311.050	218.767	290.300	6.125	0.417	-0.039	-0.289	60.000	59.000	398.870	919.756	230.767	178.536	195.062	8.712	0.195	0.000	-0.064	NaN	NaN	NaN	NaN	NaN	NaN	NaN	NaN	NaN	NaN	NaN	NaN	NaN	NaN	NaN	NaN	NaN	NaN	NaN	NaN	NaN	NaN
60.000	61.000	60.000	323.457	923.228	246.769	214.708	237.312	2.092	0.287	0.088	-0.088	61.000	60.000	443.333	923.228	295.059	219.276	253.286	4.676	0.815	0.260	-0.457	61.000	60.000	415.429	923.228	253.990	183.600	205.385	12.615	-0.555	-0.289	0.144	61.000	60.000	349.119	923.228	225.863	183.000	199.350	14.026	0.065	0.000	-0.065	61.000	60.000	438.484	923.228	309.777	230.038	276.583	6.033	-0.092	0.144	0.144	61.000	60.000	376.294	923.228	224.384	174.517	200.364	8.387	-0.325	0.000	0.203	NaN	NaN	NaN	NaN	NaN	NaN	NaN	NaN	NaN	NaN	NaN	NaN	NaN	NaN	NaN	NaN	NaN	NaN	NaN	NaN	NaN	NaN
61.000	62.000	61.000	330.447	882.215	253.652	209.696	226.895	2.360	0.268	0.117	-0.145	62.000	61.000	449.964	882.215	286.395	206.440	235.308	4.668	-0.008	0.130	0.065	62.000	61.000	364.621	882.215	217.569	176.640	196.062	10.916	-1.699	0.000	1.288	62.000	61.000	341.864	882.215	224.581	173.154	194.909	13.950	-0.076	-0.124	0.000	62.000	61.000	460.300	882.215	317.274	223.690	285.917	6.366	0.333	0.061	-0.184	62.000	61.000	367.378	882.215	222.435	169.103	196.667	8.295	-0.092	0.000	0.075	NaN	NaN	NaN	NaN	NaN	NaN	NaN	NaN	NaN	NaN	NaN	NaN	NaN	NaN	NaN	NaN	NaN	NaN	NaN	NaN	NaN	NaN
62.000	63.000	62.000	336.978	904.046	255.656	222.500	240.095	2.609	0.249	0.088	-0.088	63.000	62.000	461.222	904.046	303.865	204.552	243.167	5.464	0.796	0.268	-0.458	63.000	62.000	368.367	904.046	221.315	175.593	201.692	11.088	0.173	-0.034	-0.190	63.000	62.000	313.905	904.046	222.074	190.250	207.562	13.912	-0.038	-0.065	0.000	63.000	62.000	450.925	904.046	314.775	215.786	253.750	6.339	-0.027	-0.000	0.021	63.000	62.000	343.750	904.046	215.413	160.731	184.111	8.027	-0.268	0.064	0.192	NaN	NaN	NaN	NaN	NaN	NaN	NaN	NaN	NaN	NaN	NaN	NaN	NaN	NaN	NaN	NaN	NaN	NaN	NaN	NaN	NaN	NaN
63.000	64.000	63.000	334.435	905.924	256.466	215.840	234.150	2.785	0.176	0.118	-0.059	64.000	63.000	445.667	905.924	300.795	208.250	261.800	5.873	0.409	0.065	-0.329	64.000	63.000	388.179	905.924	218.869	175.680	195.125	11.494	0.406	0.035	-0.303	64.000	63.000	291.810	905.924	220.673	172.480	192.769	13.920	0.008	0.071	0.059	64.000	63.000	451.100	905.924	318.598	211.214	266.091	6.377	0.038	0.042	-0.000	64.000	63.000	343.179	905.924	226.532	175.111	192.688	8.054	0.027	0.000	-0.064	NaN	NaN	NaN	NaN	NaN	NaN	NaN	NaN	NaN	NaN	NaN	NaN	NaN	NaN	NaN	NaN	NaN	NaN	NaN	NaN	NaN	NaN
64.000	65.000	64.000	306.267	904.004	253.433	207.478	222.048	2.831	0.046	0.087	0.058	65.000	64.000	445.893	904.004	286.550	202.808	239.308	6.003	0.130	0.130	0.000	65.000	64.000	387.030	904.004	219.526	181.083	206.429	11.429	-0.065	0.000	0.020	65.000	64.000	301.265	904.004	219.644	178.480	202.727	13.652	-0.268	0.065	0.259	65.000	64.000	447.250	904.004	321.557	237.800	308.214	6.285	-0.092	-0.143	-0.062	65.000	64.000	304.926	904.004	221.097	173.654	189.706	7.924	-0.130	0.000	0.128	NaN	NaN	NaN	NaN	NaN	NaN	NaN	NaN	NaN	NaN	NaN	NaN	NaN	NaN	NaN	NaN	NaN	NaN	NaN	NaN	NaN	NaN
65.000	66.000	65.000	305.467	905.583	253.141	201.462	234.800	3.014	0.184	0.058	-0.145	66.000	65.000	449.429	905.583	288.793	209.536	239.333	6.577	0.574	0.135	-0.265	66.000	65.000	392.061	905.583	220.012	184.333	210.867	11.521	0.092	-0.090	-0.180	66.000	65.000	336.556	905.583	220.026	178.960	201.154	13.508	-0.144	0.000	0.200	66.000	65.000	470.875	905.583	330.120	266.222	332.500	5.887	-0.398	-0.349	0.042	66.000	65.000	321.462	905.583	221.090	181.964	207.000	8.452	0.528	-0.064	-0.331	NaN	NaN	NaN	NaN	NaN	NaN	NaN	NaN	NaN	NaN	NaN	NaN	NaN	NaN	NaN	NaN	NaN	NaN	NaN	NaN	NaN	NaN
66.000	67.000	66.000	356.087	910.005	258.068	200.520	215.042	3.355	0.341	0.000	-0.378	67.000	66.000	455.111	910.005	282.960	193.680	230.300	6.125	-0.452	-0.004	0.199	67.000	66.000	415.143	910.005	225.448	179.167	199.235	11.326	-0.195	-0.539	-0.344	67.000	66.000	325.714	910.005	214.098	183.320	204.846	12.378	-1.130	-0.724	0.019	67.000	66.000	399.583	910.005	328.454	262.433	329.250	5.018	-0.869	-0.063	0.731	67.000	66.000	332.565	910.005	224.190	174.269	193.357	8.720	0.268	0.064	-0.139	NaN	NaN	NaN	NaN	NaN	NaN	NaN	NaN	NaN	NaN	NaN	NaN	NaN	NaN	NaN	NaN	NaN	NaN	NaN	NaN	NaN	NaN
67.000	68.000	67.000	391.739	916.848	262.875	201.962	231.385	3.696	0.341	0.000	-0.321	68.000	67.000	397.852	916.848	274.055	175.120	187.105	6.255	0.130	0.195	0.065	68.000	67.000	410.828	916.848	222.380	183.130	205.500	11.564	0.238	-0.090	-0.362	68.000	67.000	361.722	916.848	221.668	173.423	194.308	12.653	0.276	-0.259	-0.343	68.000	67.000	432.778	916.848	324.996	254.281	331.412	4.880	-0.138	-0.063	-0.046	68.000	67.000	330.860	916.848	221.632	172.308	181.542	8.720	0.000	0.000	-0.064	NaN	NaN	NaN	NaN	NaN	NaN	NaN	NaN	NaN	NaN	NaN	NaN	NaN	NaN	NaN	NaN	NaN	NaN	NaN	NaN	NaN	NaN
68.000	69.000	68.000	414.089	921.088	264.346	200.217	222.733	3.715	0.019	-0.088	-0.088	69.000	68.000	420.667	921.088	276.369	188.593	216.308	6.615	0.360	0.200	-0.135	69.000	68.000	416.296	921.088	224.073	175.600	197.000	11.729	0.165	0.000	-0.181	69.000	68.000	364.429	921.088	220.547	178.556	196.938	12.439	-0.214	-0.069	0.060	69.000	68.000	481.889	921.088	331.403	232.192	317.000	5.002	0.122	-0.015	-0.126	69.000	68.000	341.318	921.088	222.101	179.607	199.722	8.720	0.000	-0.064	-0.012	NaN	NaN	NaN	NaN	NaN	NaN	NaN	NaN	NaN	NaN	NaN	NaN	NaN	NaN	NaN	NaN	NaN	NaN	NaN	NaN	NaN	NaN
69.000	70.000	69.000	417.957	926.427	259.467	207.552	224.083	3.807	0.092	-0.027	-0.115	70.000	69.000	396.593	926.427	269.930	166.000	180.867	6.745	0.130	0.130	0.000	70.000	69.000	435.667	926.427	224.836	171.115	192.000	11.901	0.173	-0.053	-0.234	70.000	69.000	354.472	926.427	220.980	180.154	198.462	12.837	0.398	0.070	-0.194	70.000	69.000	472.306	926.427	326.573	221.655	313.600	5.408	0.406	0.016	-0.331	70.000	69.000	332.475	926.427	217.626	171.333	190.750	8.544	-0.176	0.000	0.139	NaN	NaN	NaN	NaN	NaN	NaN	NaN	NaN	NaN	NaN	NaN	NaN	NaN	NaN	NaN	NaN	NaN	NaN	NaN	NaN	NaN	NaN
70.000	71.000	70.000	470.205	922.641	279.187	206.040	226.211	4.037	0.230	0.000	-0.291	71.000	70.000	395.667	922.641	267.953	181.577	204.818	6.940	0.195	0.190	0.000	71.000	70.000	410.871	922.641	220.718	175.346	190.524	12.058	0.157	0.054	-0.054	71.000	70.000	398.710	922.641	223.389	181.760	212.333	13.094	0.257	0.000	-0.205	71.000	70.000	476.138	922.641	331.933	233.897	291.692	5.148	-0.260	-0.000	0.189	71.000	70.000	348.844	922.641	220.884	171.643	187.450	8.506	-0.038	0.000	-0.076	NaN	NaN	NaN	NaN	NaN	NaN	NaN	NaN	NaN	NaN	NaN	NaN	NaN	NaN	NaN	NaN	NaN	NaN	NaN	NaN	NaN	NaN
71.000	72.000	71.000	478.190	924.882	287.689	209.958	234.938	4.213	0.176	0.000	-0.088	72.000	71.000	393.852	924.882	263.842	173.885	201.667	7.227	0.287	0.264	0.000	72.000	71.000	423.688	924.882	223.484	168.704	189.375	12.150	0.092	0.000	-0.090	72.000	71.000	405.162	924.882	221.410	185.520	207.182	13.430	0.336	0.194	-0.135	72.000	71.000	469.259	924.882	337.743	230.867	301.615	5.018	-0.130	-0.000	0.125	72.000	71.000	330.107	924.882	223.187	180.708	209.300	8.341	-0.165	-0.011	0.064	NaN	NaN	NaN	NaN	NaN	NaN	NaN	NaN	NaN	NaN	NaN	NaN	NaN	NaN	NaN	NaN	NaN	NaN	NaN	NaN	NaN	NaN
72.000	73.000	72.000	518.465	924.999	302.817	222.696	253.688	4.332	0.119	-0.056	-0.177	73.000	72.000	419.949	924.999	273.349	192.393	216.312	8.088	0.861	0.265	-0.394	73.000	72.000	409.719	924.999	231.607	180.304	216.000	11.698	-0.452	-0.394	0.000	73.000	72.000	446.100	924.999	227.963	180.760	200.917	13.598	0.168	0.065	-0.065	73.000	72.000	393.519	924.999	329.281	231.067	279.056	4.731	-0.287	-0.000	0.268	73.000	72.000	354.404	924.999	219.136	172.692	193.333	8.896	0.555	0.076	-0.268	NaN	NaN	NaN	NaN	NaN	NaN	NaN	NaN	NaN	NaN	NaN	NaN	NaN	NaN	NaN	NaN	NaN	NaN	NaN	NaN	NaN	NaN
73.000	74.000	73.000	550.651	923.485	289.072	208.960	238.357	4.083	-0.249	0.057	0.290	74.000	73.000	409.933	923.485	267.914	181.000	216.000	8.015	-0.073	0.324	0.264	74.000	73.000	385.029	923.485	232.468	173.923	194.133	11.679	-0.019	-0.037	0.000	74.000	73.000	471.209	923.485	231.062	187.462	222.125	13.801	0.203	0.065	-0.130	74.000	73.000	439.259	923.485	322.693	226.192	279.118	5.056	0.325	-0.000	-0.268	74.000	73.000	357.000	923.485	221.137	167.556	198.300	8.896	0.000	0.000	-0.013	NaN	NaN	NaN	NaN	NaN	NaN	NaN	NaN	NaN	NaN	NaN	NaN	NaN	NaN	NaN	NaN	NaN	NaN	NaN	NaN	NaN	NaN
74.000	75.000	74.000	535.455	927.945	283.565	206.125	227.778	4.240	0.157	0.000	-0.089	75.000	74.000	402.800	927.945	256.538	182.821	203.643	8.172	0.157	0.206	0.065	75.000	74.000	412.886	927.945	232.922	179.692	200.059	11.698	0.019	0.000	0.000	75.000	74.000	343.364	927.945	225.777	184.269	200.842	13.097	-0.704	0.005	0.599	75.000	74.000	415.741	927.945	310.723	214.100	256.176	4.888	-0.168	-0.000	0.125	75.000	74.000	346.390	927.945	220.516	171.222	188.312	8.766	-0.130	0.000	0.076	NaN	NaN	NaN	NaN	NaN	NaN	NaN	NaN	NaN	NaN	NaN	NaN	NaN	NaN	NaN	NaN	NaN	NaN	NaN	NaN	NaN	NaN
75.000	76.000	75.000	506.667	938.040	292.724	202.792	230.889	4.370	0.130	-0.031	-0.202	76.000	75.000	439.379	938.040	263.839	187.519	208.600	8.405	0.233	0.129	-0.129	76.000	75.000	432.406	938.040	235.223	171.615	192.133	11.679	-0.019	0.000	-0.053	76.000	75.000	365.607	938.040	224.250	187.885	211.700	13.357	0.260	0.125	-0.199	76.000	75.000	434.481	938.040	320.760	222.552	271.533	4.888	0.000	-0.000	-0.000	76.000	75.000	354.886	938.040	227.748	172.929	189.526	8.850	0.084	0.000	0.000	NaN	NaN	NaN	NaN	NaN	NaN	NaN	NaN	NaN	NaN	NaN	NaN	NaN	NaN	NaN	NaN	NaN	NaN	NaN	NaN	NaN	NaN
76.000	77.000	76.000	513.750	941.116	290.353	199.400	227.714	4.343	-0.027	0.057	0.145	77.000	76.000	397.607	941.116	258.037	183.385	216.444	8.256	-0.149	0.065	0.200	77.000	76.000	424.857	941.116	241.134	170.654	201.417	11.744	0.065	0.000	0.000	77.000	76.000	348.214	941.116	224.052	181.040	203.444	13.487	0.130	0.065	-0.065	77.000	76.000	437.556	941.116	316.456	199.667	254.562	5.037	0.149	-0.063	-0.188	77.000	76.000	364.048	941.116	227.757	175.571	194.769	8.720	-0.130	-0.064	0.000	NaN	NaN	NaN	NaN	NaN	NaN	NaN	NaN	NaN	NaN	NaN	NaN	NaN	NaN	NaN	NaN	NaN	NaN	NaN	NaN	NaN	NaN
77.000	78.000	77.000	527.311	940.641	300.884	184.240	200.105	4.668	0.325	0.031	-0.322	78.000	77.000	422.939	940.641	255.071	177.897	198.133	8.329	0.073	-0.123	-0.129	78.000	77.000	422.000	940.641	239.185	177.259	194.895	11.809	0.065	0.054	-0.054	78.000	77.000	376.963	940.641	229.006	203.500	228.933	13.452	-0.035	-0.199	-0.259	78.000	77.000	396.407	940.641	313.934	201.387	228.842	4.934	-0.103	0.063	0.125	78.000	77.000	365.804	940.641	229.712	176.385	204.538	8.877	0.157	0.064	0.000	NaN	NaN	NaN	NaN	NaN	NaN	NaN	NaN	NaN	NaN	NaN	NaN	NaN	NaN	NaN	NaN	NaN	NaN	NaN	NaN	NaN	NaN
78.000	79.000	78.000	542.571	952.161	299.554	177.080	190.824	4.993	0.325	0.239	-0.060	79.000	78.000	351.296	952.161	245.429	180.321	194.600	7.617	-0.712	-0.005	0.593	79.000	78.000	486.846	952.161	247.268	178.958	209.417	12.031	0.222	0.037	-0.144	79.000	78.000	448.893	952.161	232.175	184.034	210.467	13.755	0.303	-0.065	-0.269	79.000	78.000	440.704	952.161	301.463	197.935	234.312	5.083	0.149	-0.000	-0.126	79.000	78.000	351.097	952.161	221.601	175.923	202.929	8.460	-0.417	0.000	0.204	NaN	NaN	NaN	NaN	NaN	NaN	NaN	NaN	NaN	NaN	NaN	NaN	NaN	NaN	NaN	NaN	NaN	NaN	NaN	NaN	NaN	NaN
79.000	80.000	79.000	538.357	915.989	296.312	180.964	196.765	5.012	0.019	0.120	0.085	80.000	79.000	398.852	915.989	253.981	176.600	208.333	7.720	0.103	0.000	-0.130	80.000	79.000	496.400	915.989	252.385	188.040	218.778	12.058	0.027	0.000	0.016	80.000	79.000	417.519	915.989	235.325	184.519	206.714	13.525	-0.230	-0.130	0.005	80.000	79.000	424.036	915.989	300.402	202.643	253.769	5.083	0.000	-0.000	-0.000	80.000	79.000	367.839	915.989	225.865	168.792	189.857	8.452	-0.008	-0.011	0.000	NaN	NaN	NaN	NaN	NaN	NaN	NaN	NaN	NaN	NaN	NaN	NaN	NaN	NaN	NaN	NaN	NaN	NaN	NaN	NaN	NaN	NaN
80.000	81.000	80.000	548.341	939.461	321.260	202.000	245.273	5.188	0.176	0.061	-0.078	81.000	80.000	385.714	939.461	250.251	187.840	216.000	7.506	-0.214	-0.130	0.134	81.000	80.000	513.383	939.461	255.294	201.000	233.579	12.318	0.260	-0.091	-0.181	81.000	80.000	416.148	939.461	236.039	183.440	197.700	13.479	-0.046	-0.324	-0.259	81.000	80.000	463.143	939.461	297.685	194.517	248.273	5.056	-0.027	-0.000	0.016	81.000	80.000	372.851	939.461	227.943	171.357	194.786	8.896	0.444	0.012	-0.204	NaN	NaN	NaN	NaN	NaN	NaN	NaN	NaN	NaN	NaN	NaN	NaN	NaN	NaN	NaN	NaN	NaN	NaN	NaN	NaN	NaN	NaN
81.000	82.000	81.000	532.551	927.439	309.054	193.207	213.941	5.096	-0.092	-0.062	0.103	82.000	81.000	384.633	927.439	251.847	186.259	210.067	7.449	-0.057	-0.130	-0.065	82.000	81.000	519.405	927.439	252.229	204.480	243.000	12.169	-0.149	-0.197	-0.234	82.000	81.000	324.257	927.439	219.927	190.759	209.556	12.523	-0.956	-0.065	0.977	82.000	81.000	446.519	927.439	304.217	205.226	233.526	4.991	-0.065	-0.000	0.063	82.000	81.000	376.241	927.439	223.621	180.875	200.214	8.322	-0.574	-0.076	0.267	NaN	NaN	NaN	NaN	NaN	NaN	NaN	NaN	NaN	NaN	NaN	NaN	NaN	NaN	NaN	NaN	NaN	NaN	NaN	NaN	NaN	NaN
82.000	83.000	82.000	535.255	922.389	311.388	192.926	218.500	5.012	-0.084	-0.061	0.061	83.000	82.000	364.815	922.389	251.191	184.143	205.706	7.208	-0.241	-0.194	0.060	83.000	82.000	556.234	922.389	259.307	200.148	225.053	12.261	0.092	-0.272	-0.219	83.000	82.000	298.800	922.389	214.009	168.708	178.100	12.581	0.057	0.000	-0.005	83.000	82.000	436.679	922.389	310.854	215.214	282.222	4.880	-0.111	-0.016	0.063	83.000	82.000	349.806	922.389	228.430	176.655	195.200	8.479	0.157	0.076	-0.064	NaN	NaN	NaN	NaN	NaN	NaN	NaN	NaN	NaN	NaN	NaN	NaN	NaN	NaN	NaN	NaN	NaN	NaN	NaN	NaN	NaN	NaN
83.000	84.000	83.000	535.604	918.312	329.649	193.519	227.444	5.196	0.184	0.084	-0.084	84.000	83.000	366.667	918.312	257.489	198.923	208.250	6.875	-0.333	-0.130	0.130	84.000	83.000	564.844	918.312	255.362	190.200	218.200	12.269	0.008	-0.015	-0.159	84.000	83.000	296.439	918.312	216.094	174.800	197.091	12.416	-0.165	-0.069	0.005	84.000	83.000	467.059	918.312	309.621	207.774	254.600	5.129	0.249	0.017	-0.142	84.000	83.000	371.857	918.312	225.908	170.280	201.500	8.219	-0.260	-0.128	0.064	NaN	NaN	NaN	NaN	NaN	NaN	NaN	NaN	NaN	NaN	NaN	NaN	NaN	NaN	NaN	NaN	NaN	NaN	NaN	NaN	NaN	NaN
84.000	85.000	84.000	524.696	911.890	285.956	202.250	231.286	4.782	-0.414	0.185	0.432	85.000	84.000	365.185	911.890	240.775	184.000	204.231	6.726	-0.149	-0.130	0.065	85.000	84.000	504.524	911.890	255.854	192.280	218.077	12.158	-0.111	0.000	0.105	85.000	84.000	332.727	911.890	226.770	181.889	198.250	12.439	0.024	-0.134	0.000	85.000	84.000	463.000	911.890	299.596	203.857	235.000	5.018	-0.111	-0.000	0.044	85.000	84.000	332.107	911.890	222.433	169.296	195.833	8.154	-0.065	0.000	0.064	NaN	NaN	NaN	NaN	NaN	NaN	NaN	NaN	NaN	NaN	NaN	NaN	NaN	NaN	NaN	NaN	NaN	NaN	NaN	NaN	NaN	NaN
85.000	86.000	85.000	510.327	885.922	315.641	203.417	225.500	5.475	0.693	0.144	-0.350	86.000	85.000	376.296	885.922	252.969	198.385	220.133	6.523	-0.203	-0.070	0.065	86.000	85.000	538.533	885.922	256.918	188.640	210.188	12.196	0.038	0.000	0.038	86.000	85.000	345.286	885.922	226.315	181.960	196.688	12.355	-0.084	-0.060	-0.005	86.000	85.000	473.000	885.922	298.314	212.200	264.733	4.972	-0.046	-0.063	0.017	86.000	85.000	346.286	885.922	223.698	167.577	190.538	8.154	0.000	0.000	0.000	NaN	NaN	NaN	NaN	NaN	NaN	NaN	NaN	NaN	NaN	NaN	NaN	NaN	NaN	NaN	NaN	NaN	NaN	NaN	NaN	NaN	NaN
86.000	87.000	86.000	512.977	912.752	291.664	216.160	252.364	5.069	-0.406	0.061	0.267	87.000	86.000	382.071	912.752	256.224	195.640	225.909	6.393	-0.130	-0.065	0.065	87.000	86.000	522.795	912.752	257.450	193.308	224.400	12.177	-0.019	0.053	0.000	87.000	86.000	331.191	912.752	234.002	198.862	227.000	12.409	0.054	-0.134	-0.060	87.000	86.000	456.519	912.752	296.183	211.167	259.267	4.880	-0.092	-0.000	0.080	87.000	86.000	348.250	912.752	222.787	171.259	203.200	8.154	0.000	0.000	0.000	NaN	NaN	NaN	NaN	NaN	NaN	NaN	NaN	NaN	NaN	NaN	NaN	NaN	NaN	NaN	NaN	NaN	NaN	NaN	NaN	NaN	NaN
87.000	88.000	87.000	484.488	905.831	282.480	207.080	223.263	5.291	0.222	0.205	-0.022	88.000	87.000	388.000	905.831	256.441	201.192	222.800	6.171	-0.222	-0.065	0.134	88.000	87.000	504.326	905.831	261.894	202.296	228.684	12.242	0.065	-0.037	0.000	88.000	87.000	332.319	905.831	231.748	188.069	205.864	12.225	-0.184	-0.130	0.000	88.000	87.000	491.893	905.831	293.610	199.655	238.812	4.991	0.111	-0.000	-0.143	88.000	87.000	341.621	905.831	226.070	169.037	196.154	8.219	0.065	0.000	0.000	NaN	NaN	NaN	NaN	NaN	NaN	NaN	NaN	NaN	NaN	NaN	NaN	NaN	NaN	NaN	NaN	NaN	NaN	NaN	NaN	NaN	NaN
88.000	89.000	88.000	495.639	906.764	292.071	223.455	252.286	5.429	0.138	0.205	0.037	89.000	88.000	403.148	906.764	259.869	195.867	221.188	6.087	-0.084	-0.065	0.065	89.000	88.000	517.000	906.764	258.255	220.621	271.250	12.261	0.019	0.037	-0.016	89.000	88.000	346.043	906.764	228.471	188.207	203.800	12.168	-0.057	-0.065	0.000	89.000	88.000	501.533	906.764	299.710	211.700	265.000	5.075	0.084	-0.000	-0.047	89.000	88.000	362.964	906.764	225.839	177.679	202.929	8.219	0.000	0.000	-0.064	NaN	NaN	NaN	NaN	NaN	NaN	NaN	NaN	NaN	NaN	NaN	NaN	NaN	NaN	NaN	NaN	NaN	NaN	NaN	NaN	NaN	NaN
89.000	NaN	NaN	NaN	NaN	NaN	NaN	NaN	NaN	NaN	NaN	NaN	90.000	89.000	241.931	850.442	226.097	190.321	205.316	3.005	-3.082	-0.074	2.885	90.000	89.000	480.308	850.442	258.837	203.429	247.417	12.177	-0.084	-0.053	-0.038	90.000	89.000	330.947	850.442	226.280	208.966	234.875	11.782	-0.387	0.000	0.199	90.000	89.000	477.464	850.442	305.462	213.414	264.286	4.945	-0.130	-0.000	0.126	90.000	89.000	364.065	850.442	228.601	176.679	200.062	8.330	0.111	0.000	-0.064	NaN	NaN	NaN	NaN	NaN	NaN	NaN	NaN	NaN	NaN	NaN	NaN	NaN	NaN	NaN	NaN	NaN	NaN	NaN	NaN	NaN	NaN
90.000	NaN	NaN	NaN	NaN	NaN	NaN	NaN	NaN	NaN	NaN	NaN	91.000	90.000	266.222	845.665	232.252	192.357	225.833	2.875	-0.130	-0.128	0.052	91.000	90.000	508.538	845.665	261.150	199.929	253.500	12.296	0.119	0.000	-0.144	91.000	90.000	335.976	845.665	229.854	214.143	250.786	11.858	0.076	-0.003	-0.062	91.000	90.000	506.393	845.665	301.959	212.103	278.111	4.945	0.000	-0.000	-0.017	91.000	90.000	346.469	845.665	221.555	172.000	192.500	8.330	0.000	0.000	0.000	NaN	NaN	NaN	NaN	NaN	NaN	NaN	NaN	NaN	NaN	NaN	NaN	NaN	NaN	NaN	NaN	NaN	NaN	NaN	NaN	NaN	NaN
91.000	NaN	NaN	NaN	NaN	NaN	NaN	NaN	NaN	NaN	NaN	NaN	92.000	91.000	270.222	818.268	233.013	203.857	240.545	2.596	-0.279	-0.204	0.051	92.000	91.000	503.357	818.268	268.015	199.444	231.600	12.453	0.157	0.053	-0.038	92.000	91.000	332.703	818.268	226.250	236.966	277.812	11.709	-0.149	0.000	0.130	92.000	91.000	448.556	818.268	285.058	194.690	231.062	4.796	-0.149	-0.000	0.142	92.000	91.000	322.512	818.268	223.682	179.037	202.286	8.590	0.260	0.000	-0.128	NaN	NaN	NaN	NaN	NaN	NaN	NaN	NaN	NaN	NaN	NaN	NaN	NaN	NaN	NaN	NaN	NaN	NaN	NaN	NaN	NaN	NaN
92.000	NaN	NaN	NaN	NaN	NaN	NaN	NaN	NaN	NaN	NaN	NaN	93.000	92.000	292.556	839.284	241.088	201.429	230.286	2.458	-0.138	-0.140	0.000	93.000	92.000	538.595	839.284	270.085	189.857	216.462	12.315	-0.138	-0.234	-0.091	93.000	92.000	348.023	839.284	228.429	233.900	294.500	11.984	0.276	0.000	-0.134	93.000	92.000	444.889	839.284	301.649	213.100	259.588	4.750	-0.046	-0.000	0.063	93.000	92.000	342.386	839.284	230.288	181.000	205.643	8.720	0.130	0.000	-0.076	NaN	NaN	NaN	NaN	NaN	NaN	NaN	NaN	NaN	NaN	NaN	NaN	NaN	NaN	NaN	NaN	NaN	NaN	NaN	NaN	NaN	NaN
93.000	NaN	NaN	NaN	NaN	NaN	NaN	NaN	NaN	NaN	NaN	NaN	94.000	93.000	309.185	819.525	240.191	193.724	217.062	2.523	0.065	-0.140	-0.203	94.000	93.000	486.558	819.525	270.789	198.607	235.786	12.315	0.000	0.038	0.091	94.000	93.000	330.865	819.525	231.045	224.536	250.833	11.808	-0.176	0.069	0.130	94.000	93.000	489.481	819.525	299.121	210.400	257.154	4.834	0.084	0.063	-0.047	94.000	93.000	355.769	819.525	226.984	169.346	197.556	8.544	-0.176	-0.076	-0.012	NaN	NaN	NaN	NaN	NaN	NaN	NaN	NaN	NaN	NaN	NaN	NaN	NaN	NaN	NaN	NaN	NaN	NaN	NaN	NaN	NaN	NaN
94.000	NaN	NaN	NaN	NaN	NaN	NaN	NaN	NaN	NaN	NaN	NaN	95.000	94.000	321.138	818.640	255.278	197.115	216.294	2.439	-0.084	-0.203	-0.128	95.000	94.000	523.805	818.640	272.111	200.600	233.176	12.315	0.000	0.000	-0.091	95.000	94.000	359.340	818.640	230.924	212.333	247.615	12.279	0.471	0.065	-0.199	95.000	94.000	465.630	818.640	291.520	209.786	265.000	4.750	-0.084	-0.000	0.063	95.000	94.000	362.452	818.640	231.924	175.120	198.400	8.406	-0.138	-0.203	-0.052	NaN	NaN	NaN	NaN	NaN	NaN	NaN	NaN	NaN	NaN	NaN	NaN	NaN	NaN	NaN	NaN	NaN	NaN	NaN	NaN	NaN	NaN
95.000	NaN	NaN	NaN	NaN	NaN	NaN	NaN	NaN	NaN	NaN	NaN	96.000	95.000	338.643	813.345	262.000	201.185	219.556	2.244	-0.195	-0.128	0.064	96.000	95.000	483.477	813.345	273.491	217.000	256.050	12.307	-0.008	-0.037	0.037	96.000	95.000	343.261	813.345	231.237	194.037	221.500	12.344	0.065	0.130	0.065	96.000	95.000	455.704	813.345	302.360	219.452	269.200	4.697	-0.054	-0.063	0.015	96.000	95.000	342.484	813.345	231.835	169.444	183.625	7.970	-0.436	-0.128	0.192	NaN	NaN	NaN	NaN	NaN	NaN	NaN	NaN	NaN	NaN	NaN	NaN	NaN	NaN	NaN	NaN	NaN	NaN	NaN	NaN	NaN	NaN
96.000	NaN	NaN	NaN	NaN	NaN	NaN	NaN	NaN	NaN	NaN	NaN	97.000	96.000	333.552	845.059	273.313	200.621	225.067	2.179	-0.065	-0.192	-0.128	97.000	96.000	531.745	845.059	270.992	228.633	272.316	12.510	0.203	0.091	-0.038	97.000	96.000	333.912	845.059	229.632	190.704	207.400	12.260	-0.084	0.134	0.130	97.000	96.000	430.481	845.059	298.129	226.677	277.600	4.632	-0.065	-0.000	0.063	97.000	96.000	350.400	845.059	234.650	168.276	191.467	8.146	0.176	-0.191	-0.204	NaN	NaN	NaN	NaN	NaN	NaN	NaN	NaN	NaN	NaN	NaN	NaN	NaN	NaN	NaN	NaN	NaN	NaN	NaN	NaN	NaN	NaN
97.000	NaN	NaN	NaN	NaN	NaN	NaN	NaN	NaN	NaN	NaN	NaN	98.000	97.000	364.207	843.347	290.945	201.172	227.412	2.041	-0.138	-0.203	-0.064	98.000	97.000	529.532	843.347	273.989	226.194	261.800	12.602	0.092	0.144	0.037	98.000	97.000	334.250	843.347	232.843	203.080	225.438	12.493	0.233	0.135	-0.065	98.000	97.000	490.889	843.347	303.155	209.444	292.333	4.872	0.241	-0.000	-0.205	98.000	97.000	333.178	843.347	233.971	178.500	201.769	7.970	-0.176	-0.140	0.000	NaN	NaN	NaN	NaN	NaN	NaN	NaN	NaN	NaN	NaN	NaN	NaN	NaN	NaN	NaN	NaN	NaN	NaN	NaN	NaN	NaN	NaN
98.000	NaN	NaN	NaN	NaN	NaN	NaN	NaN	NaN	NaN	NaN	NaN	99.000	98.000	349.704	840.601	273.259	197.846	231.333	1.838	-0.203	-0.202	0.000	99.000	98.000	487.587	840.601	267.779	220.407	273.786	12.548	-0.054	0.000	0.128	99.000	98.000	331.029	840.601	233.043	196.760	233.556	12.569	0.076	0.259	0.005	99.000	98.000	471.852	840.601	302.002	207.115	260.750	4.807	-0.065	-0.000	0.063	99.000	98.000	337.417	840.601	237.271	184.310	212.688	7.618	-0.352	-0.192	0.076	NaN	NaN	NaN	NaN	NaN	NaN	NaN	NaN	NaN	NaN	NaN	NaN	NaN	NaN	NaN	NaN	NaN	NaN	NaN	NaN	NaN	NaN
99.000	NaN	NaN	NaN	NaN	NaN	NaN	NaN	NaN	NaN	NaN	NaN	100.000	99.000	360.926	815.010	276.583	185.100	216.364	1.800	-0.038	-0.128	-0.139	100.000	99.000	456.822	815.010	270.401	224.241	277.714	12.510	-0.038	0.037	0.000	100.000	99.000	326.657	815.010	231.888	206.769	230.333	12.753	0.184	0.130	0.000	100.000	99.000	525.103	815.010	310.793	201.400	260.545	4.991	0.184	0.063	-0.142	100.000	99.000	327.786	815.010	235.063	185.560	209.727	7.591	-0.027	-0.140	-0.064	NaN	NaN	NaN	NaN	NaN	NaN	NaN	NaN	NaN	NaN	NaN	NaN	NaN	NaN	NaN	NaN	NaN	NaN	NaN	NaN	NaN	NaN
100.000	NaN	NaN	NaN	NaN	NaN	NaN	NaN	NaN	NaN	NaN	NaN	101.000	100.000	360.972	816.904	284.333	200.400	222.722	2.041	0.241	-0.192	-0.256	101.000	100.000	434.689	816.904	267.701	202.630	237.615	12.556	0.046	0.053	0.000	101.000	100.000	322.667	816.904	233.754	206.310	232.765	12.940	0.187	0.056	-0.074	101.000	100.000	501.036	816.904	312.623	217.276	265.125	4.769	-0.222	-0.079	0.126	101.000	100.000	332.718	816.904	235.009	179.960	213.000	7.526	-0.065	-0.064	-0.064	NaN	NaN	NaN	NaN	NaN	NaN	NaN	NaN	NaN	NaN	NaN	NaN	NaN	NaN	NaN	NaN	NaN	NaN	NaN	NaN	NaN	NaN
101.000	NaN	NaN	NaN	NaN	NaN	NaN	NaN	NaN	NaN	NaN	NaN	102.000	101.000	348.879	815.935	291.279	195.393	214.824	2.171	0.130	-0.138	-0.395	102.000	101.000	476.804	815.935	275.099	197.500	257.500	12.832	0.276	0.166	-0.091	102.000	101.000	326.881	815.935	236.478	198.000	235.600	13.373	0.433	0.259	-0.065	102.000	101.000	469.143	815.935	300.275	204.464	254.533	4.704	-0.065	-0.000	0.063	102.000	101.000	324.861	815.935	226.919	170.360	195.917	7.480	-0.046	0.000	0.011	NaN	NaN	NaN	NaN	NaN	NaN	NaN	NaN	NaN	NaN	NaN	NaN	NaN	NaN	NaN	NaN	NaN	NaN	NaN	NaN	NaN	NaN
102.000	NaN	NaN	NaN	NaN	NaN	NaN	NaN	NaN	NaN	NaN	NaN	103.000	102.000	357.667	816.786	300.753	189.071	214.133	1.949	-0.222	-0.128	0.064	103.000	102.000	457.044	816.786	271.261	211.522	245.071	12.897	0.065	0.000	-0.038	103.000	102.000	331.021	816.786	235.910	205.793	231.267	13.736	0.363	0.259	-0.065	103.000	102.000	426.679	816.786	297.270	190.607	222.706	4.528	-0.176	-0.016	0.126	103.000	102.000	301.083	816.786	225.989	180.680	196.000	7.396	-0.084	-0.064	0.052	NaN	NaN	NaN	NaN	NaN	NaN	NaN	NaN	NaN	NaN	NaN	NaN	NaN	NaN	NaN	NaN	NaN	NaN	NaN	NaN	NaN	NaN
103.000	NaN	NaN	NaN	NaN	NaN	NaN	NaN	NaN	NaN	NaN	NaN	104.000	103.000	358.741	837.879	306.294	203.154	238.222	1.865	-0.084	-0.202	-0.129	104.000	103.000	460.349	837.879	268.779	201.889	237.833	12.951	0.054	0.053	-0.053	104.000	103.000	315.325	837.879	236.869	213.897	241.706	13.671	-0.065	0.195	0.199	104.000	103.000	418.679	837.879	304.753	203.444	257.909	4.567	0.038	-0.063	-0.063	104.000	103.000	316.795	837.879	231.256	178.231	203.077	7.312	-0.084	0.000	0.064	NaN	NaN	NaN	NaN	NaN	NaN	NaN	NaN	NaN	NaN	NaN	NaN	NaN	NaN	NaN	NaN	NaN	NaN	NaN	NaN	NaN	NaN
104.000	NaN	NaN	NaN	NaN	NaN	NaN	NaN	NaN	NaN	NaN	NaN	105.000	104.000	341.000	839.568	295.716	212.000	250.364	1.689	-0.176	-0.257	-0.064	105.000	104.000	547.188	839.568	276.856	185.120	208.300	13.199	0.249	-0.052	-0.259	105.000	104.000	319.625	839.568	238.636	221.214	253.235	13.736	0.065	0.065	0.000	105.000	104.000	444.370	839.568	305.564	199.038	239.429	4.521	-0.046	-0.000	0.063	105.000	104.000	355.956	839.568	228.514	180.400	199.750	7.469	0.157	0.000	-0.076	NaN	NaN	NaN	NaN	NaN	NaN	NaN	NaN	NaN	NaN	NaN	NaN	NaN	NaN	NaN	NaN	NaN	NaN	NaN	NaN	NaN	NaN
105.000	NaN	NaN	NaN	NaN	NaN	NaN	NaN	NaN	NaN	NaN	NaN	106.000	105.000	363.148	816.867	301.994	214.933	241.941	1.716	0.027	-0.136	-0.129	106.000	105.000	508.302	816.867	279.695	177.542	200.867	13.157	-0.043	0.000	0.129	106.000	105.000	312.316	816.867	238.056	207.038	241.455	13.866	0.130	0.130	-0.065	106.000	105.000	445.926	816.867	313.901	202.462	249.533	4.762	0.241	-0.000	-0.253	106.000	105.000	357.222	816.867	228.874	176.120	212.714	7.469	0.000	-0.064	-0.013	NaN	NaN	NaN	NaN	NaN	NaN	NaN	NaN	NaN	NaN	NaN	NaN	NaN	NaN	NaN	NaN	NaN	NaN	NaN	NaN	NaN	NaN
106.000	NaN	NaN	NaN	NaN	NaN	NaN	NaN	NaN	NaN	NaN	NaN	107.000	106.000	380.222	840.860	312.341	224.214	253.647	1.827	0.111	-0.064	-0.202	107.000	106.000	507.133	840.860	285.048	189.217	208.941	13.111	-0.046	0.039	0.052	107.000	106.000	306.263	840.860	238.504	212.760	244.200	13.885	0.019	0.004	0.000	107.000	106.000	427.815	840.860	307.104	208.600	262.083	4.742	-0.019	-0.000	-0.000	107.000	106.000	324.583	840.860	225.619	182.600	211.818	7.247	-0.222	0.064	0.152	NaN	NaN	NaN	NaN	NaN	NaN	NaN	NaN	NaN	NaN	NaN	NaN	NaN	NaN	NaN	NaN	NaN	NaN	NaN	NaN	NaN	NaN
107.000	NaN	NaN	NaN	NaN	NaN	NaN	NaN	NaN	NaN	NaN	NaN	108.000	107.000	388.741	837.863	296.569	225.033	259.923	1.762	-0.065	-0.129	-0.064	108.000	107.000	518.022	837.863	282.486	189.957	218.000	13.233	0.122	0.052	0.000	108.000	107.000	335.381	837.863	244.553	206.821	251.545	13.912	0.027	-0.065	0.000	108.000	107.000	399.889	837.863	310.413	205.867	240.812	4.612	-0.130	-0.000	0.126	108.000	107.000	318.848	837.863	220.731	177.600	203.154	7.247	0.000	0.000	0.000	NaN	NaN	NaN	NaN	NaN	NaN	NaN	NaN	NaN	NaN	NaN	NaN	NaN	NaN	NaN	NaN	NaN	NaN	NaN	NaN	NaN	NaN
108.000	NaN	NaN	NaN	NaN	NaN	NaN	NaN	NaN	NaN	NaN	NaN	109.000	108.000	385.889	812.566	287.665	250.250	296.826	1.559	-0.203	-0.240	0.000	109.000	108.000	519.447	812.566	288.721	194.542	222.500	13.179	-0.054	-0.091	0.013	109.000	108.000	329.595	812.566	241.065	191.250	217.667	13.912	0.000	0.000	0.000	109.000	108.000	415.407	812.566	302.807	191.808	237.154	4.918	0.306	-0.000	-0.268	109.000	108.000	327.933	812.566	223.002	171.741	204.222	7.182	-0.065	0.000	0.000	NaN	NaN	NaN	NaN	NaN	NaN	NaN	NaN	NaN	NaN	NaN	NaN	NaN	NaN	NaN	NaN	NaN	NaN	NaN	NaN	NaN	NaN
109.000	NaN	NaN	NaN	NaN	NaN	NaN	NaN	NaN	NaN	NaN	NaN	110.000	109.000	385.107	804.698	288.295	247.086	299.579	1.540	-0.019	-0.064	-0.053	110.000	109.000	554.979	804.698	299.288	189.333	225.188	13.168	-0.011	-0.039	-0.039	110.000	109.000	318.256	804.698	240.744	188.346	217.700	13.877	-0.035	0.000	-0.065	110.000	109.000	436.862	804.698	316.773	200.000	249.083	5.037	0.119	0.063	-0.063	110.000	109.000	333.485	804.698	226.441	178.520	220.143	7.247	0.065	-0.064	-0.064	NaN	NaN	NaN	NaN	NaN	NaN	NaN	NaN	NaN	NaN	NaN	NaN	NaN	NaN	NaN	NaN	NaN	NaN	NaN	NaN	NaN	NaN
110.000	NaN	NaN	NaN	NaN	NaN	NaN	NaN	NaN	NaN	NaN	NaN	111.000	110.000	375.444	831.590	276.731	238.032	283.857	1.567	0.027	-0.063	-0.078	111.000	110.000	568.872	831.590	312.704	192.417	214.750	13.076	-0.092	-0.052	0.012	111.000	110.000	333.750	831.590	246.419	192.731	210.750	13.732	-0.146	-0.065	0.000	111.000	110.000	422.852	831.590	324.909	196.267	238.400	4.834	-0.203	-0.063	0.126	111.000	110.000	329.037	831.590	228.221	175.538	189.789	7.117	-0.130	0.064	0.064	NaN	NaN	NaN	NaN	NaN	NaN	NaN	NaN	NaN	NaN	NaN	NaN	NaN	NaN	NaN	NaN	NaN	NaN	NaN	NaN	NaN	NaN
111.000	NaN	NaN	NaN	NaN	NaN	NaN	NaN	NaN	NaN	NaN	NaN	112.000	111.000	367.226	819.887	276.548	216.690	254.824	1.640	0.073	-0.109	-0.189	112.000	111.000	377.000	819.887	261.826	189.481	227.636	10.695	-2.381	-0.181	1.885	112.000	111.000	310.800	819.887	248.093	187.240	205.214	13.288	-0.444	-0.195	0.137	112.000	111.000	447.667	819.887	340.761	200.538	264.182	4.945	0.111	-0.000	-0.079	112.000	111.000	316.241	819.887	222.704	178.615	196.526	7.136	0.019	-0.064	0.000	NaN	NaN	NaN	NaN	NaN	NaN	NaN	NaN	NaN	NaN	NaN	NaN	NaN	NaN	NaN	NaN	NaN	NaN	NaN	NaN	NaN	NaN
112.000	NaN	NaN	NaN	NaN	NaN	NaN	NaN	NaN	NaN	NaN	NaN	113.000	112.000	366.097	814.821	283.417	213.357	247.333	1.694	0.054	0.079	0.079	113.000	112.000	354.390	814.821	260.850	188.208	223.923	10.982	0.287	0.000	-0.234	113.000	112.000	313.977	814.821	244.006	195.643	219.875	13.556	0.268	-0.004	-0.138	113.000	112.000	432.000	814.821	344.870	201.107	237.438	4.953	0.008	-0.000	-0.017	113.000	112.000	314.593	814.821	217.298	174.769	202.000	7.117	-0.019	0.064	0.000	NaN	NaN	NaN	NaN	NaN	NaN	NaN	NaN	NaN	NaN	NaN	NaN	NaN	NaN	NaN	NaN	NaN	NaN	NaN	NaN	NaN	NaN
113.000	NaN	NaN	NaN	NaN	NaN	NaN	NaN	NaN	NaN	NaN	NaN	114.000	113.000	362.370	811.392	278.916	208.333	281.636	1.583	-0.111	0.000	0.071	114.000	113.000	387.233	811.392	264.499	201.296	231.923	11.120	0.138	-0.127	-0.234	114.000	113.000	318.262	811.392	247.553	183.808	199.706	13.544	-0.011	0.004	0.000	114.000	113.000	398.074	811.392	267.796	204.276	267.800	3.584	-1.370	-0.000	1.277	114.000	113.000	337.389	811.392	218.925	170.846	196.800	7.320	0.203	0.000	-0.076	NaN	NaN	NaN	NaN	NaN	NaN	NaN	NaN	NaN	NaN	NaN	NaN	NaN	NaN	NaN	NaN	NaN	NaN	NaN	NaN	NaN	NaN
114.000	NaN	NaN	NaN	NaN	NaN	NaN	NaN	NaN	NaN	NaN	NaN	115.000	114.000	373.414	785.581	288.562	210.862	258.933	1.824	0.241	0.145	-0.121	115.000	114.000	412.556	785.581	267.151	197.036	231.600	11.304	0.184	-0.053	-0.219	115.000	114.000	322.615	785.581	244.166	195.038	204.905	13.579	0.035	0.065	0.065	115.000	114.000	415.481	785.581	264.420	187.276	218.944	3.871	0.287	-0.000	-0.268	115.000	114.000	350.810	785.581	221.285	173.000	195.250	7.431	0.111	0.000	-0.013	NaN	NaN	NaN	NaN	NaN	NaN	NaN	NaN	NaN	NaN	NaN	NaN	NaN	NaN	NaN	NaN	NaN	NaN	NaN	NaN	NaN	NaN
115.000	NaN	NaN	NaN	NaN	NaN	NaN	NaN	NaN	NaN	NaN	NaN	116.000	115.000	375.259	788.149	278.205	206.893	251.231	1.924	0.100	0.145	0.032	116.000	115.000	431.152	788.149	276.384	200.040	234.077	11.369	0.065	0.000	-0.038	116.000	115.000	333.022	788.149	243.850	193.750	219.733	13.839	0.260	0.065	-0.069	116.000	115.000	420.243	788.149	268.599	194.964	226.467	4.352	0.482	-0.000	-0.348	116.000	115.000	340.625	788.149	216.143	171.074	199.417	7.626	0.195	0.000	-0.127	NaN	NaN	NaN	NaN	NaN	NaN	NaN	NaN	NaN	NaN	NaN	NaN	NaN	NaN	NaN	NaN	NaN	NaN	NaN	NaN	NaN	NaN
116.000	NaN	NaN	NaN	NaN	NaN	NaN	NaN	NaN	NaN	NaN	NaN	117.000	116.000	322.690	793.043	238.632	179.786	208.231	1.943	0.019	0.204	0.204	117.000	116.000	468.833	793.043	282.071	201.036	228.632	11.599	0.230	0.144	-0.144	117.000	116.000	313.026	793.043	245.844	206.280	235.875	13.785	-0.054	0.134	0.069	117.000	116.000	456.444	793.043	279.855	194.069	239.800	4.704	0.352	-0.000	-0.314	117.000	116.000	346.600	793.043	216.419	162.074	182.800	7.496	-0.130	0.000	0.064	NaN	NaN	NaN	NaN	NaN	NaN	NaN	NaN	NaN	NaN	NaN	NaN	NaN	NaN	NaN	NaN	NaN	NaN	NaN	NaN	NaN	NaN
117.000	NaN	NaN	NaN	NaN	NaN	NaN	NaN	NaN	NaN	NaN	NaN	118.000	117.000	341.000	785.920	242.578	191.444	215.400	1.989	0.046	0.087	0.000	118.000	117.000	356.333	785.920	263.468	209.920	251.000	10.044	-1.555	-0.054	1.422	118.000	117.000	318.792	785.920	238.926	198.923	216.833	13.999	0.214	0.000	-0.199	118.000	117.000	450.214	785.920	281.588	195.517	238.533	4.639	-0.065	-0.000	-0.063	118.000	117.000	341.489	785.920	220.447	178.750	201.733	7.515	0.019	-0.064	0.013	NaN	NaN	NaN	NaN	NaN	NaN	NaN	NaN	NaN	NaN	NaN	NaN	NaN	NaN	NaN	NaN	NaN	NaN	NaN	NaN	NaN	NaN
118.000	NaN	NaN	NaN	NaN	NaN	NaN	NaN	NaN	NaN	NaN	NaN	119.000	118.000	339.259	785.135	232.635	189.370	207.842	2.138	0.149	0.119	0.000	119.000	118.000	412.044	785.135	265.237	205.759	240.842	10.503	0.460	-0.090	-0.488	119.000	118.000	304.250	785.135	238.985	188.000	218.500	13.996	-0.003	-0.004	0.138	119.000	118.000	453.214	785.135	284.737	194.103	225.706	4.639	0.000	-0.000	-0.000	119.000	118.000	336.739	785.135	221.162	172.107	189.846	7.431	-0.084	0.000	0.064	NaN	NaN	NaN	NaN	NaN	NaN	NaN	NaN	NaN	NaN	NaN	NaN	NaN	NaN	NaN	NaN	NaN	NaN	NaN	NaN	NaN	NaN
119.000	NaN	NaN	NaN	NaN	NaN	NaN	NaN	NaN	NaN	NaN	NaN	120.000	119.000	335.667	790.415	236.305	195.913	224.308	2.360	0.222	0.171	-0.034	120.000	119.000	375.116	790.415	256.987	204.643	225.900	10.025	-0.479	-0.036	0.360	120.000	119.000	307.955	790.415	238.811	194.520	211.733	13.934	-0.062	0.065	0.000	120.000	119.000	420.964	790.415	279.385	192.069	242.700	4.704	0.065	-0.000	-0.063	120.000	119.000	331.586	790.415	215.469	176.552	197.062	6.987	-0.444	0.000	0.204	NaN	NaN	NaN	NaN	NaN	NaN	NaN	NaN	NaN	NaN	NaN	NaN	NaN	NaN	NaN	NaN	NaN	NaN	NaN	NaN	NaN	NaN
120.000	NaN	NaN	NaN	NaN	NaN	NaN	NaN	NaN	NaN	NaN	NaN	121.000	120.000	329.800	791.594	229.533	181.250	209.000	2.544	0.184	0.137	-0.008	121.000	120.000	364.125	791.594	249.376	190.370	217.200	10.006	-0.019	0.090	0.108	121.000	120.000	303.538	791.594	237.760	187.037	196.500	13.942	0.008	0.065	0.000	121.000	120.000	458.966	791.594	285.977	214.393	252.312	4.972	0.268	-0.000	-0.285	121.000	120.000	337.452	791.594	212.961	177.379	203.091	7.033	0.046	0.000	0.000	NaN	NaN	NaN	NaN	NaN	NaN	NaN	NaN	NaN	NaN	NaN	NaN	NaN	NaN	NaN	NaN	NaN	NaN	NaN	NaN	NaN	NaN
