dT	T (0)	dT (0)	Base Mean (0)	Body Mean (0)	Proj Mean (0)	Tip Mean (0)	Tip Th Mean (0)	Length (0)	dL (0)	DCTM (0)	DCBM (0)	T (1)	dT (1)	Base Mean (1)	Body Mean (1)	Proj Mean (1)	Tip Mean (1)	Tip Th Mean (1)	Length (1)	dL (1)	DCTM (1)	DCBM (1)	T (2)	dT (2)	Base Mean (2)	Body Mean (2)	Proj Mean (2)	Tip Mean (2)	Tip Th Mean (2)	Length (2)	dL (2)	DCTM (2)	DCBM (2)	T (3)	dT (3)	Base Mean (3)	Body Mean (3)	Proj Mean (3)	Tip Mean (3)	Tip Th Mean (3)	Length (3)	dL (3)	DCTM (3)	DCBM (3)	T (4)	dT (4)	Base Mean (4)	Body Mean (4)	Proj Mean (4)	Tip Mean (4)	Tip Th Mean (4)	Length (4)	dL (4)	DCTM (4)	DCBM (4)	T (5)	dT (5)	Base Mean (5)	Body Mean (5)	Proj Mean (5)	Tip Mean (5)	Tip Th Mean (5)	Length (5)	dL (5)	DCTM (5)	DCBM (5)	T (6)	dT (6)	Base Mean (6)	Body Mean (6)	Proj Mean (6)	Tip Mean (6)	Tip Th Mean (6)	Length (6)	dL (6)	DCTM (6)	DCBM (6)	T (7)	dT (7)	Base Mean (7)	Body Mean (7)	Proj Mean (7)	Tip Mean (7)	Tip Th Mean (7)	Length (7)	dL (7)	DCTM (7)	DCBM (7)	T (8)	dT (8)	Base Mean (8)	Body Mean (8)	Proj Mean (8)	Tip Mean (8)	Tip Th Mean (8)	Length (8)	dL (8)	DCTM (8)	DCBM (8)	T (9)	dT (9)	Base Mean (9)	Body Mean (9)	Proj Mean (9)	Tip Mean (9)	Tip Th Mean (9)	Length (9)	dL (9)	DCTM (9)	DCBM (9)
-20.000	NaN	NaN	NaN	NaN	NaN	NaN	NaN	NaN	NaN	NaN	NaN	NaN	NaN	NaN	NaN	NaN	NaN	NaN	NaN	NaN	NaN	NaN	NaN	NaN	NaN	NaN	NaN	NaN	NaN	NaN	NaN	NaN	NaN	NaN	NaN	NaN	NaN	NaN	NaN	NaN	NaN	NaN	NaN	NaN	NaN	NaN	NaN	NaN	NaN	NaN	NaN	NaN	NaN	NaN	NaN	NaN	NaN	NaN	NaN	NaN	NaN	NaN	NaN	NaN	NaN	NaN	NaN	NaN	NaN	NaN	NaN	NaN	NaN	NaN	NaN	NaN	NaN	55.000	-20.000	316.568	660.851	NaN	NaN	NaN	NaN	NaN	NaN	NaN	59.000	-20.000	215.538	666.375	NaN	NaN	NaN	NaN	NaN	NaN	NaN	66.000	-20.000	252.227	665.655	NaN	NaN	NaN	NaN	NaN	NaN	NaN
-19.000	NaN	NaN	NaN	NaN	NaN	NaN	NaN	NaN	NaN	NaN	NaN	NaN	NaN	NaN	NaN	NaN	NaN	NaN	NaN	NaN	NaN	NaN	NaN	NaN	NaN	NaN	NaN	NaN	NaN	NaN	NaN	NaN	NaN	NaN	NaN	NaN	NaN	NaN	NaN	NaN	NaN	NaN	NaN	NaN	NaN	NaN	NaN	NaN	NaN	NaN	NaN	NaN	NaN	NaN	NaN	NaN	NaN	NaN	NaN	NaN	NaN	NaN	NaN	NaN	NaN	NaN	NaN	NaN	NaN	NaN	NaN	NaN	NaN	NaN	NaN	NaN	NaN	56.000	-19.000	317.000	661.423	NaN	NaN	NaN	NaN	NaN	NaN	NaN	60.000	-19.000	212.500	664.280	NaN	NaN	NaN	NaN	NaN	NaN	NaN	67.000	-19.000	263.900	668.359	NaN	NaN	NaN	NaN	NaN	NaN	NaN
-18.000	NaN	NaN	NaN	NaN	NaN	NaN	NaN	NaN	NaN	NaN	NaN	NaN	NaN	NaN	NaN	NaN	NaN	NaN	NaN	NaN	NaN	NaN	NaN	NaN	NaN	NaN	NaN	NaN	NaN	NaN	NaN	NaN	NaN	NaN	NaN	NaN	NaN	NaN	NaN	NaN	NaN	NaN	NaN	NaN	NaN	NaN	NaN	NaN	NaN	NaN	NaN	NaN	NaN	NaN	NaN	NaN	NaN	NaN	NaN	NaN	NaN	NaN	NaN	NaN	NaN	NaN	NaN	NaN	NaN	NaN	NaN	NaN	NaN	NaN	NaN	NaN	NaN	57.000	-18.000	332.283	667.426	NaN	NaN	NaN	NaN	NaN	NaN	NaN	61.000	-18.000	216.357	661.101	NaN	NaN	NaN	NaN	NaN	NaN	NaN	68.000	-18.000	270.409	667.121	NaN	NaN	NaN	NaN	NaN	NaN	NaN
-17.000	NaN	NaN	NaN	NaN	NaN	NaN	NaN	NaN	NaN	NaN	NaN	NaN	NaN	NaN	NaN	NaN	NaN	NaN	NaN	NaN	NaN	NaN	NaN	NaN	NaN	NaN	NaN	NaN	NaN	NaN	NaN	NaN	NaN	NaN	NaN	NaN	NaN	NaN	NaN	NaN	NaN	NaN	NaN	NaN	NaN	NaN	NaN	NaN	NaN	NaN	NaN	NaN	NaN	NaN	NaN	NaN	NaN	NaN	NaN	NaN	NaN	NaN	NaN	NaN	NaN	NaN	NaN	NaN	NaN	NaN	NaN	NaN	NaN	NaN	NaN	NaN	NaN	58.000	-17.000	337.234	665.117	NaN	NaN	NaN	NaN	NaN	NaN	NaN	62.000	-17.000	233.214	662.987	NaN	NaN	NaN	NaN	NaN	NaN	NaN	69.000	-17.000	228.273	659.012	NaN	NaN	NaN	NaN	NaN	NaN	NaN
-16.000	NaN	NaN	NaN	NaN	NaN	NaN	NaN	NaN	NaN	NaN	NaN	NaN	NaN	NaN	NaN	NaN	NaN	NaN	NaN	NaN	NaN	NaN	NaN	NaN	NaN	NaN	NaN	NaN	NaN	NaN	NaN	NaN	NaN	NaN	NaN	NaN	NaN	NaN	NaN	NaN	NaN	NaN	NaN	NaN	NaN	NaN	NaN	NaN	NaN	NaN	NaN	NaN	NaN	NaN	NaN	NaN	NaN	NaN	NaN	NaN	NaN	NaN	NaN	NaN	NaN	NaN	NaN	NaN	NaN	NaN	NaN	NaN	NaN	NaN	NaN	NaN	NaN	59.000	-16.000	329.979	666.375	NaN	NaN	NaN	NaN	NaN	NaN	NaN	63.000	-16.000	214.571	663.934	NaN	NaN	NaN	NaN	NaN	NaN	NaN	70.000	-16.000	215.400	662.028	NaN	NaN	NaN	NaN	NaN	NaN	NaN
-15.000	NaN	NaN	NaN	NaN	NaN	NaN	NaN	NaN	NaN	NaN	NaN	NaN	NaN	NaN	NaN	NaN	NaN	NaN	NaN	NaN	NaN	NaN	NaN	NaN	NaN	NaN	NaN	NaN	NaN	NaN	NaN	NaN	NaN	NaN	NaN	NaN	NaN	NaN	NaN	NaN	NaN	NaN	NaN	NaN	NaN	NaN	NaN	NaN	NaN	NaN	NaN	NaN	NaN	NaN	NaN	NaN	NaN	NaN	NaN	NaN	NaN	NaN	NaN	NaN	NaN	NaN	NaN	NaN	NaN	NaN	NaN	NaN	NaN	NaN	NaN	NaN	NaN	60.000	-15.000	324.958	664.280	NaN	NaN	NaN	NaN	NaN	NaN	NaN	64.000	-15.000	224.400	666.179	NaN	NaN	NaN	NaN	NaN	NaN	NaN	71.000	-15.000	245.095	665.649	NaN	NaN	NaN	NaN	NaN	NaN	NaN
-14.000	NaN	NaN	NaN	NaN	NaN	NaN	NaN	NaN	NaN	NaN	NaN	NaN	NaN	NaN	NaN	NaN	NaN	NaN	NaN	NaN	NaN	NaN	NaN	NaN	NaN	NaN	NaN	NaN	NaN	NaN	NaN	NaN	NaN	NaN	NaN	NaN	NaN	NaN	NaN	NaN	NaN	NaN	NaN	NaN	NaN	NaN	NaN	NaN	NaN	NaN	NaN	NaN	NaN	NaN	NaN	NaN	NaN	NaN	NaN	NaN	NaN	NaN	NaN	NaN	NaN	NaN	NaN	NaN	NaN	NaN	NaN	NaN	NaN	NaN	NaN	NaN	NaN	61.000	-14.000	316.022	661.101	NaN	NaN	NaN	NaN	NaN	NaN	NaN	65.000	-14.000	227.889	667.929	NaN	NaN	NaN	NaN	NaN	NaN	NaN	72.000	-14.000	240.182	663.455	NaN	NaN	NaN	NaN	NaN	NaN	NaN
-13.000	NaN	NaN	NaN	NaN	NaN	NaN	NaN	NaN	NaN	NaN	NaN	NaN	NaN	NaN	NaN	NaN	NaN	NaN	NaN	NaN	NaN	NaN	NaN	NaN	NaN	NaN	NaN	NaN	NaN	NaN	NaN	NaN	NaN	NaN	NaN	NaN	NaN	NaN	NaN	NaN	NaN	NaN	NaN	NaN	NaN	NaN	NaN	NaN	NaN	NaN	NaN	NaN	NaN	NaN	NaN	NaN	NaN	NaN	NaN	NaN	NaN	NaN	NaN	NaN	NaN	NaN	NaN	NaN	NaN	NaN	NaN	NaN	NaN	NaN	NaN	NaN	NaN	62.000	-13.000	320.125	662.987	NaN	NaN	NaN	NaN	NaN	NaN	NaN	66.000	-13.000	218.357	665.655	NaN	NaN	NaN	NaN	NaN	NaN	NaN	73.000	-13.000	248.048	664.225	NaN	NaN	NaN	NaN	NaN	NaN	NaN
-12.000	NaN	NaN	NaN	NaN	NaN	NaN	NaN	NaN	NaN	NaN	NaN	NaN	NaN	NaN	NaN	NaN	NaN	NaN	NaN	NaN	NaN	NaN	NaN	NaN	NaN	NaN	NaN	NaN	NaN	NaN	NaN	NaN	NaN	NaN	NaN	NaN	NaN	NaN	NaN	NaN	NaN	NaN	NaN	NaN	NaN	NaN	NaN	NaN	NaN	NaN	NaN	NaN	NaN	NaN	NaN	NaN	NaN	NaN	NaN	NaN	NaN	NaN	NaN	NaN	NaN	NaN	NaN	NaN	NaN	NaN	NaN	NaN	NaN	NaN	NaN	NaN	NaN	63.000	-12.000	330.944	663.934	NaN	NaN	NaN	NaN	NaN	NaN	NaN	67.000	-12.000	232.154	668.359	NaN	NaN	NaN	NaN	NaN	NaN	NaN	74.000	-12.000	262.227	517.832	NaN	NaN	NaN	NaN	NaN	NaN	NaN
-11.000	NaN	NaN	NaN	NaN	NaN	NaN	NaN	NaN	NaN	NaN	NaN	NaN	NaN	NaN	NaN	NaN	NaN	NaN	NaN	NaN	NaN	NaN	NaN	NaN	NaN	NaN	NaN	NaN	NaN	NaN	NaN	NaN	NaN	NaN	NaN	NaN	NaN	NaN	NaN	NaN	NaN	NaN	NaN	NaN	NaN	NaN	NaN	NaN	NaN	NaN	NaN	NaN	NaN	NaN	NaN	NaN	NaN	NaN	NaN	NaN	NaN	NaN	NaN	NaN	NaN	NaN	NaN	NaN	NaN	NaN	NaN	NaN	NaN	NaN	NaN	NaN	NaN	64.000	-11.000	314.062	666.179	NaN	NaN	NaN	NaN	NaN	NaN	NaN	68.000	-11.000	228.071	667.121	NaN	NaN	NaN	NaN	NaN	NaN	NaN	75.000	-11.000	259.727	658.633	NaN	NaN	NaN	NaN	NaN	NaN	NaN
-10.000	NaN	NaN	NaN	NaN	NaN	NaN	NaN	NaN	NaN	NaN	NaN	NaN	NaN	NaN	NaN	NaN	NaN	NaN	NaN	NaN	NaN	NaN	NaN	NaN	NaN	NaN	NaN	NaN	NaN	NaN	NaN	NaN	NaN	NaN	NaN	NaN	NaN	NaN	NaN	NaN	NaN	NaN	NaN	NaN	NaN	NaN	NaN	NaN	NaN	NaN	NaN	NaN	NaN	NaN	NaN	NaN	NaN	NaN	NaN	NaN	NaN	NaN	NaN	NaN	NaN	NaN	NaN	NaN	NaN	NaN	NaN	NaN	NaN	NaN	NaN	NaN	NaN	65.000	-10.000	328.448	667.929	NaN	NaN	NaN	NaN	NaN	NaN	NaN	69.000	-10.000	227.792	659.012	NaN	NaN	NaN	NaN	NaN	NaN	NaN	76.000	-10.000	257.773	656.840	NaN	NaN	NaN	NaN	NaN	NaN	NaN
-9.000	NaN	NaN	NaN	NaN	NaN	NaN	NaN	NaN	NaN	NaN	NaN	NaN	NaN	NaN	NaN	NaN	NaN	NaN	NaN	NaN	NaN	NaN	NaN	NaN	NaN	NaN	NaN	NaN	NaN	NaN	NaN	NaN	NaN	NaN	NaN	NaN	NaN	NaN	NaN	NaN	NaN	NaN	NaN	NaN	NaN	NaN	NaN	NaN	NaN	NaN	NaN	NaN	NaN	NaN	NaN	NaN	NaN	NaN	NaN	NaN	NaN	NaN	NaN	NaN	NaN	NaN	NaN	NaN	NaN	NaN	NaN	NaN	NaN	NaN	NaN	NaN	NaN	66.000	-9.000	314.258	665.655	NaN	NaN	NaN	NaN	NaN	NaN	NaN	70.000	-9.000	239.500	662.028	NaN	NaN	NaN	NaN	NaN	NaN	NaN	77.000	-9.000	269.783	658.895	NaN	NaN	NaN	NaN	NaN	NaN	NaN
-8.000	NaN	NaN	NaN	NaN	NaN	NaN	NaN	NaN	NaN	NaN	NaN	NaN	NaN	NaN	NaN	NaN	NaN	NaN	NaN	NaN	NaN	NaN	NaN	NaN	NaN	NaN	NaN	NaN	NaN	NaN	NaN	NaN	NaN	NaN	NaN	NaN	NaN	NaN	NaN	NaN	NaN	NaN	NaN	NaN	NaN	NaN	NaN	NaN	NaN	NaN	NaN	NaN	NaN	NaN	NaN	NaN	NaN	NaN	NaN	NaN	NaN	NaN	NaN	NaN	NaN	NaN	NaN	NaN	NaN	NaN	NaN	NaN	NaN	NaN	NaN	NaN	NaN	67.000	-8.000	306.568	668.359	NaN	NaN	NaN	NaN	NaN	NaN	NaN	71.000	-8.000	240.769	665.649	NaN	NaN	NaN	NaN	NaN	NaN	NaN	78.000	-8.000	267.478	654.674	NaN	NaN	NaN	NaN	NaN	NaN	NaN
-7.000	NaN	NaN	NaN	NaN	NaN	NaN	NaN	NaN	NaN	NaN	NaN	NaN	NaN	NaN	NaN	NaN	NaN	NaN	NaN	NaN	NaN	NaN	NaN	NaN	NaN	NaN	NaN	NaN	NaN	NaN	NaN	NaN	NaN	NaN	NaN	NaN	NaN	NaN	NaN	NaN	NaN	NaN	NaN	NaN	NaN	NaN	NaN	NaN	NaN	NaN	NaN	NaN	NaN	NaN	NaN	NaN	NaN	NaN	NaN	NaN	NaN	NaN	NaN	NaN	NaN	NaN	NaN	NaN	NaN	NaN	NaN	NaN	NaN	NaN	NaN	NaN	NaN	68.000	-7.000	291.610	667.121	NaN	NaN	NaN	NaN	NaN	NaN	NaN	72.000	-7.000	248.769	663.455	NaN	NaN	NaN	NaN	NaN	NaN	NaN	79.000	-7.000	243.095	653.959	NaN	NaN	NaN	NaN	NaN	NaN	NaN
-6.000	NaN	NaN	NaN	NaN	NaN	NaN	NaN	NaN	NaN	NaN	NaN	NaN	NaN	NaN	NaN	NaN	NaN	NaN	NaN	NaN	NaN	NaN	NaN	NaN	NaN	NaN	NaN	NaN	NaN	NaN	NaN	NaN	NaN	NaN	NaN	NaN	NaN	NaN	NaN	NaN	NaN	NaN	NaN	NaN	NaN	NaN	NaN	NaN	NaN	NaN	NaN	NaN	NaN	NaN	NaN	NaN	NaN	NaN	NaN	NaN	NaN	NaN	NaN	NaN	NaN	NaN	NaN	NaN	NaN	NaN	NaN	NaN	NaN	NaN	NaN	NaN	NaN	69.000	-6.000	311.022	659.012	NaN	NaN	NaN	NaN	NaN	NaN	NaN	73.000	-6.000	255.154	664.225	NaN	NaN	NaN	NaN	NaN	NaN	NaN	80.000	-6.000	260.700	653.811	NaN	NaN	NaN	NaN	NaN	NaN	NaN
-5.000	NaN	NaN	NaN	NaN	NaN	NaN	NaN	NaN	NaN	NaN	NaN	NaN	NaN	NaN	NaN	NaN	NaN	NaN	NaN	NaN	NaN	NaN	NaN	NaN	NaN	NaN	NaN	NaN	NaN	NaN	NaN	NaN	NaN	NaN	NaN	NaN	NaN	NaN	NaN	NaN	NaN	NaN	NaN	NaN	NaN	NaN	NaN	NaN	NaN	NaN	NaN	NaN	NaN	NaN	NaN	NaN	NaN	NaN	NaN	NaN	NaN	NaN	NaN	NaN	NaN	NaN	NaN	NaN	NaN	NaN	NaN	NaN	NaN	NaN	NaN	NaN	NaN	70.000	-5.000	298.136	662.028	NaN	NaN	NaN	NaN	NaN	NaN	NaN	74.000	-5.000	250.235	517.832	NaN	NaN	NaN	NaN	NaN	NaN	NaN	81.000	-5.000	226.733	659.389	NaN	NaN	NaN	NaN	NaN	NaN	NaN
-4.000	NaN	NaN	NaN	NaN	NaN	NaN	NaN	NaN	NaN	NaN	NaN	NaN	NaN	NaN	NaN	NaN	NaN	NaN	NaN	NaN	NaN	NaN	NaN	NaN	NaN	NaN	NaN	NaN	NaN	NaN	NaN	NaN	NaN	NaN	NaN	NaN	NaN	NaN	NaN	NaN	NaN	NaN	NaN	NaN	NaN	NaN	NaN	NaN	NaN	NaN	NaN	NaN	NaN	NaN	NaN	NaN	NaN	NaN	NaN	NaN	NaN	NaN	NaN	NaN	NaN	NaN	NaN	NaN	NaN	NaN	NaN	NaN	NaN	NaN	NaN	NaN	NaN	71.000	-4.000	309.849	665.649	NaN	NaN	NaN	NaN	NaN	NaN	NaN	75.000	-4.000	245.000	658.633	NaN	NaN	NaN	NaN	NaN	NaN	NaN	82.000	-4.000	244.967	655.667	NaN	NaN	NaN	NaN	NaN	NaN	NaN
-3.000	NaN	NaN	NaN	NaN	NaN	NaN	NaN	NaN	NaN	NaN	NaN	NaN	NaN	NaN	NaN	NaN	NaN	NaN	NaN	NaN	NaN	NaN	NaN	NaN	NaN	NaN	NaN	NaN	NaN	NaN	NaN	NaN	NaN	NaN	NaN	NaN	NaN	NaN	NaN	NaN	NaN	NaN	NaN	NaN	NaN	NaN	NaN	NaN	NaN	NaN	NaN	NaN	NaN	NaN	NaN	NaN	NaN	NaN	NaN	NaN	NaN	NaN	NaN	NaN	NaN	NaN	NaN	NaN	NaN	NaN	NaN	NaN	NaN	NaN	NaN	NaN	NaN	72.000	-3.000	300.269	663.455	NaN	NaN	NaN	NaN	NaN	NaN	NaN	76.000	-3.000	256.308	656.840	NaN	NaN	NaN	NaN	NaN	NaN	NaN	83.000	-3.000	221.038	652.029	NaN	NaN	NaN	NaN	NaN	NaN	NaN
-2.000	NaN	NaN	NaN	NaN	NaN	NaN	NaN	NaN	NaN	NaN	NaN	NaN	NaN	NaN	NaN	NaN	NaN	NaN	NaN	NaN	NaN	NaN	NaN	NaN	NaN	NaN	NaN	NaN	NaN	NaN	NaN	NaN	NaN	NaN	NaN	NaN	NaN	NaN	NaN	NaN	NaN	NaN	NaN	NaN	NaN	NaN	NaN	NaN	NaN	NaN	NaN	NaN	NaN	NaN	NaN	NaN	NaN	NaN	NaN	NaN	NaN	NaN	NaN	NaN	NaN	NaN	NaN	NaN	NaN	NaN	NaN	NaN	NaN	NaN	NaN	NaN	NaN	73.000	-2.000	284.977	664.225	NaN	NaN	NaN	NaN	NaN	NaN	NaN	77.000	-2.000	293.923	658.895	NaN	NaN	NaN	NaN	NaN	NaN	NaN	84.000	-2.000	232.938	649.094	NaN	NaN	NaN	NaN	NaN	NaN	NaN
-1.000	NaN	NaN	NaN	NaN	NaN	NaN	NaN	NaN	NaN	NaN	NaN	NaN	NaN	NaN	NaN	NaN	NaN	NaN	NaN	NaN	NaN	NaN	NaN	NaN	NaN	NaN	NaN	NaN	NaN	NaN	NaN	NaN	NaN	NaN	NaN	NaN	NaN	NaN	NaN	NaN	NaN	NaN	NaN	NaN	NaN	NaN	NaN	NaN	NaN	NaN	NaN	NaN	NaN	NaN	NaN	NaN	NaN	NaN	NaN	NaN	NaN	NaN	NaN	NaN	NaN	NaN	NaN	NaN	NaN	NaN	NaN	NaN	NaN	NaN	NaN	NaN	NaN	74.000	-1.000	278.485	517.832	NaN	NaN	NaN	NaN	NaN	NaN	NaN	78.000	-1.000	317.385	654.674	NaN	NaN	NaN	NaN	NaN	NaN	NaN	85.000	-1.000	235.769	657.992	NaN	NaN	NaN	NaN	NaN	NaN	NaN
0.000	1.000	0.000	271.854	663.569	180.563	158.346	170.474	2.808	0.000	NaN	NaN	1.000	0.000	231.741	663.569	183.343	130.308	139.000	7.785	0.000	NaN	NaN	1.000	0.000	241.429	663.569	172.143	139.393	156.000	4.939	0.000	NaN	NaN	1.000	0.000	264.674	663.569	181.798	138.065	148.619	8.333	0.000	NaN	NaN	1.000	0.000	250.270	663.569	166.442	131.520	145.357	7.031	0.000	NaN	NaN	1.000	0.000	260.788	663.569	168.368	130.429	139.200	7.960	0.000	NaN	NaN	1.000	0.000	249.186	663.569	167.869	161.429	173.381	18.207	0.000	NaN	NaN	75.000	0.000	293.000	658.633	204.744	161.892	184.950	8.840	8.840	NaN	NaN	79.000	0.000	233.511	653.959	198.833	200.522	257.364	0.940	0.940	NaN	NaN	86.000	0.000	184.343	655.485	165.288	155.615	172.250	1.058	1.058	NaN	NaN
1.000	2.000	1.000	258.273	640.119	172.741	144.862	162.923	2.675	-0.133	0.142	0.059	2.000	1.000	219.630	640.119	178.520	134.652	147.778	7.655	-0.130	0.065	0.198	2.000	1.000	232.893	640.119	168.046	134.323	145.818	4.782	-0.157	-0.000	0.166	2.000	1.000	268.174	640.119	179.926	137.345	151.556	8.360	0.027	0.091	-0.000	2.000	1.000	258.069	640.119	167.423	140.115	164.417	6.560	-0.471	-0.035	0.324	2.000	1.000	266.739	640.119	168.276	133.107	142.333	8.534	0.574	0.000	-0.406	2.000	1.000	244.591	640.119	163.998	156.771	174.312	18.207	0.000	0.000	0.035	76.000	1.000	269.875	656.840	202.160	168.282	187.615	8.133	-0.707	-0.370	0.062	80.000	1.000	315.891	653.811	249.213	176.281	201.118	2.330	1.390	0.462	-0.876	87.000	1.000	254.674	647.792	193.386	159.571	171.000	2.563	1.504	0.587	-0.779
2.000	3.000	2.000	286.639	637.913	177.408	148.143	164.267	2.878	0.203	0.000	-0.183	3.000	2.000	203.037	637.913	168.512	134.600	143.500	6.523	-1.132	0.065	1.172	3.000	2.000	251.286	637.913	170.190	138.571	153.857	4.728	-0.054	-0.000	0.021	3.000	2.000	264.830	637.913	178.625	132.939	144.368	8.406	0.046	-0.051	-0.051	3.000	2.000	252.517	637.913	160.875	135.038	147.941	6.338	-0.222	-0.000	0.199	3.000	2.000	270.562	637.913	168.086	134.667	147.250	8.828	0.295	0.203	-0.118	3.000	2.000	239.400	637.913	164.913	159.265	170.647	18.207	0.000	-0.035	0.000	77.000	2.000	274.818	658.895	201.230	172.000	200.062	7.957	-0.176	-0.411	-0.164	81.000	2.000	305.891	659.389	234.419	166.867	195.750	2.938	0.609	0.468	-0.123	88.000	2.000	278.396	650.021	197.570	157.667	180.923	3.182	0.620	0.349	-0.173
3.000	4.000	3.000	259.167	636.989	175.584	146.429	159.750	2.813	-0.065	-0.041	0.000	4.000	3.000	225.222	636.989	174.536	137.679	141.115	8.229	1.706	0.263	-1.363	4.000	3.000	259.214	636.989	172.542	142.280	157.875	4.839	0.111	-0.000	-0.083	4.000	3.000	261.364	636.989	181.365	130.759	138.042	8.203	-0.203	-0.051	0.091	4.000	3.000	246.069	636.989	160.111	129.385	143.133	6.089	-0.249	-0.000	0.234	4.000	3.000	260.738	636.989	163.544	140.621	151.895	8.763	-0.065	0.088	0.114	4.000	3.000	241.366	636.989	161.856	156.147	171.000	18.123	-0.084	0.000	0.000	78.000	3.000	321.636	654.674	208.539	177.194	215.938	8.252	0.295	-0.390	-0.699	82.000	3.000	318.444	655.667	223.719	160.351	185.600	3.065	0.127	0.010	-0.052	89.000	3.000	259.636	645.109	186.426	145.966	158.947	3.240	0.057	0.404	0.350
4.000	5.000	4.000	284.056	641.068	176.392	149.097	163.545	2.878	0.065	-0.050	0.000	5.000	4.000	253.667	641.068	175.689	133.067	139.526	8.649	0.420	0.260	-0.191	5.000	4.000	253.357	641.068	172.057	141.692	161.917	4.701	-0.138	-0.062	0.103	5.000	4.000	262.381	641.068	180.982	133.233	141.519	8.158	-0.046	-0.051	-0.000	5.000	4.000	249.725	641.068	161.748	133.893	145.333	6.108	0.019	-0.000	0.090	5.000	4.000	254.714	641.068	161.948	138.192	150.000	8.809	0.046	0.203	0.088	5.000	4.000	242.778	641.068	163.751	156.697	169.952	18.264	0.141	0.000	-0.055	79.000	4.000	307.070	653.959	203.435	174.212	206.062	7.767	-0.485	-0.592	-0.155	83.000	4.000	292.442	652.029	219.970	161.346	182.588	2.816	-0.249	-0.237	0.000	90.000	4.000	264.244	653.327	188.043	147.379	171.333	3.462	0.222	0.328	0.061
5.000	6.000	5.000	274.897	633.618	174.890	146.345	162.417	2.840	-0.038	0.044	0.003	6.000	5.000	252.926	633.618	174.584	133.357	139.947	8.955	0.306	0.325	0.000	6.000	5.000	251.286	633.618	172.291	140.680	159.667	4.839	0.138	0.062	-0.082	6.000	5.000	267.409	633.618	181.777	135.033	143.600	8.333	0.176	0.143	-0.051	6.000	5.000	259.250	633.618	163.363	134.808	151.923	6.303	0.195	0.055	-0.055	6.000	5.000	251.795	633.618	159.248	138.759	152.529	8.882	0.073	0.233	0.171	6.000	5.000	249.468	633.618	165.704	153.278	170.000	18.329	0.065	-0.020	-0.035	80.000	5.000	296.200	653.811	197.047	169.875	210.214	7.017	-0.750	-0.205	0.386	84.000	5.000	199.719	649.094	184.857	184.273	199.333	0.494	-2.322	-1.007	0.740	91.000	5.000	253.233	649.350	184.599	148.179	162.562	3.832	0.371	0.329	0.020
6.000	7.000	6.000	298.359	629.225	178.810	152.071	161.400	2.905	0.065	0.047	0.002	7.000	6.000	215.111	629.225	173.171	138.536	153.333	8.481	-0.474	0.064	0.586	7.000	6.000	255.931	629.225	178.858	141.679	158.125	4.755	-0.084	-0.000	0.061	7.000	6.000	252.326	629.225	179.359	135.267	148.722	8.196	-0.138	-0.000	0.182	7.000	6.000	255.275	629.225	163.155	132.667	149.154	6.043	-0.260	-0.000	0.163	7.000	6.000	243.146	629.225	158.165	141.333	149.875	8.763	-0.119	0.026	0.203	7.000	6.000	245.674	629.225	165.057	159.457	175.941	18.164	-0.165	0.000	0.000	81.000	6.000	304.500	659.389	196.463	173.257	219.125	7.239	0.222	-0.060	-0.145	NaN	NaN	NaN	NaN	NaN	NaN	NaN	NaN	NaN	NaN	NaN	92.000	6.000	259.725	652.443	180.417	140.643	154.812	4.127	0.295	0.288	-0.022
7.000	8.000	7.000	273.861	630.901	175.761	149.345	160.600	2.702	-0.203	-0.049	0.130	8.000	7.000	227.444	630.901	172.790	133.077	141.188	8.738	0.257	0.195	5.118E-4	8.000	7.000	291.800	630.901	190.897	141.360	167.667	4.904	0.149	-0.000	-0.144	8.000	7.000	270.727	630.901	185.595	137.704	149.143	8.123	-0.073	-0.091	-0.052	8.000	7.000	251.047	630.901	170.331	136.720	154.500	5.970	-0.073	-0.144	-0.090	8.000	7.000	239.833	630.901	157.481	139.074	158.000	8.339	-0.425	0.000	0.404	8.000	7.000	258.289	630.901	166.330	157.088	174.944	17.969	-0.195	0.000	0.069	82.000	7.000	296.333	655.667	194.013	168.212	205.714	6.998	-0.241	-0.085	0.120	NaN	NaN	NaN	NaN	NaN	NaN	NaN	NaN	NaN	NaN	NaN	93.000	7.000	251.378	649.479	179.509	146.577	161.824	4.517	0.390	0.228	-0.061
8.000	9.000	8.000	280.361	627.228	177.498	150.429	159.304	2.840	0.138	0.048	-0.088	9.000	8.000	262.185	627.228	176.645	139.880	150.923	9.361	0.623	0.130	-0.456	9.000	8.000	242.222	627.228	176.848	139.586	150.667	4.265	-0.639	-0.000	0.594	9.000	8.000	258.905	627.228	181.648	137.179	149.267	7.725	-0.398	0.052	0.428	9.000	8.000	262.000	627.228	170.982	134.480	149.083	5.691	-0.279	-0.000	0.160	9.000	8.000	283.674	627.228	167.499	154.065	165.591	8.450	0.111	0.145	0.145	9.000	8.000	249.297	627.228	164.853	158.472	169.957	17.969	0.000	0.000	0.000	83.000	8.000	293.457	652.029	195.469	176.000	210.133	6.944	-0.054	-0.024	0.024	NaN	NaN	NaN	NaN	NaN	NaN	NaN	NaN	NaN	NaN	NaN	94.000	8.000	274.128	652.507	181.455	149.276	162.059	5.007	0.490	0.390	-0.062
9.000	10.000	9.000	291.930	630.785	174.924	147.679	168.455	3.016	0.176	0.000	-0.092	10.000	9.000	278.710	630.785	178.002	134.037	141.812	9.732	0.371	0.130	-0.198	10.000	9.000	246.393	630.785	172.419	139.364	162.300	4.292	0.027	0.061	0.083	10.000	9.000	277.426	630.785	189.384	135.484	145.318	8.188	0.463	-0.129	-0.483	10.000	9.000	269.909	630.785	172.320	131.480	141.812	5.913	0.222	-0.000	-0.144	10.000	9.000	287.133	630.785	174.733	143.893	158.389	8.653	0.203	0.115	-0.115	10.000	9.000	253.079	630.785	164.693	151.774	165.235	18.256	0.287	0.131	-0.090	84.000	9.000	299.093	649.094	195.369	177.412	209.684	6.852	-0.092	-0.084	-0.000	NaN	NaN	NaN	NaN	NaN	NaN	NaN	NaN	NaN	NaN	NaN	95.000	9.000	280.139	657.645	182.747	150.871	169.647	5.145	0.138	0.349	0.082
10.000	11.000	10.000	323.542	633.644	178.857	148.448	157.650	3.230	0.214	-0.046	-0.138	11.000	10.000	293.706	633.644	178.455	136.654	145.235	9.946	0.214	0.130	-0.067	11.000	10.000	238.037	633.644	179.392	147.519	173.812	4.311	0.019	-0.061	-0.108	11.000	10.000	259.341	633.644	177.351	135.966	146.476	7.384	-0.804	0.040	0.764	11.000	10.000	272.217	633.644	176.177	130.458	147.500	5.913	0.000	-0.000	0.053	11.000	10.000	284.047	633.644	181.959	156.464	178.692	8.783	0.130	0.173	0.000	11.000	10.000	249.059	633.644	165.003	141.000	144.905	18.443	0.187	0.223	0.034	85.000	10.000	304.186	657.992	194.515	173.243	214.812	6.779	-0.073	-0.083	0.023	NaN	NaN	NaN	NaN	NaN	NaN	NaN	NaN	NaN	NaN	NaN	96.000	10.000	287.375	656.830	184.272	155.379	171.600	5.646	0.501	0.267	-0.124
11.000	12.000	11.000	270.909	637.777	177.210	152.250	160.455	2.840	-0.390	0.000	0.137	12.000	11.000	295.000	637.777	179.029	134.480	144.357	10.164	0.219	0.000	0.001	12.000	11.000	248.857	637.777	184.576	156.625	176.550	4.430	0.119	-0.000	-0.084	12.000	11.000	273.977	637.777	180.471	131.000	137.800	7.468	0.084	-0.078	-0.143	12.000	11.000	269.070	637.777	177.640	139.400	149.200	5.737	-0.176	-0.143	-0.038	12.000	11.000	291.778	637.777	181.859	139.696	151.312	9.234	0.452	0.233	-0.145	12.000	11.000	242.118	637.777	163.316	142.000	155.417	18.676	0.233	0.323	0.034	86.000	11.000	295.628	655.485	198.976	183.686	227.263	6.649	-0.130	-0.061	0.061	NaN	NaN	NaN	NaN	NaN	NaN	NaN	NaN	NaN	NaN	NaN	97.000	11.000	290.375	649.755	184.202	149.379	157.480	5.711	0.065	0.205	0.019
12.000	13.000	12.000	311.093	630.793	178.690	146.067	158.727	3.089	0.249	0.000	-0.138	13.000	12.000	312.529	630.793	181.888	137.120	143.143	10.157	-0.008	0.065	-0.065	13.000	12.000	251.444	630.793	190.352	163.875	182.762	4.338	-0.092	-0.000	0.084	13.000	12.000	270.262	630.793	179.746	135.000	146.429	7.246	-0.222	-0.104	0.091	13.000	12.000	267.814	630.793	175.582	138.038	162.875	5.599	-0.138	-0.000	0.143	13.000	12.000	294.630	630.793	187.227	137.893	154.200	9.797	0.563	0.321	-0.203	13.000	12.000	235.243	630.793	162.898	156.818	172.722	18.354	-0.322	-0.379	-0.089	87.000	12.000	304.025	647.792	199.991	185.686	225.000	6.538	-0.111	-0.061	-0.061	NaN	NaN	NaN	NaN	NaN	NaN	NaN	NaN	NaN	NaN	NaN	98.000	12.000	273.405	657.293	181.607	145.688	166.833	6.220	0.509	0.411	-0.000
13.000	14.000	13.000	274.389	628.690	174.935	149.692	165.938	2.840	-0.249	0.000	0.130	14.000	13.000	223.037	628.690	157.538	134.154	144.600	7.999	-2.158	0.130	1.998	14.000	13.000	260.273	628.690	195.130	143.484	167.417	4.836	0.498	0.060	-0.374	14.000	13.000	261.528	628.690	174.355	131.226	146.375	6.775	-0.471	-0.182	0.194	14.000	13.000	222.273	628.690	158.994	135.407	154.471	5.221	-0.379	-0.038	0.430	14.000	13.000	311.370	628.690	189.882	142.520	158.000	10.417	0.620	0.261	-0.291	14.000	13.000	246.147	628.690	164.499	158.097	176.846	18.254	-0.100	-0.056	0.000	88.000	13.000	299.375	650.021	203.120	180.639	220.450	6.492	-0.046	-0.121	-0.061	NaN	NaN	NaN	NaN	NaN	NaN	NaN	NaN	NaN	NaN	NaN	99.000	13.000	283.149	654.770	179.900	144.148	164.778	6.859	0.639	0.393	-0.125
14.000	15.000	14.000	279.000	639.269	179.307	154.172	166.526	2.729	-0.111	0.000	0.048	15.000	14.000	289.100	639.269	177.101	132.111	139.312	10.409	2.410	0.065	-2.020	15.000	14.000	261.867	639.269	195.561	144.667	178.111	4.836	0.000	0.026	0.033	15.000	14.000	274.974	639.269	176.975	135.788	142.739	6.729	-0.046	-0.077	-0.052	15.000	14.000	250.750	639.269	163.199	136.192	148.765	5.607	0.387	-0.000	-0.364	15.000	14.000	304.548	639.269	185.961	140.679	149.190	10.528	0.111	0.262	0.087	15.000	14.000	222.025	639.269	163.852	159.129	176.000	18.079	-0.176	0.000	0.178	89.000	14.000	281.378	645.109	198.430	171.486	209.250	6.316	-0.176	-0.061	0.084	NaN	NaN	NaN	NaN	NaN	NaN	NaN	NaN	NaN	NaN	NaN	100.000	14.000	288.404	655.471	175.452	148.240	174.857	7.230	0.371	0.286	-0.062
15.000	16.000	15.000	281.917	628.276	173.332	147.808	159.150	2.924	0.195	0.000	-0.092	16.000	15.000	220.939	628.276	155.830	132.962	146.500	8.427	-1.982	0.130	1.871	16.000	15.000	243.465	628.276	186.061	149.393	165.688	4.671	-0.165	0.120	0.375	16.000	15.000	243.000	628.276	167.891	136.077	144.905	5.994	-0.735	-0.130	0.624	16.000	15.000	225.528	628.276	153.067	133.074	146.353	5.439	-0.168	0.091	0.052	16.000	15.000	320.795	628.276	190.622	137.769	153.308	11.102	0.574	0.145	-0.291	16.000	15.000	232.634	628.276	162.607	151.909	164.682	18.071	-0.008	-0.055	-0.123	90.000	15.000	300.703	653.327	206.045	182.972	225.750	6.205	-0.111	-0.205	-0.061	NaN	NaN	NaN	NaN	NaN	NaN	NaN	NaN	NaN	NaN	NaN	101.000	15.000	274.268	652.949	177.181	142.308	156.933	7.348	0.119	0.268	0.124
16.000	17.000	16.000	278.538	632.382	174.089	148.607	156.143	2.951	0.027	0.048	0.048	17.000	16.000	222.370	632.382	153.056	128.115	139.250	8.397	-0.030	0.130	0.065	17.000	16.000	240.043	632.382	182.339	142.893	151.409	4.828	0.157	-0.000	-0.145	17.000	16.000	240.933	632.382	168.164	136.931	149.800	5.710	-0.284	-0.256	0.091	17.000	16.000	227.723	632.382	156.226	134.080	150.933	5.764	0.325	-0.000	-0.182	17.000	16.000	339.674	632.382	193.124	145.077	158.200	11.415	0.314	0.145	-0.145	17.000	16.000	224.756	632.382	163.040	151.281	164.950	17.968	-0.103	-0.055	0.000	91.000	16.000	311.600	649.350	207.027	171.471	202.609	6.308	0.103	-0.022	-0.123	NaN	NaN	NaN	NaN	NaN	NaN	NaN	NaN	NaN	NaN	NaN	102.000	16.000	268.969	648.991	180.549	153.172	162.818	7.348	0.000	0.143	0.081
17.000	18.000	17.000	291.595	635.393	176.721	145.414	153.917	2.997	0.046	-0.046	-0.046	18.000	17.000	216.074	635.393	150.968	132.870	138.167	8.438	0.041	0.130	0.000	18.000	17.000	298.385	635.393	200.153	145.750	155.300	5.712	0.884	0.086	-0.812	18.000	17.000	232.756	635.393	168.235	136.438	144.583	5.397	-0.314	-0.163	0.144	18.000	17.000	233.538	635.393	155.194	141.385	162.143	5.634	-0.130	-0.000	0.039	18.000	17.000	318.600	635.393	189.138	144.840	164.231	11.591	0.176	0.204	0.029	18.000	17.000	222.766	635.393	163.209	160.129	176.571	18.059	0.092	-0.145	-0.124	92.000	17.000	321.486	652.443	209.082	159.897	199.667	6.132	-0.176	-0.061	0.083	NaN	NaN	NaN	NaN	NaN	NaN	NaN	NaN	NaN	NaN	NaN	103.000	17.000	260.349	649.310	175.611	147.000	164.200	7.692	0.344	0.045	-0.205
18.000	19.000	18.000	284.911	638.781	185.135	147.429	159.250	3.035	0.038	0.047	0.092	19.000	18.000	244.964	638.781	156.070	131.773	138.571	9.085	0.647	-0.065	-0.650	19.000	18.000	249.500	638.781	187.935	141.400	159.200	5.272	-0.441	0.060	0.544	19.000	18.000	231.286	638.781	168.336	137.300	144.500	5.351	-0.046	0.167	0.143	19.000	18.000	237.750	638.781	156.138	140.267	158.667	5.485	-0.149	0.040	0.091	19.000	18.000	322.696	638.781	190.766	145.957	153.474	11.794	0.203	0.204	0.000	19.000	18.000	215.854	638.781	164.791	155.031	174.176	17.838	-0.222	0.000	0.090	93.000	18.000	311.093	649.479	211.350	142.036	166.929	6.443	0.311	0.024	-0.192	NaN	NaN	NaN	NaN	NaN	NaN	NaN	NaN	NaN	NaN	NaN	104.000	18.000	247.032	649.272	174.255	146.840	158.941	7.249	-0.444	-0.125	0.143
19.000	20.000	19.000	298.089	649.006	195.595	150.643	162.412	3.043	0.008	0.045	-0.047	20.000	19.000	255.633	649.006	160.625	138.692	150.364	9.096	0.011	-0.195	-0.260	20.000	19.000	251.429	649.006	189.081	140.714	148.810	5.207	-0.065	-0.000	-0.060	20.000	19.000	268.000	649.006	184.986	141.312	161.938	6.836	1.485	-0.576	-1.909	20.000	19.000	246.250	649.006	162.708	146.517	176.273	5.309	-0.176	-0.040	0.052	20.000	19.000	344.217	649.006	193.985	143.321	160.385	12.422	0.628	0.291	-0.291	20.000	19.000	215.174	649.006	164.766	159.941	173.091	17.922	0.084	-0.055	0.000	94.000	19.000	313.683	652.507	215.346	142.071	156.000	6.343	-0.100	-0.000	0.084	NaN	NaN	NaN	NaN	NaN	NaN	NaN	NaN	NaN	NaN	NaN	105.000	19.000	244.275	647.317	178.391	144.889	166.400	7.322	0.073	-0.081	-0.018
20.000	21.000	20.000	275.571	649.917	195.843	163.727	191.733	2.924	-0.119	0.000	0.138	21.000	20.000	252.222	649.917	157.425	134.160	141.895	9.234	0.138	-0.063	-0.130	21.000	20.000	254.871	649.917	186.873	138.222	152.462	5.410	0.203	-0.205	-0.375	21.000	20.000	262.591	649.917	187.138	144.219	161.550	6.587	-0.249	-0.180	-0.000	21.000	20.000	232.519	649.917	168.987	142.897	201.750	5.493	0.184	-0.000	-0.143	21.000	20.000	311.095	649.917	188.467	141.241	153.867	12.138	-0.284	0.149	0.377	21.000	20.000	216.442	649.917	163.626	155.964	168.350	17.792	-0.130	0.055	0.055	95.000	20.000	337.130	657.645	223.343	149.300	167.769	6.687	0.344	-0.000	-0.229	NaN	NaN	NaN	NaN	NaN	NaN	NaN	NaN	NaN	NaN	NaN	106.000	20.000	258.533	649.880	180.144	150.000	166.312	6.951	-0.371	-0.143	0.044
21.000	22.000	21.000	289.378	650.549	195.971	172.688	195.524	3.035	0.111	-0.043	-0.097	22.000	21.000	246.741	650.549	158.748	135.500	140.182	9.299	0.065	0.000	-0.063	22.000	21.000	251.097	650.549	189.426	140.200	151.526	5.612	0.203	0.145	-0.060	22.000	21.000	248.875	650.549	191.833	140.067	159.389	6.365	-0.222	-0.000	0.180	22.000	21.000	264.581	650.549	171.684	152.300	177.294	5.742	0.249	-0.051	-0.274	22.000	21.000	268.907	650.549	179.892	138.586	157.625	12.035	-0.103	0.260	0.349	22.000	21.000	222.913	650.549	165.790	163.621	183.375	17.922	0.130	-0.055	-0.090	96.000	21.000	313.689	656.830	225.831	143.033	167.364	6.595	-0.092	-0.000	0.145	NaN	NaN	NaN	NaN	NaN	NaN	NaN	NaN	NaN	NaN	NaN	107.000	21.000	246.414	650.631	181.678	146.667	160.500	6.924	-0.027	-0.062	0.018
22.000	23.000	22.000	270.326	656.704	195.824	167.828	187.000	2.943	-0.092	0.092	0.184	23.000	22.000	298.613	656.704	165.342	137.208	145.722	9.716	0.417	0.129	-0.259	23.000	22.000	261.385	656.704	188.712	139.179	156.214	6.213	0.601	0.230	-0.265	23.000	22.000	263.809	656.704	189.672	156.800	186.400	6.170	-0.195	-0.612	-0.388	23.000	22.000	263.941	656.704	174.911	148.179	172.769	5.945	0.203	0.103	-0.040	23.000	22.000	259.979	656.704	181.566	134.296	143.474	12.333	0.298	0.209	0.000	23.000	22.000	223.702	656.704	165.175	160.600	184.643	17.903	-0.019	0.000	0.000	97.000	22.000	271.889	649.755	223.435	150.200	171.286	5.635	-0.961	-0.000	0.700	NaN	NaN	NaN	NaN	NaN	NaN	NaN	NaN	NaN	NaN	NaN	108.000	22.000	243.000	647.407	179.269	148.036	161.778	6.977	0.054	-0.000	-0.039
23.000	24.000	23.000	269.585	660.597	193.292	171.719	190.100	2.878	-0.065	-0.092	-0.049	24.000	23.000	313.871	660.597	167.514	140.038	151.071	9.968	0.252	0.065	-0.195	24.000	23.000	259.148	660.597	188.424	142.793	158.062	6.102	-0.111	0.205	0.205	24.000	23.000	255.886	660.597	184.988	152.633	176.222	5.986	-0.184	-0.091	0.091	24.000	23.000	264.344	660.597	179.475	150.964	192.700	5.918	-0.027	0.039	0.026	24.000	23.000	268.864	660.597	180.835	139.000	152.071	12.547	0.214	0.145	-0.059	24.000	23.000	217.146	660.597	164.368	155.926	176.714	17.773	-0.130	0.000	0.000	98.000	23.000	310.591	657.293	228.075	136.250	151.500	6.542	0.907	0.061	-0.677	NaN	NaN	NaN	NaN	NaN	NaN	NaN	NaN	NaN	NaN	NaN	109.000	23.000	248.872	651.259	179.599	147.786	162.526	7.088	0.111	-0.062	-0.124
24.000	25.000	24.000	288.130	660.664	203.951	164.966	187.625	3.100	0.222	0.091	-0.101	25.000	24.000	301.933	660.664	168.067	139.893	150.000	10.014	0.046	-0.065	-0.130	25.000	24.000	288.357	660.664	186.648	133.357	155.500	6.481	0.379	0.266	-0.121	25.000	24.000	258.043	660.664	193.389	153.812	181.059	5.959	-0.027	-0.037	0.037	25.000	24.000	230.103	660.664	177.949	149.143	174.615	5.707	-0.211	-0.037	0.165	25.000	24.000	256.977	660.664	183.332	138.815	150.765	12.758	0.211	0.232	0.000	25.000	24.000	220.596	660.664	163.762	153.655	165.938	17.968	0.195	-0.055	-0.125	99.000	24.000	237.556	654.770	204.926	144.033	165.286	3.974	-2.568	-0.063	1.965	NaN	NaN	NaN	NaN	NaN	NaN	NaN	NaN	NaN	NaN	NaN	110.000	24.000	243.472	648.657	180.735	154.194	178.231	6.958	-0.130	-0.062	0.062
25.000	26.000	25.000	274.023	666.091	200.485	176.188	195.450	2.962	-0.138	-0.091	0.091	26.000	25.000	300.815	666.091	169.335	141.828	153.400	10.198	0.184	0.065	-0.065	26.000	25.000	290.250	666.091	188.235	143.500	155.938	6.703	0.222	0.205	-0.000	26.000	25.000	248.833	666.091	192.222	152.393	174.353	5.775	-0.184	-0.000	-0.000	26.000	25.000	271.543	666.091	178.548	142.793	166.818	6.189	0.482	-0.053	-0.288	26.000	25.000	249.125	666.091	185.314	143.821	153.048	12.915	0.157	0.145	0.000	26.000	25.000	210.829	666.091	163.224	141.333	151.571	17.903	-0.065	0.055	0.124	100.000	25.000	238.815	655.471	207.707	142.700	159.176	4.112	0.138	-0.062	-0.162	NaN	NaN	NaN	NaN	NaN	NaN	NaN	NaN	NaN	NaN	NaN	111.000	25.000	256.879	642.792	181.303	151.793	168.294	6.847	-0.111	-0.062	0.041
26.000	27.000	26.000	273.273	662.843	197.391	174.812	182.935	3.008	0.046	0.000	-0.052	27.000	26.000	317.000	662.843	172.000	142.692	157.077	10.477	0.279	3.980E-18	-0.195	27.000	26.000	276.536	662.843	186.714	138.167	154.083	7.001	0.298	0.243	-0.000	27.000	26.000	248.410	662.843	195.294	147.867	175.545	5.683	-0.092	-0.000	0.072	27.000	26.000	247.000	662.843	180.542	143.379	169.500	5.791	-0.398	-0.000	0.249	27.000	26.000	249.179	662.843	183.219	139.231	158.125	12.934	0.019	0.178	0.145	27.000	26.000	215.681	662.843	161.495	136.621	146.471	18.319	0.417	0.165	-0.124	101.000	26.000	245.867	652.949	210.301	141.000	159.706	4.498	0.387	-0.000	-0.308	NaN	NaN	NaN	NaN	NaN	NaN	NaN	NaN	NaN	NaN	NaN	112.000	26.000	254.694	647.339	182.308	154.033	165.696	6.867	0.019	-0.082	-0.062
27.000	28.000	27.000	262.892	662.112	196.107	171.156	192.524	2.870	-0.138	0.000	0.091	28.000	27.000	311.107	662.112	175.774	135.586	144.765	10.271	-0.206	-0.130	0.000	28.000	27.000	279.871	662.112	186.063	140.900	152.235	7.453	0.452	0.289	-0.061	28.000	27.000	254.702	662.112	196.944	149.700	174.421	5.832	0.149	-0.090	-0.055	28.000	27.000	269.674	662.112	177.201	141.286	157.938	5.948	0.157	-0.053	-0.053	28.000	27.000	255.045	662.112	188.394	139.500	164.222	13.367	0.433	0.232	-0.086	28.000	27.000	217.239	662.112	162.931	142.600	154.867	18.373	0.054	0.000	0.000	102.000	27.000	239.786	648.991	207.139	142.097	157.000	4.487	-0.011	-0.022	-0.043	NaN	NaN	NaN	NaN	NaN	NaN	NaN	NaN	NaN	NaN	NaN	113.000	27.000	264.231	646.938	189.069	160.321	175.684	6.821	-0.046	-0.082	-0.062
28.000	29.000	28.000	255.413	663.867	194.375	169.750	182.077	3.027	0.157	0.000	-0.091	29.000	28.000	341.250	663.867	177.386	136.333	145.500	10.111	-0.160	-0.325	-0.065	29.000	28.000	280.154	663.867	186.087	141.920	169.000	7.805	0.352	0.145	-0.145	29.000	28.000	250.500	663.867	203.651	147.357	175.889	5.695	-0.138	0.055	0.123	29.000	28.000	273.022	663.867	174.969	142.185	161.600	5.864	-0.084	-0.091	-0.078	29.000	28.000	277.043	663.867	197.574	140.968	152.474	13.803	0.436	0.204	-0.086	29.000	28.000	208.000	663.867	164.380	141.967	149.150	18.392	0.019	0.000	0.000	103.000	28.000	267.455	649.310	205.460	139.767	162.273	4.801	0.314	0.023	-0.229	NaN	NaN	NaN	NaN	NaN	NaN	NaN	NaN	NaN	NaN	NaN	114.000	28.000	274.333	650.847	191.435	156.296	186.545	6.878	0.057	-0.124	-0.124
29.000	30.000	29.000	290.578	661.672	201.818	171.000	196.125	3.035	0.008	0.000	-0.083	30.000	29.000	308.148	661.672	181.372	137.379	151.500	9.624	-0.487	-0.195	0.129	30.000	29.000	286.000	661.672	190.085	143.500	152.053	7.832	0.027	0.205	0.061	30.000	29.000	248.548	661.672	206.861	163.406	195.875	4.715	-0.980	-0.198	0.737	30.000	29.000	258.233	661.672	179.570	143.259	180.667	5.975	0.111	-0.000	-0.080	30.000	29.000	306.698	661.672	201.886	148.806	167.200	14.132	0.330	0.350	-0.145	30.000	29.000	213.733	661.672	165.795	141.700	153.789	18.381	-0.011	0.000	0.000	104.000	29.000	304.814	649.272	207.148	144.966	162.000	5.245	0.444	-0.000	-0.289	NaN	NaN	NaN	NaN	NaN	NaN	NaN	NaN	NaN	NaN	NaN	115.000	29.000	258.810	651.435	189.054	158.929	177.500	6.645	-0.233	-0.103	0.082
30.000	31.000	30.000	293.455	662.400	201.156	164.588	181.476	3.043	0.008	0.092	0.049	31.000	30.000	244.889	662.400	180.542	142.321	155.312	8.963	-0.661	-0.260	0.453	31.000	30.000	264.000	662.400	184.842	149.000	167.062	8.062	0.230	0.169	-0.025	31.000	30.000	255.231	662.400	209.011	151.697	184.786	4.872	0.157	-0.054	-0.252	31.000	30.000	257.711	662.400	179.979	149.867	174.000	5.623	-0.352	-0.325	-0.091	31.000	30.000	304.244	662.400	199.621	152.400	171.562	14.530	0.398	0.318	0.000	31.000	30.000	217.862	662.400	164.953	137.286	150.231	18.048	-0.333	0.055	0.157	105.000	30.000	329.128	647.317	215.292	154.517	178.077	5.670	0.425	-0.000	-0.374	NaN	NaN	NaN	NaN	NaN	NaN	NaN	NaN	NaN	NaN	NaN	116.000	30.000	275.255	648.693	193.899	161.379	185.643	6.396	-0.249	-0.225	0.124
31.000	32.000	31.000	282.209	666.504	203.109	172.061	191.318	3.016	-0.027	0.000	0.092	32.000	31.000	245.259	666.504	180.658	142.233	155.714	8.814	-0.149	-0.196	-0.065	32.000	31.000	284.848	666.504	189.310	143.893	156.476	8.329	0.268	0.060	-0.145	32.000	31.000	259.333	666.504	215.343	149.444	197.000	5.373	0.501	-0.144	-0.578	32.000	31.000	260.844	666.504	176.238	142.724	158.667	5.910	0.287	-0.000	-0.183	32.000	31.000	314.750	666.504	197.036	145.643	165.750	14.936	0.406	0.377	-0.059	32.000	31.000	207.122	666.504	164.291	137.552	144.556	18.473	0.425	0.110	-0.193	106.000	31.000	279.864	649.880	189.420	143.233	160.471	4.996	-0.674	-0.000	0.663	NaN	NaN	NaN	NaN	NaN	NaN	NaN	NaN	NaN	NaN	NaN	117.000	31.000	273.844	648.488	192.773	155.429	164.423	6.014	-0.382	-0.245	0.039
32.000	33.000	32.000	272.341	658.268	204.908	167.900	201.769	2.859	-0.157	0.000	0.048	33.000	32.000	214.444	658.268	171.254	145.037	153.143	7.433	-1.381	0.000	1.298	33.000	32.000	289.424	658.268	189.704	141.393	152.238	8.394	0.065	0.145	0.085	33.000	32.000	241.513	658.268	195.154	152.889	179.444	3.138	-2.235	-0.091	1.903	33.000	32.000	248.488	658.268	178.458	145.484	184.444	6.365	0.455	-0.090	-0.537	33.000	32.000	304.351	658.268	196.986	145.692	160.632	15.150	0.214	0.232	0.027	33.000	32.000	220.070	658.268	163.617	133.800	144.000	18.890	0.417	0.188	-0.089	107.000	32.000	278.051	650.631	192.202	141.862	163.267	5.023	0.027	-0.000	-0.145	NaN	NaN	NaN	NaN	NaN	NaN	NaN	NaN	NaN	NaN	NaN	118.000	32.000	260.541	646.807	190.929	156.138	184.444	5.654	-0.360	-0.144	0.144
33.000	34.000	33.000	275.182	659.241	203.405	173.515	197.500	2.924	0.065	0.000	-0.009	34.000	33.000	256.333	659.241	184.019	140.679	158.500	8.817	1.384	0.000	-1.234	34.000	33.000	286.368	659.241	189.078	137.821	152.071	8.562	0.168	0.121	0.023	34.000	33.000	239.762	659.241	195.339	151.074	185.818	3.157	0.019	-0.051	-0.000	34.000	33.000	219.205	659.241	180.815	158.333	181.600	5.078	-1.287	-1.025	0.311	34.000	33.000	299.583	659.241	196.613	142.769	166.200	15.410	0.260	0.291	0.086	34.000	33.000	213.804	659.241	164.583	138.038	166.600	19.247	0.357	0.056	-0.089	108.000	33.000	268.095	647.407	189.849	144.103	155.955	5.153	0.130	-0.000	-0.061	NaN	NaN	NaN	NaN	NaN	NaN	NaN	NaN	NaN	NaN	NaN	119.000	33.000	274.911	645.131	194.719	156.185	186.833	5.803	0.149	-0.083	-0.144
34.000	35.000	34.000	280.591	658.943	202.304	174.588	203.714	2.924	0.000	0.000	0.000	35.000	34.000	230.846	658.943	171.359	142.333	150.421	7.953	-0.864	0.000	0.909	35.000	34.000	301.174	658.943	210.579	149.138	163.263	11.649	3.087	0.184	0.044	35.000	34.000	237.179	658.943	196.693	147.931	179.643	3.073	-0.084	-0.040	-0.000	NaN	NaN	NaN	NaN	NaN	NaN	NaN	NaN	NaN	NaN	NaN	35.000	34.000	285.929	658.943	193.276	145.000	158.867	15.491	0.081	0.377	0.291	35.000	34.000	211.044	658.943	165.582	137.630	147.214	18.990	-0.257	-0.111	0.089	109.000	34.000	297.111	651.259	192.501	142.667	165.455	5.762	0.609	-0.023	-0.518	NaN	NaN	NaN	NaN	NaN	NaN	NaN	NaN	NaN	NaN	NaN	120.000	34.000	272.854	642.713	197.744	158.897	184.786	5.627	-0.176	-0.000	0.101
35.000	36.000	35.000	288.762	654.588	202.873	165.697	194.818	2.924	0.000	0.000	0.040	36.000	35.000	239.296	654.588	173.745	142.600	154.267	7.658	-0.295	-0.195	-0.132	36.000	35.000	259.886	654.588	221.162	159.848	179.188	8.298	-3.351	0.184	0.699	36.000	35.000	263.535	654.588	202.077	151.067	175.526	3.046	-0.027	-0.000	0.091	NaN	NaN	NaN	NaN	NaN	NaN	NaN	NaN	NaN	NaN	NaN	36.000	35.000	300.205	654.588	194.936	146.321	175.727	15.851	0.360	0.350	0.000	36.000	35.000	205.133	654.588	164.204	134.083	143.538	18.982	-0.008	0.000	0.000	110.000	35.000	323.489	648.657	203.803	152.448	171.562	6.370	0.609	0.026	-0.546	NaN	NaN	NaN	NaN	NaN	NaN	NaN	NaN	NaN	NaN	NaN	121.000	35.000	287.979	640.476	199.645	169.515	191.500	5.887	0.260	-0.020	-0.225
36.000	37.000	36.000	312.310	657.541	201.858	174.879	194.625	2.989	0.065	-0.050	-0.183	37.000	36.000	245.407	657.541	173.068	144.379	155.125	7.639	-0.019	-0.195	-0.130	37.000	36.000	288.425	657.541	211.548	154.593	169.750	8.420	0.122	0.206	-0.041	37.000	36.000	251.977	657.541	193.220	142.897	163.550	3.092	0.046	0.091	-0.000	NaN	NaN	NaN	NaN	NaN	NaN	NaN	NaN	NaN	NaN	NaN	37.000	36.000	297.718	657.541	192.731	141.259	156.450	16.157	0.306	0.263	0.000	37.000	36.000	205.457	657.541	165.078	134.769	142.929	19.009	0.027	0.000	0.089	111.000	36.000	317.256	642.792	200.132	147.893	174.833	6.194	-0.176	-0.000	0.119	NaN	NaN	NaN	NaN	NaN	NaN	NaN	NaN	NaN	NaN	NaN	NaN	NaN	NaN	NaN	NaN	NaN	NaN	NaN	NaN	NaN	NaN
37.000	38.000	37.000	276.442	651.596	213.838	175.433	225.750	2.870	-0.119	0.051	0.274	38.000	37.000	227.370	651.596	173.905	147.633	154.182	7.666	0.027	0.065	0.001	38.000	37.000	279.111	651.596	208.127	149.367	169.077	8.680	0.260	0.206	0.020	38.000	37.000	262.587	651.596	206.375	154.567	176.944	2.954	-0.138	-0.000	0.182	NaN	NaN	NaN	NaN	NaN	NaN	NaN	NaN	NaN	NaN	NaN	38.000	37.000	301.206	651.596	194.094	142.360	155.800	16.294	0.138	0.204	0.000	38.000	37.000	207.674	651.596	164.943	133.708	145.769	19.001	-0.008	0.111	0.033	112.000	37.000	307.209	647.339	201.464	151.677	170.167	6.286	0.092	-0.025	-0.120	NaN	NaN	NaN	NaN	NaN	NaN	NaN	NaN	NaN	NaN	NaN	NaN	NaN	NaN	NaN	NaN	NaN	NaN	NaN	NaN	NaN	NaN
38.000	39.000	38.000	298.771	650.449	212.196	187.273	222.059	2.981	0.111	-0.052	-0.104	39.000	38.000	223.556	650.449	176.117	148.793	167.100	7.853	0.187	-0.065	-0.260	39.000	38.000	245.571	650.449	203.962	145.250	154.895	8.106	-0.574	0.186	0.492	39.000	38.000	270.628	650.449	204.981	147.800	186.857	3.019	0.065	-0.000	-0.091	NaN	NaN	NaN	NaN	NaN	NaN	NaN	NaN	NaN	NaN	NaN	39.000	38.000	289.568	650.449	195.062	156.240	165.941	16.608	0.314	0.113	-0.177	39.000	38.000	195.267	650.449	162.647	139.185	149.500	18.706	-0.295	0.112	0.187	113.000	38.000	300.089	646.938	199.097	145.862	169.800	6.462	0.176	0.026	-0.086	NaN	NaN	NaN	NaN	NaN	NaN	NaN	NaN	NaN	NaN	NaN	NaN	NaN	NaN	NaN	NaN	NaN	NaN	NaN	NaN	NaN	NaN
39.000	40.000	39.000	296.915	648.890	219.893	191.625	228.700	2.962	-0.019	0.051	0.011	40.000	39.000	235.926	648.890	178.024	148.774	163.533	8.056	0.203	0.000	-0.130	40.000	39.000	235.538	648.890	193.819	145.778	156.150	7.440	-0.666	0.081	0.822	40.000	39.000	270.600	648.890	208.170	156.061	184.118	3.027	0.008	-0.000	0.051	NaN	NaN	NaN	NaN	NaN	NaN	NaN	NaN	NaN	NaN	NaN	40.000	39.000	287.786	648.890	198.967	149.964	159.304	16.941	0.333	0.145	-0.118	40.000	39.000	199.340	648.890	162.859	133.280	138.000	19.302	0.596	0.224	-0.187	114.000	39.000	333.733	650.847	203.978	142.552	152.952	6.711	0.249	-0.000	-0.231	NaN	NaN	NaN	NaN	NaN	NaN	NaN	NaN	NaN	NaN	NaN	NaN	NaN	NaN	NaN	NaN	NaN	NaN	NaN	NaN	NaN	NaN
40.000	41.000	40.000	310.326	643.530	215.685	190.114	216.370	3.008	0.046	0.041	0.000	41.000	40.000	251.296	643.530	184.870	153.710	169.000	8.102	0.046	0.000	-0.065	41.000	40.000	239.056	643.530	188.964	144.700	156.158	7.088	-0.352	-0.143	0.205	41.000	40.000	260.489	643.530	198.784	148.100	181.385	2.927	-0.100	-0.000	0.130	NaN	NaN	NaN	NaN	NaN	NaN	NaN	NaN	NaN	NaN	NaN	41.000	40.000	291.833	643.530	198.185	148.444	160.562	17.228	0.287	0.323	0.000	41.000	40.000	193.517	643.530	161.765	137.000	149.143	19.253	-0.049	0.315	0.153	115.000	40.000	323.955	651.435	208.842	154.250	167.947	6.619	-0.092	-0.026	-0.060	NaN	NaN	NaN	NaN	NaN	NaN	NaN	NaN	NaN	NaN	NaN	NaN	NaN	NaN	NaN	NaN	NaN	NaN	NaN	NaN	NaN	NaN
41.000	42.000	41.000	310.106	647.744	218.104	181.000	218.545	2.935	-0.073	-0.091	-0.051	42.000	41.000	296.607	647.744	184.331	142.581	158.158	8.462	0.360	0.066	-0.261	42.000	41.000	243.333	647.744	191.001	144.786	155.611	7.570	0.482	0.081	-0.392	42.000	41.000	250.405	647.744	197.603	155.241	173.909	2.751	-0.176	0.052	0.143	NaN	NaN	NaN	NaN	NaN	NaN	NaN	NaN	NaN	NaN	NaN	42.000	41.000	261.200	647.744	196.452	156.880	168.867	16.960	-0.268	0.323	0.527	42.000	41.000	202.714	647.744	161.774	130.458	141.000	19.379	0.125	0.171	0.032	116.000	41.000	336.089	648.693	210.088	157.000	180.214	6.776	0.157	-0.032	-0.027	NaN	NaN	NaN	NaN	NaN	NaN	NaN	NaN	NaN	NaN	NaN	NaN	NaN	NaN	NaN	NaN	NaN	NaN	NaN	NaN	NaN	NaN
42.000	43.000	42.000	281.302	646.713	216.452	175.633	206.529	2.667	-0.268	0.000	0.283	43.000	42.000	251.148	646.713	186.662	147.897	169.769	8.140	-0.322	-0.065	0.195	43.000	42.000	233.037	646.713	189.679	148.367	165.176	7.134	-0.436	-0.062	0.248	43.000	42.000	255.913	646.713	199.783	148.586	185.556	2.927	0.176	0.144	-0.053	NaN	NaN	NaN	NaN	NaN	NaN	NaN	NaN	NaN	NaN	NaN	43.000	42.000	271.436	646.713	200.007	148.107	162.118	17.561	0.601	0.231	-0.204	43.000	42.000	216.087	646.713	163.111	141.043	152.846	20.025	0.647	0.145	-0.185	117.000	42.000	338.467	648.488	215.358	151.733	179.364	6.822	0.046	0.059	-0.000	NaN	NaN	NaN	NaN	NaN	NaN	NaN	NaN	NaN	NaN	NaN	NaN	NaN	NaN	NaN	NaN	NaN	NaN	NaN	NaN	NaN	NaN
43.000	44.000	43.000	279.000	646.464	211.215	175.424	193.536	2.621	-0.046	0.000	0.041	44.000	43.000	250.259	646.464	190.520	150.310	168.000	8.064	-0.076	0.000	0.129	44.000	43.000	230.074	646.464	190.690	152.071	170.071	7.291	0.157	-0.062	-0.206	44.000	43.000	250.182	646.464	201.391	146.250	167.867	3.000	0.073	0.144	0.090	NaN	NaN	NaN	NaN	NaN	NaN	NaN	NaN	NaN	NaN	NaN	44.000	43.000	279.636	646.464	201.852	151.714	176.333	17.829	0.268	0.383	0.059	44.000	43.000	198.414	646.464	163.269	133.792	144.062	19.773	-0.252	0.177	0.183	118.000	43.000	319.911	646.807	203.296	147.621	170.273	6.730	-0.092	-0.000	0.086	NaN	NaN	NaN	NaN	NaN	NaN	NaN	NaN	NaN	NaN	NaN	NaN	NaN	NaN	NaN	NaN	NaN	NaN	NaN	NaN	NaN	NaN
44.000	45.000	44.000	255.318	644.967	204.087	186.194	221.562	2.437	-0.184	0.000	0.130	45.000	44.000	241.259	644.967	189.385	150.900	166.600	8.080	0.016	0.000	0.065	45.000	44.000	240.926	644.967	191.244	142.107	155.684	7.800	0.509	0.082	-0.391	45.000	44.000	238.977	644.967	196.973	148.111	169.333	2.946	-0.054	0.091	0.144	NaN	NaN	NaN	NaN	NaN	NaN	NaN	NaN	NaN	NaN	NaN	45.000	44.000	274.111	644.967	199.177	150.100	175.000	18.357	0.528	0.409	-0.059	45.000	44.000	195.750	644.967	163.558	138.893	144.130	19.665	-0.108	0.000	0.031	119.000	44.000	326.667	645.131	202.581	143.034	158.625	6.619	-0.111	-0.000	0.086	NaN	NaN	NaN	NaN	NaN	NaN	NaN	NaN	NaN	NaN	NaN	NaN	NaN	NaN	NaN	NaN	NaN	NaN	NaN	NaN	NaN	NaN
45.000	46.000	45.000	278.200	646.321	207.283	173.667	206.692	2.575	0.138	-0.038	-0.182	46.000	45.000	245.485	646.321	190.072	148.567	161.750	8.294	0.214	0.000	-0.065	46.000	45.000	229.741	646.321	186.174	143.034	174.286	7.892	0.092	0.144	0.062	46.000	45.000	242.500	646.321	197.559	150.214	172.846	3.176	0.230	0.181	-0.000	NaN	NaN	NaN	NaN	NaN	NaN	NaN	NaN	NaN	NaN	NaN	46.000	45.000	286.615	646.321	199.237	150.742	169.471	18.988	0.631	0.358	-0.145	46.000	45.000	192.857	646.321	163.116	138.778	145.364	19.692	0.027	0.000	-0.088	120.000	45.000	303.930	642.713	201.416	144.586	162.529	6.481	-0.138	-0.000	0.085	NaN	NaN	NaN	NaN	NaN	NaN	NaN	NaN	NaN	NaN	NaN	NaN	NaN	NaN	NaN	NaN	NaN	NaN	NaN	NaN	NaN	NaN
46.000	47.000	46.000	281.610	645.193	212.997	170.714	197.529	2.686	0.111	0.042	-0.084	47.000	46.000	242.500	645.193	188.519	144.806	155.667	8.245	-0.049	0.065	0.065	47.000	46.000	219.593	645.193	186.615	140.440	157.417	7.670	-0.222	-0.226	-0.020	47.000	46.000	245.605	645.193	202.719	149.867	169.647	3.260	0.084	0.108	-0.000	NaN	NaN	NaN	NaN	NaN	NaN	NaN	NaN	NaN	NaN	NaN	47.000	46.000	261.743	645.193	191.506	149.062	160.957	17.935	-1.053	0.228	1.219	47.000	46.000	209.071	645.193	163.521	142.308	157.182	19.795	0.103	0.000	-0.088	121.000	46.000	292.444	640.476	200.878	149.179	171.333	6.362	-0.119	-0.024	0.108	NaN	NaN	NaN	NaN	NaN	NaN	NaN	NaN	NaN	NaN	NaN	NaN	NaN	NaN	NaN	NaN	NaN	NaN	NaN	NaN	NaN	NaN
47.000	48.000	47.000	296.047	652.754	217.291	173.370	200.625	2.640	-0.046	0.000	0.092	48.000	47.000	237.806	652.754	190.877	150.967	169.533	8.264	0.019	-0.065	-0.002	48.000	47.000	240.630	652.754	188.144	134.536	142.174	8.179	0.509	-0.000	-0.473	48.000	47.000	269.395	652.754	237.677	162.310	193.750	5.737	2.477	-0.325	-2.652	NaN	NaN	NaN	NaN	NaN	NaN	NaN	NaN	NaN	NaN	NaN	48.000	47.000	279.362	652.754	194.091	153.125	161.952	18.425	0.490	0.195	-0.061	48.000	47.000	195.759	652.754	164.304	134.167	144.308	19.684	-0.111	0.114	0.177	NaN	NaN	NaN	NaN	NaN	NaN	NaN	NaN	NaN	NaN	NaN	NaN	NaN	NaN	NaN	NaN	NaN	NaN	NaN	NaN	NaN	NaN	NaN	NaN	NaN	NaN	NaN	NaN	NaN	NaN	NaN	NaN	NaN
48.000	49.000	48.000	297.468	649.177	218.104	160.800	186.857	2.686	0.046	0.051	0.000	49.000	48.000	259.833	649.177	193.859	150.613	167.111	8.272	0.008	0.065	-0.002	49.000	48.000	239.111	649.177	188.489	144.444	156.889	8.133	-0.046	-0.000	0.062	49.000	48.000	278.911	649.177	226.095	160.633	193.529	5.913	0.176	-0.287	-0.378	NaN	NaN	NaN	NaN	NaN	NaN	NaN	NaN	NaN	NaN	NaN	49.000	48.000	253.000	649.177	183.030	152.645	169.533	16.948	-1.477	0.262	1.732	49.000	48.000	193.172	649.177	161.467	147.400	166.692	19.730	0.046	-0.025	0.000	NaN	NaN	NaN	NaN	NaN	NaN	NaN	NaN	NaN	NaN	NaN	NaN	NaN	NaN	NaN	NaN	NaN	NaN	NaN	NaN	NaN	NaN	NaN	NaN	NaN	NaN	NaN	NaN	NaN	NaN	NaN	NaN	NaN
49.000	50.000	49.000	285.378	651.435	219.585	166.724	191.929	2.686	0.000	0.000	0.050	50.000	49.000	237.861	651.435	192.907	148.828	163.400	8.191	-0.081	0.000	0.067	50.000	49.000	252.083	651.435	191.492	150.000	170.417	8.734	0.601	0.144	-0.329	50.000	49.000	252.953	651.435	207.718	155.867	190.067	5.626	-0.287	-0.105	0.091	NaN	NaN	NaN	NaN	NaN	NaN	NaN	NaN	NaN	NaN	NaN	50.000	49.000	257.435	651.435	179.698	147.161	161.800	16.783	-0.165	0.101	0.267	50.000	49.000	201.621	651.435	163.120	141.870	151.357	19.811	0.081	-0.025	-0.089	NaN	NaN	NaN	NaN	NaN	NaN	NaN	NaN	NaN	NaN	NaN	NaN	NaN	NaN	NaN	NaN	NaN	NaN	NaN	NaN	NaN	NaN	NaN	NaN	NaN	NaN	NaN	NaN	NaN	NaN	NaN	NaN	NaN
50.000	51.000	50.000	316.587	655.189	227.371	168.690	199.455	2.805	0.119	0.000	-0.183	51.000	50.000	254.636	655.189	194.435	153.103	170.000	8.275	0.084	-0.065	-0.130	51.000	50.000	271.000	655.189	196.733	150.821	180.375	8.696	-0.038	-0.000	-0.082	51.000	50.000	281.000	655.189	202.989	153.615	180.353	6.335	0.708	-0.000	-0.669	NaN	NaN	NaN	NaN	NaN	NaN	NaN	NaN	NaN	NaN	NaN	51.000	50.000	268.860	655.189	181.435	158.594	169.000	16.553	-0.230	-0.100	0.000	51.000	50.000	200.533	655.189	161.936	144.250	161.909	19.811	0.000	0.089	0.089	NaN	NaN	NaN	NaN	NaN	NaN	NaN	NaN	NaN	NaN	NaN	NaN	NaN	NaN	NaN	NaN	NaN	NaN	NaN	NaN	NaN	NaN	NaN	NaN	NaN	NaN	NaN	NaN	NaN	NaN	NaN	NaN	NaN
51.000	52.000	51.000	303.889	655.424	225.683	166.536	188.667	2.732	-0.073	0.000	0.141	52.000	51.000	258.056	655.424	194.606	151.067	172.583	8.367	0.092	0.000	-0.065	52.000	51.000	272.321	655.424	188.736	139.621	150.227	8.937	0.241	0.329	0.123	52.000	51.000	313.696	655.424	215.600	148.433	178.857	7.043	0.708	-0.000	-0.741	NaN	NaN	NaN	NaN	NaN	NaN	NaN	NaN	NaN	NaN	NaN	52.000	51.000	250.467	655.424	182.894	145.194	167.900	16.737	0.184	0.000	-0.144	52.000	51.000	194.655	655.424	161.396	144.111	151.636	19.941	0.130	0.089	-0.057	NaN	NaN	NaN	NaN	NaN	NaN	NaN	NaN	NaN	NaN	NaN	NaN	NaN	NaN	NaN	NaN	NaN	NaN	NaN	NaN	NaN	NaN	NaN	NaN	NaN	NaN	NaN	NaN	NaN	NaN	NaN	NaN	NaN
52.000	53.000	52.000	283.356	657.121	217.889	164.533	183.105	2.713	-0.019	0.000	-0.050	53.000	52.000	255.250	657.121	192.719	145.867	157.850	8.061	-0.306	0.065	0.261	53.000	52.000	263.083	657.121	190.885	138.966	152.471	9.511	0.574	0.267	-0.144	53.000	52.000	291.675	657.121	215.309	153.867	180.905	6.775	-0.268	-0.000	0.234	NaN	NaN	NaN	NaN	NaN	NaN	NaN	NaN	NaN	NaN	NaN	53.000	52.000	266.156	657.121	181.437	149.484	171.667	16.553	-0.184	-0.061	0.083	53.000	52.000	198.933	657.121	161.150	144.727	157.000	19.895	-0.046	0.057	0.088	NaN	NaN	NaN	NaN	NaN	NaN	NaN	NaN	NaN	NaN	NaN	NaN	NaN	NaN	NaN	NaN	NaN	NaN	NaN	NaN	NaN	NaN	NaN	NaN	NaN	NaN	NaN	NaN	NaN	NaN	NaN	NaN	NaN
53.000	54.000	53.000	317.000	655.042	223.410	173.034	195.588	2.916	0.203	0.000	-0.183	54.000	53.000	257.931	655.042	194.702	149.533	174.400	8.156	0.095	-0.065	-0.197	54.000	53.000	267.667	655.042	186.336	139.630	149.182	9.752	0.241	0.248	-0.000	54.000	53.000	287.875	655.042	210.151	155.067	182.923	6.756	-0.019	-0.000	-0.041	NaN	NaN	NaN	NaN	NaN	NaN	NaN	NaN	NaN	NaN	NaN	54.000	53.000	253.222	655.042	182.938	158.176	176.579	16.545	-0.008	-0.039	0.000	54.000	53.000	202.276	655.042	162.014	156.458	165.111	19.952	0.057	0.000	0.000	NaN	NaN	NaN	NaN	NaN	NaN	NaN	NaN	NaN	NaN	NaN	NaN	NaN	NaN	NaN	NaN	NaN	NaN	NaN	NaN	NaN	NaN	NaN	NaN	NaN	NaN	NaN	NaN	NaN	NaN	NaN	NaN	NaN
54.000	55.000	54.000	347.617	660.851	223.589	168.586	196.500	2.943	0.027	0.000	-0.050	55.000	54.000	259.500	660.851	193.092	151.138	161.200	8.183	0.027	0.000	0.001	55.000	54.000	291.028	660.851	190.553	146.533	164.500	10.057	0.306	-0.000	-0.267	55.000	54.000	299.651	660.851	214.158	156.100	178.864	6.932	0.176	-0.040	-0.103	NaN	NaN	NaN	NaN	NaN	NaN	NaN	NaN	NaN	NaN	NaN	55.000	54.000	263.348	660.851	186.731	163.636	183.474	16.583	0.038	-0.061	-0.144	55.000	54.000	202.393	660.851	160.798	162.387	181.429	19.979	0.027	0.000	0.000	NaN	NaN	NaN	NaN	NaN	NaN	NaN	NaN	NaN	NaN	NaN	NaN	NaN	NaN	NaN	NaN	NaN	NaN	NaN	NaN	NaN	NaN	NaN	NaN	NaN	NaN	NaN	NaN	NaN	NaN	NaN	NaN	NaN
55.000	56.000	55.000	315.326	661.423	230.787	172.138	212.444	2.870	-0.073	0.000	0.091	56.000	55.000	269.926	661.423	197.548	154.241	168.000	8.153	-0.030	-0.196	-0.130	56.000	55.000	293.619	661.423	192.300	141.731	156.647	10.337	0.279	0.186	-0.000	56.000	55.000	296.769	661.423	211.949	144.733	166.688	6.940	0.008	0.042	-0.119	NaN	NaN	NaN	NaN	NaN	NaN	NaN	NaN	NaN	NaN	NaN	56.000	55.000	265.644	661.423	187.132	152.581	162.304	16.824	0.241	-0.022	-0.289	56.000	55.000	210.207	661.423	161.420	149.871	161.111	19.819	-0.160	-0.290	-0.089	NaN	NaN	NaN	NaN	NaN	NaN	NaN	NaN	NaN	NaN	NaN	NaN	NaN	NaN	NaN	NaN	NaN	NaN	NaN	NaN	NaN	NaN	NaN	NaN	NaN	NaN	NaN	NaN	NaN	NaN	NaN	NaN	NaN
56.000	57.000	56.000	337.375	667.426	219.217	161.148	192.333	2.935	0.065	-0.049	-0.092	57.000	56.000	260.848	667.426	199.134	150.031	170.308	8.279	0.127	-0.064	0.000	57.000	56.000	327.292	667.426	198.050	147.276	160.571	11.075	0.739	0.267	-0.431	57.000	56.000	301.787	667.426	207.812	149.385	182.125	7.181	0.241	-0.049	-0.141	NaN	NaN	NaN	NaN	NaN	NaN	NaN	NaN	NaN	NaN	NaN	57.000	56.000	248.846	667.426	184.750	151.034	160.818	16.694	-0.130	0.000	0.022	57.000	56.000	210.250	667.426	164.134	158.893	179.462	19.892	0.073	-0.024	-0.145	NaN	NaN	NaN	NaN	NaN	NaN	NaN	NaN	NaN	NaN	NaN	NaN	NaN	NaN	NaN	NaN	NaN	NaN	NaN	NaN	NaN	NaN	NaN	NaN	NaN	NaN	NaN	NaN	NaN	NaN	NaN	NaN	NaN
57.000	58.000	57.000	340.689	665.117	216.162	163.633	184.143	2.897	-0.038	-0.040	-0.051	58.000	57.000	272.679	665.117	197.558	142.100	146.286	8.295	0.016	0.000	0.000	58.000	57.000	288.714	665.117	190.439	151.286	157.652	10.539	-0.536	0.062	0.554	58.000	57.000	312.140	665.117	212.328	147.286	168.357	7.124	-0.057	0.049	0.049	NaN	NaN	NaN	NaN	NaN	NaN	NaN	NaN	NaN	NaN	NaN	58.000	57.000	257.550	665.117	184.724	145.969	156.087	16.919	0.225	0.039	-0.206	58.000	57.000	212.828	665.117	164.427	164.310	179.875	19.643	-0.249	-0.089	0.145	NaN	NaN	NaN	NaN	NaN	NaN	NaN	NaN	NaN	NaN	NaN	NaN	NaN	NaN	NaN	NaN	NaN	NaN	NaN	NaN	NaN	NaN	NaN	NaN	NaN	NaN	NaN	NaN	NaN	NaN	NaN	NaN	NaN
58.000	59.000	58.000	316.978	666.375	214.549	164.467	187.500	2.778	-0.119	0.000	0.142	59.000	58.000	306.707	666.375	201.363	151.069	162.385	8.666	0.371	-0.001	-0.261	59.000	58.000	276.571	666.375	190.116	143.037	158.222	10.474	-0.065	0.081	0.143	59.000	58.000	299.279	666.375	209.919	148.621	177.182	6.519	-0.605	-0.269	0.336	NaN	NaN	NaN	NaN	NaN	NaN	NaN	NaN	NaN	NaN	NaN	59.000	58.000	263.978	666.375	186.590	149.655	170.769	17.317	0.398	0.184	-0.144	59.000	58.000	208.893	666.375	166.094	149.407	160.238	19.754	0.111	0.057	0.000	NaN	NaN	NaN	NaN	NaN	NaN	NaN	NaN	NaN	NaN	NaN	NaN	NaN	NaN	NaN	NaN	NaN	NaN	NaN	NaN	NaN	NaN	NaN	NaN	NaN	NaN	NaN	NaN	NaN	NaN	NaN	NaN	NaN
59.000	60.000	59.000	305.830	664.280	214.739	169.788	188.045	2.824	0.046	0.000	-0.013	60.000	59.000	306.067	664.280	206.832	143.833	157.200	8.482	-0.184	0.000	0.065	60.000	59.000	272.639	664.280	194.219	147.621	161.412	10.539	0.065	0.124	-0.000	60.000	59.000	278.872	664.280	202.808	146.621	165.500	5.937	-0.582	-0.000	0.529	NaN	NaN	NaN	NaN	NaN	NaN	NaN	NaN	NaN	NaN	NaN	60.000	59.000	258.267	664.280	185.285	146.774	169.000	17.382	0.065	0.000	-0.061	60.000	59.000	213.100	664.280	166.324	148.926	178.143	19.800	0.046	0.000	-0.089	NaN	NaN	NaN	NaN	NaN	NaN	NaN	NaN	NaN	NaN	NaN	NaN	NaN	NaN	NaN	NaN	NaN	NaN	NaN	NaN	NaN	NaN	NaN	NaN	NaN	NaN	NaN	NaN	NaN	NaN	NaN	NaN	NaN
60.000	61.000	60.000	300.683	661.101	220.137	167.562	183.227	2.583	-0.241	0.052	0.194	61.000	60.000	285.970	661.101	205.398	149.714	161.500	8.436	-0.046	0.000	0.131	61.000	60.000	227.111	661.101	182.345	147.778	155.438	9.170	-1.370	0.106	1.276	61.000	60.000	253.711	661.101	204.803	154.900	179.800	5.542	-0.395	-0.091	0.389	NaN	NaN	NaN	NaN	NaN	NaN	NaN	NaN	NaN	NaN	NaN	61.000	60.000	271.846	661.101	184.753	153.536	174.769	17.401	0.019	0.083	-0.022	61.000	60.000	214.742	661.101	166.359	149.360	158.647	19.754	-0.046	-0.056	0.056	NaN	NaN	NaN	NaN	NaN	NaN	NaN	NaN	NaN	NaN	NaN	NaN	NaN	NaN	NaN	NaN	NaN	NaN	NaN	NaN	NaN	NaN	NaN	NaN	NaN	NaN	NaN	NaN	NaN	NaN	NaN	NaN	NaN
61.000	62.000	61.000	307.523	662.987	219.014	169.741	203.923	2.678	0.095	-0.053	-0.069	62.000	61.000	299.541	662.987	206.711	150.733	162.467	8.467	0.030	0.000	-0.196	62.000	61.000	285.833	662.987	191.528	156.156	166.714	10.245	1.075	-0.099	-0.884	62.000	61.000	287.886	662.987	205.678	153.300	175.778	5.791	0.249	-0.000	-0.222	NaN	NaN	NaN	NaN	NaN	NaN	NaN	NaN	NaN	NaN	NaN	62.000	61.000	267.444	662.987	186.966	154.969	164.615	17.439	0.038	0.040	-0.061	62.000	61.000	210.906	662.987	167.175	148.100	156.960	19.605	-0.149	0.000	0.089	NaN	NaN	NaN	NaN	NaN	NaN	NaN	NaN	NaN	NaN	NaN	NaN	NaN	NaN	NaN	NaN	NaN	NaN	NaN	NaN	NaN	NaN	NaN	NaN	NaN	NaN	NaN	NaN	NaN	NaN	NaN	NaN	NaN
62.000	63.000	62.000	259.395	663.934	204.720	168.667	187.545	2.429	-0.249	0.000	0.270	63.000	62.000	298.323	663.934	208.514	145.741	158.222	8.509	0.043	0.000	0.000	63.000	62.000	290.622	663.934	192.745	164.781	174.500	10.707	0.463	0.187	-0.286	63.000	62.000	296.311	663.934	201.922	144.161	175.900	6.048	0.257	0.052	-0.273	NaN	NaN	NaN	NaN	NaN	NaN	NaN	NaN	NaN	NaN	NaN	63.000	62.000	269.615	663.934	188.726	151.276	170.857	17.634	0.195	0.123	0.000	63.000	62.000	203.690	663.934	167.129	149.536	163.800	19.578	-0.027	0.000	0.000	NaN	NaN	NaN	NaN	NaN	NaN	NaN	NaN	NaN	NaN	NaN	NaN	NaN	NaN	NaN	NaN	NaN	NaN	NaN	NaN	NaN	NaN	NaN	NaN	NaN	NaN	NaN	NaN	NaN	NaN	NaN	NaN	NaN
63.000	64.000	63.000	265.450	666.179	202.854	158.069	176.294	2.643	0.214	0.088	-0.196	64.000	63.000	275.833	666.179	206.779	144.750	151.333	8.520	0.011	0.000	0.131	64.000	63.000	292.200	666.179	198.498	151.212	164.778	11.308	0.601	0.125	-0.491	64.000	63.000	311.761	666.179	203.003	147.462	177.818	6.086	0.038	-0.011	-0.051	NaN	NaN	NaN	NaN	NaN	NaN	NaN	NaN	NaN	NaN	NaN	64.000	63.000	267.800	666.179	189.422	145.970	164.462	17.856	0.222	0.164	0.000	64.000	63.000	206.968	666.179	168.178	148.367	168.545	19.732	0.154	0.000	-0.032	NaN	NaN	NaN	NaN	NaN	NaN	NaN	NaN	NaN	NaN	NaN	NaN	NaN	NaN	NaN	NaN	NaN	NaN	NaN	NaN	NaN	NaN	NaN	NaN	NaN	NaN	NaN	NaN	NaN	NaN	NaN	NaN	NaN
64.000	65.000	64.000	302.860	667.929	208.936	161.219	180.929	2.938	0.295	-0.030	-0.233	65.000	64.000	285.472	667.929	202.165	146.333	165.800	8.360	-0.160	-0.065	0.065	65.000	64.000	301.109	667.929	199.994	148.857	155.094	11.836	0.528	0.200	-0.142	65.000	64.000	274.378	667.929	188.933	144.000	163.850	5.837	-0.249	-0.039	0.273	NaN	NaN	NaN	NaN	NaN	NaN	NaN	NaN	NaN	NaN	NaN	65.000	64.000	279.056	667.929	190.541	144.188	156.133	18.197	0.341	0.145	-0.144	65.000	64.000	206.660	667.929	169.390	153.852	164.474	19.827	0.095	0.000	0.024	NaN	NaN	NaN	NaN	NaN	NaN	NaN	NaN	NaN	NaN	NaN	NaN	NaN	NaN	NaN	NaN	NaN	NaN	NaN	NaN	NaN	NaN	NaN	NaN	NaN	NaN	NaN	NaN	NaN	NaN	NaN	NaN	NaN
65.000	66.000	65.000	277.125	665.655	201.534	155.214	170.722	2.857	-0.081	0.000	-0.005	66.000	65.000	300.939	665.655	202.783	148.828	161.750	8.306	-0.054	0.000	0.000	66.000	65.000	261.714	665.655	188.380	147.382	155.652	10.933	-0.903	0.063	0.851	66.000	65.000	266.489	665.655	185.685	139.871	156.824	5.707	-0.130	0.052	0.091	NaN	NaN	NaN	NaN	NaN	NaN	NaN	NaN	NaN	NaN	NaN	66.000	65.000	270.784	665.655	187.140	147.517	164.083	18.446	0.249	0.147	0.000	66.000	65.000	206.486	665.655	170.102	149.759	162.625	19.694	-0.133	0.000	0.032	NaN	NaN	NaN	NaN	NaN	NaN	NaN	NaN	NaN	NaN	NaN	NaN	NaN	NaN	NaN	NaN	NaN	NaN	NaN	NaN	NaN	NaN	NaN	NaN	NaN	NaN	NaN	NaN	NaN	NaN	NaN	NaN	NaN
66.000	67.000	66.000	271.690	668.359	197.535	162.828	175.125	2.842	-0.016	-0.061	0.068	67.000	66.000	269.083	668.359	198.049	134.962	144.294	8.314	0.008	0.065	0.065	67.000	66.000	247.179	668.359	184.830	142.875	159.182	10.367	-0.566	-0.093	0.268	67.000	66.000	257.674	668.359	185.553	142.308	167.900	5.810	0.103	-0.052	-0.091	NaN	NaN	NaN	NaN	NaN	NaN	NaN	NaN	NaN	NaN	NaN	67.000	66.000	284.275	668.359	188.521	144.226	150.870	18.511	0.065	0.040	0.020	67.000	66.000	207.414	668.359	169.351	146.615	156.000	19.613	-0.081	0.025	0.032	NaN	NaN	NaN	NaN	NaN	NaN	NaN	NaN	NaN	NaN	NaN	NaN	NaN	NaN	NaN	NaN	NaN	NaN	NaN	NaN	NaN	NaN	NaN	NaN	NaN	NaN	NaN	NaN	NaN	NaN	NaN	NaN	NaN
67.000	68.000	67.000	293.419	667.121	201.073	160.423	177.125	3.010	0.168	0.000	-0.184	68.000	67.000	288.861	667.121	202.615	145.733	152.480	8.487	0.173	0.002	-0.067	68.000	67.000	285.810	667.121	185.721	147.226	163.611	11.166	0.799	-0.063	-0.663	68.000	67.000	262.217	667.121	184.566	147.077	166.500	5.921	0.111	-0.000	-0.091	NaN	NaN	NaN	NaN	NaN	NaN	NaN	NaN	NaN	NaN	NaN	68.000	67.000	278.350	667.121	188.967	135.214	142.737	18.503	-0.008	0.104	0.062	68.000	67.000	204.690	667.121	168.347	157.333	179.000	19.678	0.065	0.145	0.000	NaN	NaN	NaN	NaN	NaN	NaN	NaN	NaN	NaN	NaN	NaN	NaN	NaN	NaN	NaN	NaN	NaN	NaN	NaN	NaN	NaN	NaN	NaN	NaN	NaN	NaN	NaN	NaN	NaN	NaN	NaN	NaN	NaN
68.000	69.000	68.000	319.826	659.012	209.693	163.926	186.125	3.075	0.065	0.000	-0.062	69.000	68.000	283.632	659.012	199.127	142.500	156.462	8.349	-0.138	-0.067	0.063	69.000	68.000	246.233	659.012	180.942	150.897	160.276	10.505	-0.661	-0.028	0.599	69.000	68.000	269.605	659.012	186.743	142.100	164.882	5.975	0.054	-0.000	-0.091	NaN	NaN	NaN	NaN	NaN	NaN	NaN	NaN	NaN	NaN	NaN	69.000	68.000	233.000	659.012	183.830	139.133	150.833	17.856	-0.647	0.168	0.716	69.000	68.000	209.552	659.012	169.886	158.167	166.174	19.594	-0.084	-0.170	0.032	NaN	NaN	NaN	NaN	NaN	NaN	NaN	NaN	NaN	NaN	NaN	NaN	NaN	NaN	NaN	NaN	NaN	NaN	NaN	NaN	NaN	NaN	NaN	NaN	NaN	NaN	NaN	NaN	NaN	NaN	NaN	NaN	NaN
69.000	70.000	69.000	252.250	662.028	196.949	162.094	176.364	2.574	-0.501	0.000	0.411	70.000	69.000	276.395	662.028	196.486	146.833	175.200	8.414	0.065	-0.065	-0.065	70.000	69.000	267.911	662.028	182.672	139.000	148.824	11.350	0.845	0.127	-0.663	70.000	69.000	253.217	662.028	185.480	139.267	163.176	5.837	-0.138	-0.000	0.182	NaN	NaN	NaN	NaN	NaN	NaN	NaN	NaN	NaN	NaN	NaN	70.000	69.000	221.214	662.028	186.689	138.200	146.571	17.998	0.141	0.294	0.143	70.000	69.000	223.857	662.028	169.798	153.793	166.632	19.686	0.092	0.056	-0.121	NaN	NaN	NaN	NaN	NaN	NaN	NaN	NaN	NaN	NaN	NaN	NaN	NaN	NaN	NaN	NaN	NaN	NaN	NaN	NaN	NaN	NaN	NaN	NaN	NaN	NaN	NaN	NaN	NaN	NaN	NaN	NaN	NaN
70.000	71.000	70.000	296.875	665.649	202.806	159.633	182.615	2.838	0.265	0.000	-0.291	71.000	70.000	288.809	665.649	196.806	143.889	150.737	8.525	0.111	0.065	0.000	71.000	70.000	271.738	665.649	181.662	143.613	159.571	11.269	-0.081	-0.000	0.064	71.000	70.000	316.395	665.649	200.044	139.808	170.636	7.192	1.355	-0.000	-1.367	NaN	NaN	NaN	NaN	NaN	NaN	NaN	NaN	NaN	NaN	NaN	71.000	70.000	244.321	665.649	186.705	137.500	146.733	18.300	0.303	0.062	-0.205	71.000	70.000	212.676	665.649	169.483	147.345	161.722	19.816	0.130	-0.056	0.000	NaN	NaN	NaN	NaN	NaN	NaN	NaN	NaN	NaN	NaN	NaN	NaN	NaN	NaN	NaN	NaN	NaN	NaN	NaN	NaN	NaN	NaN	NaN	NaN	NaN	NaN	NaN	NaN	NaN	NaN	NaN	NaN	NaN
71.000	72.000	71.000	312.062	663.455	207.663	161.926	180.588	3.052	0.214	0.000	-0.145	72.000	71.000	277.690	663.455	201.677	144.517	156.429	8.035	-0.490	0.000	0.261	72.000	71.000	265.889	663.455	186.915	151.406	169.067	11.223	-0.046	0.093	-0.000	72.000	71.000	309.829	663.455	195.510	150.074	170.833	7.295	0.103	-0.000	-0.106	NaN	NaN	NaN	NaN	NaN	NaN	NaN	NaN	NaN	NaN	NaN	72.000	71.000	252.333	663.455	185.054	136.000	143.500	18.284	-0.016	0.000	0.000	72.000	71.000	212.207	663.455	169.222	148.633	162.765	19.548	-0.268	-0.056	0.000	NaN	NaN	NaN	NaN	NaN	NaN	NaN	NaN	NaN	NaN	NaN	NaN	NaN	NaN	NaN	NaN	NaN	NaN	NaN	NaN	NaN	NaN	NaN	NaN	NaN	NaN	NaN	NaN	NaN	NaN	NaN	NaN	NaN
72.000	73.000	72.000	305.957	664.225	202.265	156.897	174.875	3.007	-0.046	0.000	0.052	73.000	72.000	293.422	664.225	205.339	142.115	153.941	8.498	0.463	0.065	-0.262	73.000	72.000	275.897	664.225	180.015	138.237	150.769	11.145	-0.078	-2.065	-0.326	73.000	72.000	324.000	664.225	198.183	150.222	171.875	7.452	0.157	-0.000	-0.091	NaN	NaN	NaN	NaN	NaN	NaN	NaN	NaN	NaN	NaN	NaN	73.000	72.000	260.767	664.225	182.894	135.829	150.000	18.969	0.685	0.501	-0.063	73.000	72.000	213.586	664.225	168.452	146.259	160.867	19.464	-0.084	-0.089	0.000	NaN	NaN	NaN	NaN	NaN	NaN	NaN	NaN	NaN	NaN	NaN	NaN	NaN	NaN	NaN	NaN	NaN	NaN	NaN	NaN	NaN	NaN	NaN	NaN	NaN	NaN	NaN	NaN	NaN	NaN	NaN	NaN	NaN
73.000	74.000	73.000	303.432	517.832	204.207	162.333	188.133	2.922	-0.084	0.000	0.118	74.000	73.000	273.029	517.832	200.305	144.586	155.133	7.889	-0.609	-0.065	0.391	74.000	73.000	170.143	517.832	158.250	158.250	169.500	0.238	-10.907	-0.087	7.180	74.000	73.000	153.200	517.832	143.714	139.500	148.667	0.433	-7.020	0.233	6.628	NaN	NaN	NaN	NaN	NaN	NaN	NaN	NaN	NaN	NaN	NaN	74.000	73.000	264.759	517.832	185.106	142.975	150.806	18.766	-0.203	-0.188	0.000	74.000	73.000	209.172	517.832	169.639	156.655	176.900	19.288	-0.176	-0.168	-0.033	NaN	NaN	NaN	NaN	NaN	NaN	NaN	NaN	NaN	NaN	NaN	NaN	NaN	NaN	NaN	NaN	NaN	NaN	NaN	NaN	NaN	NaN	NaN	NaN	NaN	NaN	NaN	NaN	NaN	NaN	NaN	NaN	NaN
74.000	75.000	74.000	294.558	658.633	197.464	156.654	168.217	2.831	-0.092	0.000	0.059	75.000	74.000	272.059	658.633	202.904	143.192	155.350	7.713	-0.176	0.001	0.195	NaN	NaN	NaN	NaN	NaN	NaN	NaN	NaN	NaN	NaN	NaN	75.000	74.000	250.633	658.633	193.137	148.677	174.737	6.626	6.194	-0.102	-5.980	NaN	NaN	NaN	NaN	NaN	NaN	NaN	NaN	NaN	NaN	NaN	75.000	74.000	258.857	658.633	187.294	148.324	157.762	18.869	0.103	0.314	0.080	75.000	74.000	224.200	658.633	170.797	158.000	169.150	19.740	0.452	-0.089	-0.245	NaN	NaN	NaN	NaN	NaN	NaN	NaN	NaN	NaN	NaN	NaN	NaN	NaN	NaN	NaN	NaN	NaN	NaN	NaN	NaN	NaN	NaN	NaN	NaN	NaN	NaN	NaN	NaN	NaN	NaN	NaN	NaN	NaN
75.000	76.000	75.000	297.000	656.840	195.423	159.654	181.000	2.896	0.065	0.000	-0.059	76.000	75.000	281.413	656.840	204.772	136.900	148.632	7.870	0.157	-0.001	-0.001	NaN	NaN	NaN	NaN	NaN	NaN	NaN	NaN	NaN	NaN	NaN	76.000	75.000	256.235	656.840	192.203	147.192	167.706	6.519	-0.108	-0.091	0.039	NaN	NaN	NaN	NaN	NaN	NaN	NaN	NaN	NaN	NaN	NaN	76.000	75.000	258.419	656.840	187.664	151.062	162.609	19.248	0.379	0.205	-0.063	76.000	75.000	215.976	656.840	170.353	154.138	179.375	19.472	-0.268	-0.056	0.089	NaN	NaN	NaN	NaN	NaN	NaN	NaN	NaN	NaN	NaN	NaN	NaN	NaN	NaN	NaN	NaN	NaN	NaN	NaN	NaN	NaN	NaN	NaN	NaN	NaN	NaN	NaN	NaN	NaN	NaN	NaN	NaN	NaN
76.000	77.000	76.000	272.025	658.895	192.090	156.862	170.500	2.758	-0.138	0.000	0.049	77.000	76.000	303.522	658.895	208.320	143.483	154.421	7.786	-0.084	0.000	0.065	NaN	NaN	NaN	NaN	NaN	NaN	NaN	NaN	NaN	NaN	NaN	77.000	76.000	271.381	658.895	193.895	143.179	161.867	6.989	0.471	0.015	-0.340	NaN	NaN	NaN	NaN	NaN	NaN	NaN	NaN	NaN	NaN	NaN	77.000	76.000	268.622	658.895	188.435	144.586	159.688	19.466	0.217	0.240	-0.063	77.000	76.000	219.689	658.895	172.394	150.600	164.625	19.602	0.130	-0.056	-0.034	NaN	NaN	NaN	NaN	NaN	NaN	NaN	NaN	NaN	NaN	NaN	NaN	NaN	NaN	NaN	NaN	NaN	NaN	NaN	NaN	NaN	NaN	NaN	NaN	NaN	NaN	NaN	NaN	NaN	NaN	NaN	NaN	NaN
77.000	78.000	77.000	280.056	654.674	190.292	161.214	175.611	2.739	-0.019	0.000	-0.085	78.000	77.000	251.815	654.674	168.650	142.462	155.154	5.161	-2.625	0.065	2.007	NaN	NaN	NaN	NaN	NaN	NaN	NaN	NaN	NaN	NaN	NaN	78.000	77.000	280.238	654.674	193.486	143.138	168.056	6.997	0.008	-0.052	-0.039	NaN	NaN	NaN	NaN	NaN	NaN	NaN	NaN	NaN	NaN	NaN	78.000	77.000	276.919	654.674	188.764	144.355	160.750	19.439	-0.027	-0.063	0.000	78.000	77.000	218.783	654.674	173.331	150.333	166.278	19.648	0.046	0.000	0.000	NaN	NaN	NaN	NaN	NaN	NaN	NaN	NaN	NaN	NaN	NaN	NaN	NaN	NaN	NaN	NaN	NaN	NaN	NaN	NaN	NaN	NaN	NaN	NaN	NaN	NaN	NaN	NaN	NaN	NaN	NaN	NaN	NaN
78.000	79.000	78.000	311.250	653.959	194.264	154.300	173.167	3.018	0.279	0.000	-0.099	79.000	78.000	253.607	653.959	171.986	145.433	158.400	5.180	0.019	0.000	0.000	NaN	NaN	NaN	NaN	NaN	NaN	NaN	NaN	NaN	NaN	NaN	79.000	78.000	328.628	653.959	212.586	147.962	174.000	7.739	0.742	-0.000	-0.666	NaN	NaN	NaN	NaN	NaN	NaN	NaN	NaN	NaN	NaN	NaN	79.000	78.000	270.804	653.959	187.667	149.971	166.176	19.247	-0.192	-0.063	0.143	79.000	78.000	236.667	653.959	173.010	144.192	157.308	19.594	-0.054	-0.066	-0.145	NaN	NaN	NaN	NaN	NaN	NaN	NaN	NaN	NaN	NaN	NaN	NaN	NaN	NaN	NaN	NaN	NaN	NaN	NaN	NaN	NaN	NaN	NaN	NaN	NaN	NaN	NaN	NaN	NaN	NaN	NaN	NaN	NaN
79.000	80.000	79.000	253.588	653.811	188.012	150.964	160.783	2.620	-0.398	0.061	0.288	80.000	79.000	249.207	653.811	170.290	145.821	152.500	5.375	0.195	-0.065	-0.262	NaN	NaN	NaN	NaN	NaN	NaN	NaN	NaN	NaN	NaN	NaN	80.000	79.000	264.559	653.811	191.837	147.154	169.143	6.316	-1.423	-0.000	1.160	NaN	NaN	NaN	NaN	NaN	NaN	NaN	NaN	NaN	NaN	NaN	80.000	79.000	283.333	653.811	190.574	141.543	149.962	19.106	-0.141	0.143	0.285	80.000	79.000	229.978	653.811	171.215	144.360	157.000	19.716	0.122	0.145	0.000	NaN	NaN	NaN	NaN	NaN	NaN	NaN	NaN	NaN	NaN	NaN	NaN	NaN	NaN	NaN	NaN	NaN	NaN	NaN	NaN	NaN	NaN	NaN	NaN	NaN	NaN	NaN	NaN	NaN	NaN	NaN	NaN	NaN
80.000	81.000	80.000	258.172	659.389	184.339	155.720	168.800	2.528	-0.092	-0.061	0.000	81.000	80.000	240.074	659.389	168.480	141.700	155.353	5.551	0.176	0.065	-0.065	NaN	NaN	NaN	NaN	NaN	NaN	NaN	NaN	NaN	NaN	NaN	81.000	80.000	298.636	659.389	206.330	141.346	160.789	7.398	1.083	-0.180	-1.139	NaN	NaN	NaN	NaN	NaN	NaN	NaN	NaN	NaN	NaN	NaN	81.000	80.000	256.400	659.389	186.950	151.581	166.938	18.570	-0.536	-0.250	0.285	81.000	80.000	233.477	659.389	172.512	141.963	149.000	19.962	0.246	0.089	-0.089	NaN	NaN	NaN	NaN	NaN	NaN	NaN	NaN	NaN	NaN	NaN	NaN	NaN	NaN	NaN	NaN	NaN	NaN	NaN	NaN	NaN	NaN	NaN	NaN	NaN	NaN	NaN	NaN	NaN	NaN	NaN	NaN	NaN
81.000	82.000	81.000	279.125	655.667	188.605	164.667	176.409	2.704	0.176	-0.061	-0.123	82.000	81.000	238.207	655.667	164.359	135.871	148.500	5.597	0.046	-0.002	-0.065	NaN	NaN	NaN	NaN	NaN	NaN	NaN	NaN	NaN	NaN	NaN	82.000	81.000	314.235	655.667	205.418	146.100	161.375	7.242	-0.157	-0.269	-0.090	NaN	NaN	NaN	NaN	NaN	NaN	NaN	NaN	NaN	NaN	NaN	82.000	81.000	244.607	655.667	182.486	144.562	152.609	17.055	-1.515	-0.032	1.073	82.000	81.000	200.297	655.667	170.215	146.074	158.077	19.334	-0.628	-0.145	0.267	NaN	NaN	NaN	NaN	NaN	NaN	NaN	NaN	NaN	NaN	NaN	NaN	NaN	NaN	NaN	NaN	NaN	NaN	NaN	NaN	NaN	NaN	NaN	NaN	NaN	NaN	NaN	NaN	NaN	NaN	NaN	NaN	NaN
82.000	83.000	82.000	273.034	652.029	183.978	155.500	171.368	2.387	-0.317	-0.086	0.095	83.000	82.000	241.333	652.029	170.751	142.889	155.000	5.505	-0.092	0.002	0.065	NaN	NaN	NaN	NaN	NaN	NaN	NaN	NaN	NaN	NaN	NaN	83.000	82.000	297.381	652.029	195.865	143.259	159.526	6.993	-0.249	-0.000	0.306	NaN	NaN	NaN	NaN	NaN	NaN	NaN	NaN	NaN	NaN	NaN	83.000	82.000	252.786	652.029	185.243	150.517	161.529	18.042	0.988	0.554	-0.205	83.000	82.000	212.523	652.029	170.105	140.182	145.688	19.586	0.252	0.000	-0.123	NaN	NaN	NaN	NaN	NaN	NaN	NaN	NaN	NaN	NaN	NaN	NaN	NaN	NaN	NaN	NaN	NaN	NaN	NaN	NaN	NaN	NaN	NaN	NaN	NaN	NaN	NaN	NaN	NaN	NaN	NaN	NaN	NaN
83.000	84.000	83.000	233.865	649.094	178.042	151.964	163.000	2.188	-0.198	0.014	0.215	84.000	83.000	226.926	649.094	162.737	136.679	150.769	5.486	-0.019	0.000	0.065	NaN	NaN	NaN	NaN	NaN	NaN	NaN	NaN	NaN	NaN	NaN	84.000	83.000	310.568	649.094	196.236	146.667	170.882	7.112	0.119	-0.000	-0.144	NaN	NaN	NaN	NaN	NaN	NaN	NaN	NaN	NaN	NaN	NaN	84.000	83.000	226.222	649.094	184.014	162.091	176.857	18.448	0.406	0.339	0.141	84.000	83.000	202.907	649.094	168.871	135.708	151.250	19.548	-0.038	0.089	0.089	NaN	NaN	NaN	NaN	NaN	NaN	NaN	NaN	NaN	NaN	NaN	NaN	NaN	NaN	NaN	NaN	NaN	NaN	NaN	NaN	NaN	NaN	NaN	NaN	NaN	NaN	NaN	NaN	NaN	NaN	NaN	NaN	NaN
84.000	85.000	84.000	268.378	657.992	181.288	149.929	160.700	2.418	0.230	0.000	-0.182	85.000	84.000	247.655	657.992	169.442	140.385	146.842	5.759	0.273	0.000	-0.128	NaN	NaN	NaN	NaN	NaN	NaN	NaN	NaN	NaN	NaN	NaN	85.000	84.000	327.093	657.992	200.645	148.077	169.950	7.280	0.168	-0.000	-0.109	NaN	NaN	NaN	NaN	NaN	NaN	NaN	NaN	NaN	NaN	NaN	85.000	84.000	262.103	657.992	185.642	170.294	183.238	18.827	0.379	0.030	-0.283	85.000	84.000	217.348	657.992	168.103	134.542	145.636	19.824	0.276	0.000	-0.178	NaN	NaN	NaN	NaN	NaN	NaN	NaN	NaN	NaN	NaN	NaN	NaN	NaN	NaN	NaN	NaN	NaN	NaN	NaN	NaN	NaN	NaN	NaN	NaN	NaN	NaN	NaN	NaN	NaN	NaN	NaN	NaN	NaN
85.000	86.000	85.000	264.738	655.485	179.353	151.483	174.111	2.307	-0.111	0.044	0.052	86.000	85.000	255.483	655.485	174.378	142.828	151.450	5.613	-0.146	-0.065	0.000	NaN	NaN	NaN	NaN	NaN	NaN	NaN	NaN	NaN	NaN	NaN	86.000	85.000	321.953	655.485	203.708	147.069	161.789	7.196	-0.084	-0.000	0.054	NaN	NaN	NaN	NaN	NaN	NaN	NaN	NaN	NaN	NaN	NaN	86.000	85.000	249.559	655.485	187.238	173.389	190.783	18.735	-0.092	-0.237	-0.157	86.000	85.000	237.196	655.485	170.435	139.542	147.750	20.268	0.444	0.089	-0.413	NaN	NaN	NaN	NaN	NaN	NaN	NaN	NaN	NaN	NaN	NaN	NaN	NaN	NaN	NaN	NaN	NaN	NaN	NaN	NaN	NaN	NaN	NaN	NaN	NaN	NaN	NaN	NaN	NaN	NaN	NaN	NaN	NaN
86.000	87.000	86.000	268.410	647.792	183.176	151.200	182.000	2.234	-0.073	-0.041	0.041	87.000	86.000	223.111	647.792	168.550	142.621	154.385	5.770	0.157	0.128	-0.002	NaN	NaN	NaN	NaN	NaN	NaN	NaN	NaN	NaN	NaN	NaN	87.000	86.000	315.949	647.792	200.837	146.423	171.267	6.901	-0.295	-0.000	0.234	NaN	NaN	NaN	NaN	NaN	NaN	NaN	NaN	NaN	NaN	NaN	87.000	86.000	214.585	647.792	178.113	174.647	206.667	15.639	-3.096	-0.063	2.737	87.000	86.000	232.860	647.792	168.363	138.308	143.130	20.268	0.000	0.200	0.145	NaN	NaN	NaN	NaN	NaN	NaN	NaN	NaN	NaN	NaN	NaN	NaN	NaN	NaN	NaN	NaN	NaN	NaN	NaN	NaN	NaN	NaN	NaN	NaN	NaN	NaN	NaN	NaN	NaN	NaN	NaN	NaN	NaN
87.000	88.000	87.000	267.154	650.021	184.264	153.280	162.864	2.253	0.019	0.000	-0.014	88.000	87.000	222.481	650.021	170.309	146.929	161.250	5.540	-0.230	-0.128	0.067	NaN	NaN	NaN	NaN	NaN	NaN	NaN	NaN	NaN	NaN	NaN	88.000	87.000	302.667	650.021	194.337	141.900	159.333	6.809	-0.092	-0.035	0.144	NaN	NaN	NaN	NaN	NaN	NaN	NaN	NaN	NaN	NaN	NaN	88.000	87.000	236.214	650.021	188.530	173.971	192.778	17.655	2.016	-0.032	-1.907	88.000	87.000	205.237	650.021	168.272	130.619	148.000	19.900	-0.368	0.201	0.478	NaN	NaN	NaN	NaN	NaN	NaN	NaN	NaN	NaN	NaN	NaN	NaN	NaN	NaN	NaN	NaN	NaN	NaN	NaN	NaN	NaN	NaN	NaN	NaN	NaN	NaN	NaN	NaN	NaN	NaN	NaN	NaN	NaN
88.000	89.000	88.000	273.100	645.109	182.414	152.893	165.095	2.253	0.000	0.000	0.037	89.000	88.000	234.889	645.109	177.435	146.778	159.533	5.762	0.222	0.000	-0.194	NaN	NaN	NaN	NaN	NaN	NaN	NaN	NaN	NaN	NaN	NaN	89.000	88.000	293.143	645.109	197.145	145.815	171.294	6.847	0.038	-0.055	-0.109	NaN	NaN	NaN	NaN	NaN	NaN	NaN	NaN	NaN	NaN	NaN	89.000	88.000	227.850	645.109	176.694	174.853	214.583	15.501	-2.154	-0.063	1.921	89.000	88.000	205.968	645.109	166.797	133.857	139.111	19.873	-0.027	0.145	0.122	NaN	NaN	NaN	NaN	NaN	NaN	NaN	NaN	NaN	NaN	NaN	NaN	NaN	NaN	NaN	NaN	NaN	NaN	NaN	NaN	NaN	NaN	NaN	NaN	NaN	NaN	NaN	NaN	NaN	NaN	NaN	NaN	NaN
89.000	90.000	89.000	279.711	653.327	188.665	156.321	175.923	2.448	0.195	0.000	-0.166	90.000	89.000	232.333	653.327	181.024	144.207	157.857	5.705	-0.057	0.000	0.130	NaN	NaN	NaN	NaN	NaN	NaN	NaN	NaN	NaN	NaN	NaN	90.000	89.000	282.279	653.327	199.422	145.500	173.071	6.690	-0.157	-0.000	0.144	NaN	NaN	NaN	NaN	NaN	NaN	NaN	NaN	NaN	NaN	NaN	90.000	89.000	244.550	653.327	188.297	165.618	187.000	18.034	2.533	0.000	-2.396	90.000	89.000	220.696	653.327	166.693	141.619	145.800	20.382	0.509	0.112	-0.155	NaN	NaN	NaN	NaN	NaN	NaN	NaN	NaN	NaN	NaN	NaN	NaN	NaN	NaN	NaN	NaN	NaN	NaN	NaN	NaN	NaN	NaN	NaN	NaN	NaN	NaN	NaN	NaN	NaN	NaN	NaN	NaN	NaN
90.000	91.000	90.000	255.978	649.350	179.388	152.286	166.450	2.422	-0.027	0.000	0.055	91.000	90.000	225.889	649.350	168.920	143.346	151.625	4.454	-1.251	-0.002	1.100	NaN	NaN	NaN	NaN	NaN	NaN	NaN	NaN	NaN	NaN	NaN	91.000	90.000	295.810	649.350	197.564	144.357	160.538	6.874	0.184	0.055	-0.145	NaN	NaN	NaN	NaN	NaN	NaN	NaN	NaN	NaN	NaN	NaN	91.000	90.000	238.974	649.350	188.979	172.618	190.455	17.747	-0.287	-0.063	0.205	91.000	90.000	208.645	649.350	165.663	133.182	137.722	20.030	-0.352	0.089	0.243	NaN	NaN	NaN	NaN	NaN	NaN	NaN	NaN	NaN	NaN	NaN	NaN	NaN	NaN	NaN	NaN	NaN	NaN	NaN	NaN	NaN	NaN	NaN	NaN	NaN	NaN	NaN	NaN	NaN	NaN	NaN	NaN	NaN
91.000	92.000	91.000	292.844	652.443	184.498	153.192	163.773	2.578	0.157	-0.053	-0.181	92.000	91.000	245.862	652.443	175.143	143.655	150.762	4.817	0.363	0.000	-0.389	NaN	NaN	NaN	NaN	NaN	NaN	NaN	NaN	NaN	NaN	NaN	92.000	91.000	297.523	652.443	199.179	143.233	155.684	6.958	0.084	-0.000	-0.000	NaN	NaN	NaN	NaN	NaN	NaN	NaN	NaN	NaN	NaN	NaN	92.000	91.000	247.571	652.443	189.871	167.800	187.524	17.831	0.084	-0.063	-0.126	92.000	91.000	213.800	652.443	167.379	135.261	139.421	20.076	0.046	0.033	0.000	NaN	NaN	NaN	NaN	NaN	NaN	NaN	NaN	NaN	NaN	NaN	NaN	NaN	NaN	NaN	NaN	NaN	NaN	NaN	NaN	NaN	NaN	NaN	NaN	NaN	NaN	NaN	NaN	NaN	NaN	NaN	NaN	NaN
92.000	93.000	92.000	293.436	649.479	184.270	154.071	166.278	2.559	-0.019	0.000	-0.077	93.000	92.000	232.296	649.479	180.006	142.519	153.062	5.177	0.360	0.000	-0.262	NaN	NaN	NaN	NaN	NaN	NaN	NaN	NaN	NaN	NaN	NaN	93.000	92.000	262.571	649.479	199.536	149.172	183.100	6.127	-0.831	-0.000	0.558	NaN	NaN	NaN	NaN	NaN	NaN	NaN	NaN	NaN	NaN	NaN	93.000	92.000	239.056	649.479	192.096	172.059	189.000	17.636	-0.195	-0.063	0.063	93.000	92.000	218.629	649.479	166.285	131.542	147.625	20.260	0.184	0.056	-0.122	NaN	NaN	NaN	NaN	NaN	NaN	NaN	NaN	NaN	NaN	NaN	NaN	NaN	NaN	NaN	NaN	NaN	NaN	NaN	NaN	NaN	NaN	NaN	NaN	NaN	NaN	NaN	NaN	NaN	NaN	NaN	NaN	NaN
93.000	94.000	93.000	287.977	652.507	184.102	154.586	172.933	2.754	0.195	0.000	-0.056	94.000	93.000	234.852	652.507	169.314	142.867	154.118	5.077	-0.100	0.003	0.000	NaN	NaN	NaN	NaN	NaN	NaN	NaN	NaN	NaN	NaN	NaN	94.000	93.000	253.244	652.507	189.482	149.000	181.600	5.500	-0.628	-0.000	0.791	NaN	NaN	NaN	NaN	NaN	NaN	NaN	NaN	NaN	NaN	NaN	94.000	93.000	247.881	652.507	191.562	177.182	209.778	17.785	0.149	-0.047	-0.142	94.000	93.000	223.457	652.507	167.182	137.864	143.167	20.677	0.417	0.056	-0.178	NaN	NaN	NaN	NaN	NaN	NaN	NaN	NaN	NaN	NaN	NaN	NaN	NaN	NaN	NaN	NaN	NaN	NaN	NaN	NaN	NaN	NaN	NaN	NaN	NaN	NaN	NaN	NaN	NaN	NaN	NaN	NaN	NaN
94.000	95.000	94.000	287.500	657.645	184.517	151.069	165.111	2.754	0.000	0.000	-0.057	95.000	94.000	222.536	657.645	172.057	141.296	148.450	5.413	0.336	0.064	-0.324	NaN	NaN	NaN	NaN	NaN	NaN	NaN	NaN	NaN	NaN	NaN	95.000	94.000	287.333	657.645	204.200	148.536	165.905	6.804	1.305	-0.000	-1.231	NaN	NaN	NaN	NaN	NaN	NaN	NaN	NaN	NaN	NaN	NaN	95.000	94.000	245.333	657.645	192.354	183.581	215.688	17.667	-0.119	-0.079	0.000	95.000	94.000	218.837	657.645	165.659	146.125	157.267	20.696	0.019	0.145	0.089	NaN	NaN	NaN	NaN	NaN	NaN	NaN	NaN	NaN	NaN	NaN	NaN	NaN	NaN	NaN	NaN	NaN	NaN	NaN	NaN	NaN	NaN	NaN	NaN	NaN	NaN	NaN	NaN	NaN	NaN	NaN	NaN	NaN
95.000	96.000	95.000	296.921	656.830	190.611	156.074	168.812	2.670	-0.084	0.000	0.000	96.000	95.000	219.593	656.830	174.832	147.808	166.571	5.727	0.314	-0.065	-0.329	NaN	NaN	NaN	NaN	NaN	NaN	NaN	NaN	NaN	NaN	NaN	96.000	95.000	252.889	656.830	203.379	144.931	166.417	6.257	-0.547	-0.000	0.346	NaN	NaN	NaN	NaN	NaN	NaN	NaN	NaN	NaN	NaN	NaN	96.000	95.000	261.533	656.830	194.303	173.676	197.316	18.053	0.387	-0.063	-0.347	96.000	95.000	211.244	656.830	165.832	146.667	158.000	20.807	0.111	0.089	0.089	NaN	NaN	NaN	NaN	NaN	NaN	NaN	NaN	NaN	NaN	NaN	NaN	NaN	NaN	NaN	NaN	NaN	NaN	NaN	NaN	NaN	NaN	NaN	NaN	NaN	NaN	NaN	NaN	NaN	NaN	NaN	NaN	NaN
96.000	97.000	96.000	293.025	649.755	190.940	158.071	170.667	2.773	0.103	0.000	-0.028	97.000	96.000	231.963	649.755	172.836	145.594	159.286	6.228	0.501	0.000	-0.455	NaN	NaN	NaN	NaN	NaN	NaN	NaN	NaN	NaN	NaN	NaN	97.000	96.000	315.175	649.755	206.221	142.172	164.154	7.026	0.769	-0.000	-0.575	NaN	NaN	NaN	NaN	NaN	NaN	NaN	NaN	NaN	NaN	NaN	97.000	96.000	228.550	649.755	184.456	169.367	200.143	15.669	-2.384	-0.126	1.987	97.000	96.000	213.531	649.755	165.909	145.400	152.000	20.390	-0.417	-0.023	0.122	NaN	NaN	NaN	NaN	NaN	NaN	NaN	NaN	NaN	NaN	NaN	NaN	NaN	NaN	NaN	NaN	NaN	NaN	NaN	NaN	NaN	NaN	NaN	NaN	NaN	NaN	NaN	NaN	NaN	NaN	NaN	NaN	NaN
97.000	98.000	97.000	267.676	657.293	187.415	160.966	171.435	2.643	-0.130	0.000	0.114	98.000	97.000	228.828	657.293	172.518	148.655	163.400	6.331	0.103	0.000	-0.129	NaN	NaN	NaN	NaN	NaN	NaN	NaN	NaN	NaN	NaN	NaN	98.000	97.000	257.107	657.293	204.797	145.517	170.727	6.387	-0.639	-0.000	0.459	NaN	NaN	NaN	NaN	NaN	NaN	NaN	NaN	NaN	NaN	NaN	98.000	97.000	266.111	657.293	193.255	175.152	197.778	17.766	2.097	-0.079	-1.925	98.000	97.000	216.323	657.293	165.580	151.750	169.091	20.417	0.027	0.056	0.033	NaN	NaN	NaN	NaN	NaN	NaN	NaN	NaN	NaN	NaN	NaN	NaN	NaN	NaN	NaN	NaN	NaN	NaN	NaN	NaN	NaN	NaN	NaN	NaN	NaN	NaN	NaN	NaN	NaN	NaN	NaN	NaN	NaN
98.000	99.000	98.000	325.233	654.770	193.752	153.179	171.412	2.865	0.222	0.000	-0.145	99.000	98.000	226.556	654.770	175.498	146.000	155.474	6.236	-0.095	0.000	0.130	NaN	NaN	NaN	NaN	NaN	NaN	NaN	NaN	NaN	NaN	NaN	99.000	98.000	266.262	654.770	201.990	141.393	168.300	6.869	0.482	0.032	-0.227	NaN	NaN	NaN	NaN	NaN	NaN	NaN	NaN	NaN	NaN	NaN	99.000	98.000	262.675	654.770	195.672	169.697	191.333	17.636	-0.130	-0.063	0.000	99.000	98.000	225.000	654.770	166.147	153.478	174.600	20.444	0.027	-0.023	-0.033	NaN	NaN	NaN	NaN	NaN	NaN	NaN	NaN	NaN	NaN	NaN	NaN	NaN	NaN	NaN	NaN	NaN	NaN	NaN	NaN	NaN	NaN	NaN	NaN	NaN	NaN	NaN	NaN	NaN	NaN	NaN	NaN	NaN
99.000	100.000	99.000	289.943	655.471	185.315	156.103	173.786	2.708	-0.157	0.000	0.030	100.000	99.000	287.535	655.471	181.924	144.345	148.792	7.357	1.121	0.000	-0.847	NaN	NaN	NaN	NaN	NaN	NaN	NaN	NaN	NaN	NaN	NaN	100.000	99.000	307.093	655.471	202.869	142.185	164.786	7.175	0.306	-0.000	-0.259	NaN	NaN	NaN	NaN	NaN	NaN	NaN	NaN	NaN	NaN	NaN	100.000	99.000	232.698	655.471	185.014	172.531	193.611	16.064	-1.573	0.000	1.450	100.000	99.000	223.086	655.471	166.054	156.320	176.214	20.509	0.065	-0.056	-0.056	NaN	NaN	NaN	NaN	NaN	NaN	NaN	NaN	NaN	NaN	NaN	NaN	NaN	NaN	NaN	NaN	NaN	NaN	NaN	NaN	NaN	NaN	NaN	NaN	NaN	NaN	NaN	NaN	NaN	NaN	NaN	NaN	NaN
100.000	101.000	100.000	274.676	652.949	186.315	161.034	192.750	2.544	-0.165	-0.059	0.115	101.000	100.000	284.279	652.949	178.589	139.185	155.083	7.349	-0.008	0.000	-0.001	NaN	NaN	NaN	NaN	NaN	NaN	NaN	NaN	NaN	NaN	NaN	101.000	100.000	285.593	652.949	204.142	145.640	168.833	6.785	-0.390	0.089	0.258	NaN	NaN	NaN	NaN	NaN	NaN	NaN	NaN	NaN	NaN	NaN	101.000	100.000	228.514	652.949	184.427	168.594	189.812	15.685	-0.379	-0.063	0.205	101.000	100.000	222.229	652.949	168.705	157.042	182.200	20.417	-0.092	-0.056	0.000	NaN	NaN	NaN	NaN	NaN	NaN	NaN	NaN	NaN	NaN	NaN	NaN	NaN	NaN	NaN	NaN	NaN	NaN	NaN	NaN	NaN	NaN	NaN	NaN	NaN	NaN	NaN	NaN	NaN	NaN	NaN	NaN	NaN
101.000	102.000	101.000	277.586	648.991	184.329	153.276	167.933	2.517	-0.027	0.060	0.026	102.000	101.000	259.622	648.991	175.698	141.759	151.875	7.249	-0.100	0.000	0.066	NaN	NaN	NaN	NaN	NaN	NaN	NaN	NaN	NaN	NaN	NaN	102.000	101.000	308.172	648.991	198.776	144.774	170.267	7.161	0.376	0.056	-0.334	NaN	NaN	NaN	NaN	NaN	NaN	NaN	NaN	NaN	NaN	NaN	102.000	101.000	243.056	648.991	185.932	167.030	187.778	15.926	0.241	-0.063	-0.284	102.000	101.000	242.766	648.991	167.910	156.037	174.846	20.711	0.295	-0.056	-0.156	NaN	NaN	NaN	NaN	NaN	NaN	NaN	NaN	NaN	NaN	NaN	NaN	NaN	NaN	NaN	NaN	NaN	NaN	NaN	NaN	NaN	NaN	NaN	NaN	NaN	NaN	NaN	NaN	NaN	NaN	NaN	NaN	NaN
102.000	103.000	102.000	271.393	649.310	185.212	154.964	164.381	2.425	-0.092	0.000	0.085	103.000	102.000	233.182	649.310	170.702	138.929	149.176	6.664	-0.585	0.000	0.451	NaN	NaN	NaN	NaN	NaN	NaN	NaN	NaN	NaN	NaN	NaN	103.000	102.000	322.300	649.310	205.438	145.138	167.944	7.486	0.325	-0.000	-0.169	NaN	NaN	NaN	NaN	NaN	NaN	NaN	NaN	NaN	NaN	NaN	103.000	102.000	238.949	649.310	187.106	153.500	174.125	16.056	0.130	0.000	-0.079	103.000	102.000	238.912	649.310	167.334	160.375	171.500	20.287	-0.425	-0.145	0.067	NaN	NaN	NaN	NaN	NaN	NaN	NaN	NaN	NaN	NaN	NaN	NaN	NaN	NaN	NaN	NaN	NaN	NaN	NaN	NaN	NaN	NaN	NaN	NaN	NaN	NaN	NaN	NaN	NaN	NaN	NaN	NaN	NaN
103.000	104.000	103.000	264.028	649.272	183.381	158.786	172.846	2.601	0.176	0.000	-0.060	104.000	103.000	235.786	649.272	174.032	141.357	156.467	6.404	-0.260	0.000	0.131	NaN	NaN	NaN	NaN	NaN	NaN	NaN	NaN	NaN	NaN	NaN	104.000	103.000	326.512	649.272	202.021	147.567	166.067	7.448	-0.038	-0.179	-0.101	NaN	NaN	NaN	NaN	NaN	NaN	NaN	NaN	NaN	NaN	NaN	104.000	103.000	244.250	649.272	186.854	170.697	211.357	16.072	0.016	-0.234	-0.205	104.000	103.000	226.118	649.272	166.698	156.182	182.000	20.149	-0.138	-0.089	0.033	NaN	NaN	NaN	NaN	NaN	NaN	NaN	NaN	NaN	NaN	NaN	NaN	NaN	NaN	NaN	NaN	NaN	NaN	NaN	NaN	NaN	NaN	NaN	NaN	NaN	NaN	NaN	NaN	NaN	NaN	NaN	NaN	NaN
104.000	105.000	104.000	248.966	647.317	182.624	153.414	169.529	2.371	-0.230	0.000	0.104	105.000	104.000	208.481	647.317	182.088	142.852	162.889	5.475	-0.929	-0.585	0.385	NaN	NaN	NaN	NaN	NaN	NaN	NaN	NaN	NaN	NaN	NaN	105.000	104.000	306.811	647.317	203.003	149.655	174.462	7.234	-0.214	-0.000	0.075	NaN	NaN	NaN	NaN	NaN	NaN	NaN	NaN	NaN	NaN	NaN	105.000	104.000	237.795	647.317	186.272	171.406	198.385	15.934	-0.138	-0.080	0.000	105.000	104.000	219.167	647.317	167.610	148.080	163.474	19.865	-0.284	-0.121	0.033	NaN	NaN	NaN	NaN	NaN	NaN	NaN	NaN	NaN	NaN	NaN	NaN	NaN	NaN	NaN	NaN	NaN	NaN	NaN	NaN	NaN	NaN	NaN	NaN	NaN	NaN	NaN	NaN	NaN	NaN	NaN	NaN	NaN
105.000	106.000	105.000	261.097	649.880	186.511	156.040	180.750	2.436	0.065	0.000	0.000	106.000	105.000	260.815	649.880	188.547	151.194	165.000	5.383	-0.092	-0.586	-0.519	NaN	NaN	NaN	NaN	NaN	NaN	NaN	NaN	NaN	NaN	NaN	106.000	105.000	292.733	649.880	198.172	149.552	176.000	7.039	-0.195	-0.000	0.109	NaN	NaN	NaN	NaN	NaN	NaN	NaN	NaN	NaN	NaN	NaN	106.000	105.000	248.089	649.880	188.678	164.344	198.875	16.248	0.314	-0.152	-0.348	106.000	105.000	213.629	649.880	167.485	155.958	167.294	19.865	0.000	-0.089	0.000	NaN	NaN	NaN	NaN	NaN	NaN	NaN	NaN	NaN	NaN	NaN	NaN	NaN	NaN	NaN	NaN	NaN	NaN	NaN	NaN	NaN	NaN	NaN	NaN	NaN	NaN	NaN	NaN	NaN	NaN	NaN	NaN	NaN
106.000	107.000	106.000	265.655	650.631	188.794	161.759	185.154	2.344	-0.092	0.000	0.019	107.000	106.000	228.405	650.631	175.674	149.000	158.450	5.391	0.008	-0.065	0.128	NaN	NaN	NaN	NaN	NaN	NaN	NaN	NaN	NaN	NaN	NaN	107.000	106.000	317.382	650.631	200.587	149.258	179.765	7.307	0.268	-0.000	-0.199	NaN	NaN	NaN	NaN	NaN	NaN	NaN	NaN	NaN	NaN	NaN	107.000	106.000	241.077	650.631	188.531	171.750	186.320	15.934	-0.314	-0.063	0.143	107.000	106.000	212.647	650.631	167.013	157.778	174.211	19.819	-0.046	-0.056	0.032	NaN	NaN	NaN	NaN	NaN	NaN	NaN	NaN	NaN	NaN	NaN	NaN	NaN	NaN	NaN	NaN	NaN	NaN	NaN	NaN	NaN	NaN	NaN	NaN	NaN	NaN	NaN	NaN	NaN	NaN	NaN	NaN	NaN
107.000	108.000	107.000	234.852	647.407	185.990	161.143	174.000	2.038	-0.306	0.000	0.267	108.000	107.000	233.519	647.407	180.623	155.793	173.200	4.809	-0.582	-0.195	0.127	NaN	NaN	NaN	NaN	NaN	NaN	NaN	NaN	NaN	NaN	NaN	108.000	107.000	298.929	647.407	201.699	148.538	179.500	6.993	-0.314	-0.000	0.199	NaN	NaN	NaN	NaN	NaN	NaN	NaN	NaN	NaN	NaN	NaN	108.000	107.000	252.564	647.407	189.493	167.000	190.688	15.999	0.065	-0.080	-0.143	108.000	107.000	229.649	647.407	168.690	154.167	180.750	19.930	0.111	-0.056	-0.178	NaN	NaN	NaN	NaN	NaN	NaN	NaN	NaN	NaN	NaN	NaN	NaN	NaN	NaN	NaN	NaN	NaN	NaN	NaN	NaN	NaN	NaN	NaN	NaN	NaN	NaN	NaN	NaN	NaN	NaN	NaN	NaN	NaN
108.000	109.000	108.000	259.036	651.259	188.545	161.407	180.000	2.076	0.038	-0.062	-0.062	109.000	108.000	238.704	651.259	179.772	155.300	168.150	4.874	0.065	-0.130	-0.193	NaN	NaN	NaN	NaN	NaN	NaN	NaN	NaN	NaN	NaN	NaN	109.000	108.000	319.054	651.259	199.518	149.103	175.667	7.326	0.333	-0.000	-0.199	NaN	NaN	NaN	NaN	NaN	NaN	NaN	NaN	NaN	NaN	NaN	109.000	108.000	248.791	651.259	189.786	172.125	202.000	16.194	0.195	-0.017	-0.268	109.000	108.000	220.829	651.259	168.992	159.875	175.000	19.819	-0.111	-0.112	0.033	NaN	NaN	NaN	NaN	NaN	NaN	NaN	NaN	NaN	NaN	NaN	NaN	NaN	NaN	NaN	NaN	NaN	NaN	NaN	NaN	NaN	NaN	NaN	NaN	NaN	NaN	NaN	NaN	NaN	NaN	NaN	NaN	NaN
109.000	110.000	109.000	238.821	648.657	185.726	160.038	177.650	2.011	-0.065	0.000	0.062	110.000	109.000	217.593	648.657	177.223	159.645	176.250	4.779	-0.095	0.000	0.130	NaN	NaN	NaN	NaN	NaN	NaN	NaN	NaN	NaN	NaN	NaN	110.000	109.000	309.143	648.657	200.712	149.148	162.920	7.540	0.214	-0.000	-0.110	NaN	NaN	NaN	NaN	NaN	NaN	NaN	NaN	NaN	NaN	NaN	110.000	109.000	249.977	648.657	189.067	161.724	190.357	16.278	0.084	0.017	-0.063	110.000	109.000	212.074	648.657	168.865	159.083	180.417	19.421	-0.398	-0.089	0.145	NaN	NaN	NaN	NaN	NaN	NaN	NaN	NaN	NaN	NaN	NaN	NaN	NaN	NaN	NaN	NaN	NaN	NaN	NaN	NaN	NaN	NaN	NaN	NaN	NaN	NaN	NaN	NaN	NaN	NaN	NaN	NaN	NaN
110.000	111.000	110.000	265.161	642.792	188.045	161.300	180.812	2.084	0.073	-0.312	-0.335	111.000	110.000	200.704	642.792	174.710	146.100	161.176	3.796	-0.983	0.000	0.976	NaN	NaN	NaN	NaN	NaN	NaN	NaN	NaN	NaN	NaN	NaN	111.000	110.000	297.676	642.792	198.222	144.533	165.167	7.372	-0.168	-0.000	0.110	NaN	NaN	NaN	NaN	NaN	NaN	NaN	NaN	NaN	NaN	NaN	111.000	110.000	243.538	642.792	185.365	164.697	188.778	16.018	-0.260	-0.017	0.268	111.000	110.000	211.576	642.792	168.313	160.000	188.071	19.249	-0.173	-0.145	0.056	NaN	NaN	NaN	NaN	NaN	NaN	NaN	NaN	NaN	NaN	NaN	NaN	NaN	NaN	NaN	NaN	NaN	NaN	NaN	NaN	NaN	NaN	NaN	NaN	NaN	NaN	NaN	NaN	NaN	NaN	NaN	NaN	NaN
111.000	112.000	111.000	274.441	647.339	186.400	155.903	176.846	2.149	0.065	0.000	-0.061	112.000	111.000	232.926	647.339	189.289	152.207	171.500	4.779	0.983	0.000	-0.912	NaN	NaN	NaN	NaN	NaN	NaN	NaN	NaN	NaN	NaN	NaN	112.000	111.000	323.853	647.339	203.709	150.846	167.905	7.299	-0.073	-0.055	-0.055	NaN	NaN	NaN	NaN	NaN	NaN	NaN	NaN	NaN	NaN	NaN	112.000	111.000	261.051	647.339	188.726	159.333	173.900	16.546	0.528	0.017	-0.473	112.000	111.000	229.333	647.339	169.079	161.931	183.786	19.432	0.184	-0.089	-0.155	NaN	NaN	NaN	NaN	NaN	NaN	NaN	NaN	NaN	NaN	NaN	NaN	NaN	NaN	NaN	NaN	NaN	NaN	NaN	NaN	NaN	NaN	NaN	NaN	NaN	NaN	NaN	NaN	NaN	NaN	NaN	NaN	NaN
112.000	113.000	112.000	258.853	646.938	184.005	156.697	170.500	2.092	-0.057	-0.023	0.038	113.000	112.000	213.704	646.938	185.370	154.429	172.812	4.335	-0.444	0.000	0.326	NaN	NaN	NaN	NaN	NaN	NaN	NaN	NaN	NaN	NaN	NaN	113.000	112.000	288.545	646.938	199.075	150.179	172.167	7.104	-0.195	0.055	0.199	NaN	NaN	NaN	NaN	NaN	NaN	NaN	NaN	NaN	NaN	NaN	113.000	112.000	250.738	646.938	187.672	156.161	176.706	16.462	-0.084	-0.125	-0.063	113.000	112.000	222.344	646.938	170.393	155.966	176.250	19.061	-0.371	-0.168	0.099	NaN	NaN	NaN	NaN	NaN	NaN	NaN	NaN	NaN	NaN	NaN	NaN	NaN	NaN	NaN	NaN	NaN	NaN	NaN	NaN	NaN	NaN	NaN	NaN	NaN	NaN	NaN	NaN	NaN	NaN	NaN	NaN	NaN
113.000	114.000	113.000	285.387	650.847	195.277	169.290	194.333	2.046	-0.046	-0.060	-0.026	114.000	113.000	226.259	650.847	184.654	159.931	176.056	4.354	0.019	0.000	0.000	NaN	NaN	NaN	NaN	NaN	NaN	NaN	NaN	NaN	NaN	NaN	114.000	113.000	324.200	650.847	205.086	153.000	181.000	7.299	0.195	-0.055	-0.145	NaN	NaN	NaN	NaN	NaN	NaN	NaN	NaN	NaN	NaN	NaN	114.000	113.000	246.444	650.847	187.140	159.879	177.800	15.953	-0.509	-0.188	0.205	114.000	113.000	230.250	650.847	170.976	156.964	174.750	19.134	0.073	-0.089	-0.178	NaN	NaN	NaN	NaN	NaN	NaN	NaN	NaN	NaN	NaN	NaN	NaN	NaN	NaN	NaN	NaN	NaN	NaN	NaN	NaN	NaN	NaN	NaN	NaN	NaN	NaN	NaN	NaN	NaN	NaN	NaN	NaN	NaN
114.000	115.000	114.000	251.484	651.435	191.880	172.000	195.071	1.908	-0.138	0.000	0.145	115.000	114.000	224.148	651.435	189.160	159.138	175.667	4.408	0.054	0.000	0.000	NaN	NaN	NaN	NaN	NaN	NaN	NaN	NaN	NaN	NaN	NaN	115.000	114.000	306.571	651.435	199.247	144.286	157.900	6.863	-0.436	0.054	0.307	NaN	NaN	NaN	NaN	NaN	NaN	NaN	NaN	NaN	NaN	NaN	115.000	114.000	250.162	651.435	188.531	154.161	181.455	16.183	0.230	-0.063	-0.268	115.000	114.000	235.781	651.435	168.521	155.800	178.583	18.924	-0.211	-0.145	0.000	NaN	NaN	NaN	NaN	NaN	NaN	NaN	NaN	NaN	NaN	NaN	NaN	NaN	NaN	NaN	NaN	NaN	NaN	NaN	NaN	NaN	NaN	NaN	NaN	NaN	NaN	NaN	NaN	NaN	NaN	NaN	NaN	NaN
115.000	116.000	115.000	261.059	648.693	191.100	160.031	176.556	2.027	0.119	0.061	-0.061	116.000	115.000	218.857	648.693	186.743	151.182	165.750	4.446	0.038	0.000	-0.065	NaN	NaN	NaN	NaN	NaN	NaN	NaN	NaN	NaN	NaN	NaN	116.000	115.000	310.559	648.693	203.795	145.968	179.154	7.093	0.230	-0.000	-0.144	NaN	NaN	NaN	NaN	NaN	NaN	NaN	NaN	NaN	NaN	NaN	116.000	115.000	261.279	648.693	189.212	159.516	179.286	16.275	0.092	-0.187	-0.205	116.000	115.000	233.467	648.693	169.328	161.643	183.500	18.755	-0.168	-0.145	0.000	NaN	NaN	NaN	NaN	NaN	NaN	NaN	NaN	NaN	NaN	NaN	NaN	NaN	NaN	NaN	NaN	NaN	NaN	NaN	NaN	NaN	NaN	NaN	NaN	NaN	NaN	NaN	NaN	NaN	NaN	NaN	NaN	NaN
116.000	117.000	116.000	236.414	648.488	187.784	165.097	180.333	1.713	-0.314	0.000	0.227	117.000	116.000	245.037	648.488	192.017	144.741	153.812	4.584	0.138	0.065	-0.067	NaN	NaN	NaN	NaN	NaN	NaN	NaN	NaN	NaN	NaN	NaN	117.000	116.000	297.973	648.488	204.889	145.370	170.071	7.215	0.122	-0.000	-0.054	NaN	NaN	NaN	NaN	NaN	NaN	NaN	NaN	NaN	NaN	NaN	117.000	116.000	254.162	648.488	190.040	161.909	191.077	15.915	-0.360	-0.187	0.081	117.000	116.000	224.862	648.488	169.510	156.226	174.200	18.690	-0.065	-0.089	-0.056	NaN	NaN	NaN	NaN	NaN	NaN	NaN	NaN	NaN	NaN	NaN	NaN	NaN	NaN	NaN	NaN	NaN	NaN	NaN	NaN	NaN	NaN	NaN	NaN	NaN	NaN	NaN	NaN	NaN	NaN	NaN	NaN	NaN
117.000	118.000	117.000	276.379	646.807	189.427	160.625	183.571	1.900	0.187	-0.016	-0.189	118.000	117.000	251.759	646.807	195.196	147.656	172.750	4.760	0.176	-0.065	-0.129	NaN	NaN	NaN	NaN	NaN	NaN	NaN	NaN	NaN	NaN	NaN	118.000	117.000	299.550	646.807	210.412	152.846	183.231	7.326	0.111	0.036	-0.054	NaN	NaN	NaN	NaN	NaN	NaN	NaN	NaN	NaN	NaN	NaN	118.000	117.000	262.349	646.807	190.604	163.576	196.455	15.969	0.054	-0.187	-0.143	118.000	117.000	231.793	646.807	171.287	159.179	181.867	18.553	-0.138	-0.056	0.000	NaN	NaN	NaN	NaN	NaN	NaN	NaN	NaN	NaN	NaN	NaN	NaN	NaN	NaN	NaN	NaN	NaN	NaN	NaN	NaN	NaN	NaN	NaN	NaN	NaN	NaN	NaN	NaN	NaN	NaN	NaN	NaN	NaN
118.000	119.000	118.000	246.722	645.131	188.700	162.259	189.909	1.808	-0.092	-0.044	0.143	119.000	118.000	258.109	645.131	197.453	146.793	158.050	5.556	0.796	0.000	-0.520	NaN	NaN	NaN	NaN	NaN	NaN	NaN	NaN	NaN	NaN	NaN	119.000	118.000	290.700	645.131	207.071	149.871	168.278	7.008	-0.317	0.018	0.216	NaN	NaN	NaN	NaN	NaN	NaN	NaN	NaN	NaN	NaN	NaN	119.000	118.000	267.804	645.131	190.400	159.765	181.000	15.850	-0.119	-0.125	0.000	119.000	118.000	231.690	645.131	169.316	155.276	174.235	18.526	-0.027	-0.056	0.089	NaN	NaN	NaN	NaN	NaN	NaN	NaN	NaN	NaN	NaN	NaN	NaN	NaN	NaN	NaN	NaN	NaN	NaN	NaN	NaN	NaN	NaN	NaN	NaN	NaN	NaN	NaN	NaN	NaN	NaN	NaN	NaN	NaN
119.000	120.000	119.000	242.250	642.713	187.823	159.700	178.923	1.724	-0.084	0.000	0.062	120.000	119.000	224.444	642.713	181.057	145.828	160.467	4.121	-1.435	0.000	1.029	NaN	NaN	NaN	NaN	NaN	NaN	NaN	NaN	NaN	NaN	NaN	120.000	119.000	297.575	642.713	205.621	148.517	191.571	7.223	0.214	0.036	-0.108	NaN	NaN	NaN	NaN	NaN	NaN	NaN	NaN	NaN	NaN	NaN	120.000	119.000	257.848	642.713	189.214	166.971	193.533	15.655	-0.195	-0.187	0.000	120.000	119.000	223.065	642.713	170.457	160.172	184.846	18.312	-0.214	-0.201	-0.033	NaN	NaN	NaN	NaN	NaN	NaN	NaN	NaN	NaN	NaN	NaN	NaN	NaN	NaN	NaN	NaN	NaN	NaN	NaN	NaN	NaN	NaN	NaN	NaN	NaN	NaN	NaN	NaN	NaN	NaN	NaN	NaN	NaN
120.000	121.000	120.000	234.889	640.476	184.240	155.000	165.077	1.594	-0.130	0.062	0.123	121.000	120.000	231.222	640.476	182.968	149.483	159.700	4.262	0.141	0.000	-0.195	NaN	NaN	NaN	NaN	NaN	NaN	NaN	NaN	NaN	NaN	NaN	121.000	120.000	289.730	640.476	207.033	151.600	170.360	7.112	-0.111	-0.090	0.054	NaN	NaN	NaN	NaN	NaN	NaN	NaN	NaN	NaN	NaN	NaN	121.000	120.000	238.696	640.476	189.111	165.613	188.000	15.387	-0.268	-0.105	0.143	121.000	120.000	217.167	640.476	170.270	156.643	169.000	18.212	-0.100	-0.089	0.000	NaN	NaN	NaN	NaN	NaN	NaN	NaN	NaN	NaN	NaN	NaN	NaN	NaN	NaN	NaN	NaN	NaN	NaN	NaN	NaN	NaN	NaN	NaN	NaN	NaN	NaN	NaN	NaN	NaN	NaN	NaN	NaN	NaN
