 	T (0)	Base X (0)	Base Y (0)	Tip X (0)	Tip Y (0)	||[body,base]|| (0)	||[base,tip]||  (0)	||[base,tip]|| : [body,base] (0)	[base,tip] ? [body,base] (0)	?||[base,tip]|| : [body,base] (0)	||[tip(t-1),tip(t)]|| : [base,tip] (0)	||[base(t-1),base(t)]|| : [base,tip] (0)	T (1)	Base X (1)	Base Y (1)	Tip X (1)	Tip Y (1)	||[body,base]|| (1)	||[base,tip]||  (1)	||[base,tip]|| : [body,base] (1)	[base,tip] ? [body,base] (1)	?||[base,tip]|| : [body,base] (1)	||[tip(t-1),tip(t)]|| : [base,tip] (1)	||[base(t-1),base(t)]|| : [base,tip] (1)	T (2)	Base X (2)	Base Y (2)	Tip X (2)	Tip Y (2)	||[body,base]|| (2)	||[base,tip]||  (2)	||[base,tip]|| : [body,base] (2)	[base,tip] ? [body,base] (2)	?||[base,tip]|| : [body,base] (2)	||[tip(t-1),tip(t)]|| : [base,tip] (2)	||[base(t-1),base(t)]|| : [base,tip] (2)	T (3)	Base X (3)	Base Y (3)	Tip X (3)	Tip Y (3)	||[body,base]|| (3)	||[base,tip]||  (3)	||[base,tip]|| : [body,base] (3)	[base,tip] ? [body,base] (3)	?||[base,tip]|| : [body,base] (3)	||[tip(t-1),tip(t)]|| : [base,tip] (3)	||[base(t-1),base(t)]|| : [base,tip] (3)	T (4)	Base X (4)	Base Y (4)	Tip X (4)	Tip Y (4)	||[body,base]|| (4)	||[base,tip]||  (4)	||[base,tip]|| : [body,base] (4)	[base,tip] ? [body,base] (4)	?||[base,tip]|| : [body,base] (4)	||[tip(t-1),tip(t)]|| : [base,tip] (4)	||[base(t-1),base(t)]|| : [base,tip] (4)
1	-20.000	NaN	NaN	NaN	NaN	NaN	NaN	NaN	NaN	NaN	NaN	NaN	NaN	NaN	NaN	NaN	NaN	NaN	NaN	NaN	NaN	NaN	NaN	NaN	NaN	NaN	NaN	NaN	NaN	NaN	NaN	NaN	NaN	NaN	NaN	NaN	NaN	NaN	NaN	NaN	NaN	NaN	NaN	NaN	NaN	NaN	NaN	NaN	4.000	515.000	171.000	NaN	NaN	NaN	NaN	NaN	NaN	NaN	NaN	NaN
2	-19.000	NaN	NaN	NaN	NaN	NaN	NaN	NaN	NaN	NaN	NaN	NaN	NaN	NaN	NaN	NaN	NaN	NaN	NaN	NaN	NaN	NaN	NaN	NaN	NaN	NaN	NaN	NaN	NaN	NaN	NaN	NaN	NaN	NaN	NaN	NaN	NaN	NaN	NaN	NaN	NaN	NaN	NaN	NaN	NaN	NaN	NaN	NaN	5.000	515.000	170.000	NaN	NaN	NaN	NaN	NaN	NaN	NaN	NaN	NaN
3	-18.000	NaN	NaN	NaN	NaN	NaN	NaN	NaN	NaN	NaN	NaN	NaN	NaN	NaN	NaN	NaN	NaN	NaN	NaN	NaN	NaN	NaN	NaN	NaN	NaN	NaN	NaN	NaN	NaN	NaN	NaN	NaN	NaN	NaN	NaN	NaN	NaN	NaN	NaN	NaN	NaN	NaN	NaN	NaN	NaN	NaN	NaN	NaN	6.000	515.000	168.000	NaN	NaN	NaN	NaN	NaN	NaN	NaN	NaN	NaN
4	-17.000	NaN	NaN	NaN	NaN	NaN	NaN	NaN	NaN	NaN	NaN	NaN	NaN	NaN	NaN	NaN	NaN	NaN	NaN	NaN	NaN	NaN	NaN	NaN	NaN	NaN	NaN	NaN	NaN	NaN	NaN	NaN	NaN	NaN	NaN	NaN	NaN	NaN	NaN	NaN	NaN	NaN	NaN	NaN	NaN	NaN	NaN	NaN	7.000	515.000	168.000	NaN	NaN	NaN	NaN	NaN	NaN	NaN	NaN	NaN
5	-16.000	NaN	NaN	NaN	NaN	NaN	NaN	NaN	NaN	NaN	NaN	NaN	NaN	NaN	NaN	NaN	NaN	NaN	NaN	NaN	NaN	NaN	NaN	NaN	NaN	NaN	NaN	NaN	NaN	NaN	NaN	NaN	NaN	NaN	NaN	NaN	NaN	NaN	NaN	NaN	NaN	NaN	NaN	NaN	NaN	NaN	NaN	NaN	8.000	515.000	169.000	NaN	NaN	NaN	NaN	NaN	NaN	NaN	NaN	NaN
6	-15.000	NaN	NaN	NaN	NaN	NaN	NaN	NaN	NaN	NaN	NaN	NaN	NaN	NaN	NaN	NaN	NaN	NaN	NaN	NaN	NaN	NaN	NaN	NaN	NaN	NaN	NaN	NaN	NaN	NaN	NaN	NaN	NaN	NaN	NaN	NaN	NaN	NaN	NaN	NaN	NaN	NaN	NaN	NaN	NaN	NaN	NaN	NaN	9.000	515.000	169.000	NaN	NaN	NaN	NaN	NaN	NaN	NaN	NaN	NaN
7	-14.000	NaN	NaN	NaN	NaN	NaN	NaN	NaN	NaN	NaN	NaN	NaN	NaN	NaN	NaN	NaN	NaN	NaN	NaN	NaN	NaN	NaN	NaN	NaN	NaN	NaN	NaN	NaN	NaN	NaN	NaN	NaN	NaN	NaN	NaN	NaN	NaN	NaN	NaN	NaN	NaN	NaN	NaN	NaN	NaN	NaN	NaN	NaN	10.000	515.000	169.000	NaN	NaN	NaN	NaN	NaN	NaN	NaN	NaN	NaN
8	-13.000	NaN	NaN	NaN	NaN	NaN	NaN	NaN	NaN	NaN	NaN	NaN	NaN	NaN	NaN	NaN	NaN	NaN	NaN	NaN	NaN	NaN	NaN	NaN	NaN	NaN	NaN	NaN	NaN	NaN	NaN	NaN	NaN	NaN	NaN	NaN	NaN	NaN	NaN	NaN	NaN	NaN	NaN	NaN	NaN	NaN	NaN	NaN	11.000	515.000	169.000	NaN	NaN	NaN	NaN	NaN	NaN	NaN	NaN	NaN
9	-12.000	NaN	NaN	NaN	NaN	NaN	NaN	NaN	NaN	NaN	NaN	NaN	NaN	NaN	NaN	NaN	NaN	NaN	NaN	NaN	NaN	NaN	NaN	NaN	NaN	NaN	NaN	NaN	NaN	NaN	NaN	NaN	NaN	NaN	NaN	NaN	NaN	NaN	NaN	NaN	NaN	NaN	NaN	NaN	NaN	NaN	NaN	NaN	12.000	522.000	172.000	NaN	NaN	NaN	NaN	NaN	NaN	NaN	NaN	NaN
10	-11.000	NaN	NaN	NaN	NaN	NaN	NaN	NaN	NaN	NaN	NaN	NaN	NaN	NaN	NaN	NaN	NaN	NaN	NaN	NaN	NaN	NaN	NaN	NaN	NaN	NaN	NaN	NaN	NaN	NaN	NaN	NaN	NaN	NaN	NaN	NaN	NaN	NaN	NaN	NaN	NaN	NaN	NaN	NaN	NaN	NaN	NaN	NaN	13.000	526.000	176.000	NaN	NaN	NaN	NaN	NaN	NaN	NaN	NaN	NaN
11	-10.000	NaN	NaN	NaN	NaN	NaN	NaN	NaN	NaN	NaN	NaN	NaN	NaN	NaN	NaN	NaN	NaN	NaN	NaN	NaN	NaN	NaN	NaN	NaN	NaN	NaN	NaN	NaN	NaN	NaN	NaN	NaN	NaN	NaN	NaN	NaN	NaN	NaN	NaN	NaN	NaN	NaN	NaN	NaN	NaN	NaN	NaN	NaN	14.000	524.000	179.000	NaN	NaN	NaN	NaN	NaN	NaN	NaN	NaN	NaN
12	-9.000	NaN	NaN	NaN	NaN	NaN	NaN	NaN	NaN	NaN	NaN	NaN	NaN	NaN	NaN	NaN	NaN	NaN	NaN	NaN	NaN	NaN	NaN	NaN	NaN	NaN	NaN	NaN	NaN	NaN	NaN	NaN	NaN	NaN	NaN	NaN	NaN	NaN	NaN	NaN	NaN	NaN	NaN	NaN	NaN	NaN	NaN	NaN	15.000	522.000	181.000	NaN	NaN	NaN	NaN	NaN	NaN	NaN	NaN	NaN
13	-8.000	NaN	NaN	NaN	NaN	NaN	NaN	NaN	NaN	NaN	NaN	NaN	NaN	NaN	NaN	NaN	NaN	NaN	NaN	NaN	NaN	NaN	NaN	NaN	NaN	NaN	NaN	NaN	NaN	NaN	NaN	NaN	NaN	NaN	NaN	NaN	NaN	NaN	NaN	NaN	NaN	NaN	NaN	NaN	NaN	NaN	NaN	NaN	16.000	518.000	181.000	NaN	NaN	NaN	NaN	NaN	NaN	NaN	NaN	NaN
14	-7.000	NaN	NaN	NaN	NaN	NaN	NaN	NaN	NaN	NaN	NaN	NaN	NaN	NaN	NaN	NaN	NaN	NaN	NaN	NaN	NaN	NaN	NaN	NaN	NaN	NaN	NaN	NaN	NaN	NaN	NaN	NaN	NaN	NaN	NaN	NaN	NaN	NaN	NaN	NaN	NaN	NaN	NaN	NaN	NaN	NaN	NaN	NaN	17.000	515.000	179.000	NaN	NaN	NaN	NaN	NaN	NaN	NaN	NaN	NaN
15	-6.000	NaN	NaN	NaN	NaN	NaN	NaN	NaN	NaN	NaN	NaN	NaN	NaN	NaN	NaN	NaN	NaN	NaN	NaN	NaN	NaN	NaN	NaN	NaN	NaN	NaN	NaN	NaN	NaN	NaN	NaN	NaN	NaN	NaN	NaN	NaN	NaN	NaN	NaN	NaN	NaN	NaN	NaN	NaN	NaN	NaN	NaN	NaN	18.000	515.000	178.000	NaN	NaN	NaN	NaN	NaN	NaN	NaN	NaN	NaN
16	-5.000	NaN	NaN	NaN	NaN	NaN	NaN	NaN	NaN	NaN	NaN	NaN	NaN	NaN	NaN	NaN	NaN	NaN	NaN	NaN	NaN	NaN	NaN	NaN	NaN	NaN	NaN	NaN	NaN	NaN	NaN	NaN	NaN	NaN	NaN	NaN	NaN	NaN	NaN	NaN	NaN	NaN	NaN	NaN	NaN	NaN	NaN	NaN	19.000	515.000	178.000	NaN	NaN	NaN	NaN	NaN	NaN	NaN	NaN	NaN
17	-4.000	NaN	NaN	NaN	NaN	NaN	NaN	NaN	NaN	NaN	NaN	NaN	NaN	NaN	NaN	NaN	NaN	NaN	NaN	NaN	NaN	NaN	NaN	NaN	NaN	NaN	NaN	NaN	NaN	NaN	NaN	NaN	NaN	NaN	NaN	NaN	NaN	NaN	NaN	NaN	NaN	NaN	NaN	NaN	NaN	NaN	NaN	NaN	20.000	511.000	181.000	NaN	NaN	NaN	NaN	NaN	NaN	NaN	NaN	NaN
18	-3.000	NaN	NaN	NaN	NaN	NaN	NaN	NaN	NaN	NaN	NaN	NaN	NaN	NaN	NaN	NaN	NaN	NaN	NaN	NaN	NaN	NaN	NaN	NaN	NaN	NaN	NaN	NaN	NaN	NaN	NaN	NaN	NaN	NaN	NaN	NaN	NaN	NaN	NaN	NaN	NaN	NaN	NaN	NaN	NaN	NaN	NaN	NaN	21.000	522.000	189.000	NaN	NaN	NaN	NaN	NaN	NaN	NaN	NaN	NaN
19	-2.000	NaN	NaN	NaN	NaN	NaN	NaN	NaN	NaN	NaN	NaN	NaN	NaN	NaN	NaN	NaN	NaN	NaN	NaN	NaN	NaN	NaN	NaN	NaN	NaN	NaN	NaN	NaN	NaN	NaN	NaN	NaN	NaN	NaN	NaN	NaN	NaN	NaN	NaN	NaN	NaN	NaN	NaN	NaN	NaN	NaN	NaN	NaN	22.000	515.000	190.000	NaN	NaN	NaN	NaN	NaN	NaN	NaN	NaN	NaN
20	-1.000	NaN	NaN	NaN	NaN	NaN	NaN	NaN	NaN	NaN	NaN	NaN	NaN	NaN	NaN	NaN	NaN	NaN	NaN	NaN	NaN	NaN	NaN	NaN	NaN	NaN	NaN	NaN	NaN	NaN	NaN	NaN	NaN	NaN	NaN	NaN	NaN	NaN	NaN	NaN	NaN	NaN	NaN	NaN	NaN	NaN	NaN	NaN	23.000	515.000	191.000	NaN	NaN	NaN	NaN	NaN	NaN	NaN	NaN	NaN
21	0.000	42.770	4.550	39.845	3.965	4.153	2.983	-1.868	-7.757	NaN	NaN	NaN	0.000	32.305	9.295	26.520	10.595	7.571	5.929	5.920	44.819	NaN	NaN	NaN	0.000	32.695	11.440	26.065	14.885	8.082	7.472	7.453	60.236	NaN	NaN	NaN	0.000	39.000	11.765	31.005	15.665	4.587	8.896	4.888	22.422	NaN	NaN	NaN	24.000	33.800	12.610	33.800	12.805	7.876	0.195	0.129	1.014	0.129	NaN	NaN
22	1.000	42.770	4.615	39.910	3.965	4.103	2.933	-1.753	-7.191	0.115	-0.063	-0.014	1.000	32.695	9.360	26.455	10.530	7.259	6.349	6.314	45.833	0.394	0.052	-0.371	1.000	32.825	11.375	26.065	14.950	7.959	7.647	7.636	60.777	0.183	0.030	-0.145	1.000	38.870	11.830	30.940	15.730	4.616	8.837	5.184	23.930	0.296	0.087	0.145	25.000	33.735	12.545	33.670	12.740	7.925	0.206	0.177	1.403	0.048	-0.021	-0.041
23	2.000	42.770	4.615	39.910	3.965	4.054	2.933	-1.728	-7.005	0.025	NaN	NaN	2.000	32.825	9.360	26.390	10.530	7.197	6.540	6.499	46.771	0.185	0.064	-0.128	2.000	33.215	11.180	25.935	15.015	7.580	8.228	8.216	62.277	0.580	0.145	-0.436	2.000	38.805	11.765	30.680	15.730	4.576	9.041	5.501	25.177	0.318	0.234	0.030	26.000	33.865	12.415	33.735	12.740	7.741	0.350	0.311	2.408	0.134	-0.024	-0.169
24	3.000	42.835	4.615	39.910	3.965	3.999	2.996	-1.638	-6.549	0.090	NaN	-0.063	3.000	32.825	9.360	26.195	10.595	7.411	6.744	6.721	49.813	0.223	0.204	NaN	3.000	33.345	11.115	25.740	15.080	7.595	8.577	8.573	65.111	0.357	0.203	-0.145	3.000	38.415	12.155	30.550	15.795	4.995	8.666	5.914	29.541	0.413	0.145	0.518	27.000	33.995	12.415	33.865	12.805	7.503	0.411	0.357	2.679	0.046	0.021	-0.041
25	4.000	42.835	4.615	39.845	3.965	4.091	3.060	-1.626	-6.650	0.012	0.064	NaN	4.000	32.760	9.360	25.935	10.595	7.441	6.936	6.920	51.490	0.198	0.256	0.064	4.000	33.475	11.050	25.610	15.145	7.387	8.867	8.866	65.496	0.293	0.145	-0.145	4.000	38.285	12.415	30.355	15.795	5.160	8.620	5.791	29.879	-0.123	0.179	0.222	28.000	34.255	12.220	33.930	12.870	7.175	0.727	0.680	4.880	0.323	0.029	-0.291
26	5.000	42.965	4.680	39.910	3.965	4.229	3.138	-1.596	-6.752	0.029	-0.063	-0.141	5.000	32.825	9.295	25.675	10.660	7.382	7.279	7.277	53.717	0.357	0.268	-0.076	5.000	33.540	10.985	25.480	15.145	7.267	9.070	9.069	65.910	0.203	0.116	-0.088	5.000	37.960	12.805	30.160	15.860	5.480	8.377	5.787	31.713	-0.004	0.205	0.445	29.000	34.320	12.220	34.060	12.935	7.081	0.761	0.681	4.821	7.553E-4	0.017	-0.022
27	6.000	42.900	4.615	39.845	3.965	4.237	3.123	-1.526	-6.468	0.070	0.064	0.077	6.000	32.825	9.360	25.480	10.725	7.445	7.471	7.468	55.601	0.191	0.204	0.012	6.000	33.670	10.855	25.480	15.080	7.123	9.216	9.211	65.610	0.141	-0.030	-0.175	6.000	37.765	13.065	29.900	15.860	5.762	8.347	5.748	33.120	-0.039	0.245	0.271	30.000	34.450	12.220	34.060	12.935	7.034	0.814	0.777	5.463	0.096	NaN	-0.062
28	7.000	43.030	4.745	39.845	3.965	4.281	3.279	-1.548	-6.625	-0.021	NaN	-0.157	7.000	32.890	9.295	25.480	10.660	7.407	7.535	7.535	55.808	0.067	-0.012	-0.076	7.000	33.670	10.790	25.545	15.015	7.101	9.158	9.139	64.896	-0.072	-0.088	-0.030	7.000	37.570	13.325	29.770	15.925	5.989	8.222	5.729	34.307	-0.020	0.144	0.267	31.000	34.515	12.220	34.125	12.935	6.942	0.814	0.777	5.391	-6.365E-5	-0.031	-0.031
29	8.000	43.030	4.680	39.975	4.030	4.378	3.123	-1.503	-6.583	0.044	-0.141	0.014	8.000	32.760	9.360	25.285	10.660	7.535	7.587	7.587	57.164	0.052	0.192	0.139	8.000	33.540	10.920	25.610	15.015	7.247	8.925	8.908	64.554	-0.230	-0.058	0.175	8.000	37.310	13.455	29.575	15.925	6.164	8.120	5.777	35.608	0.049	0.186	0.287	32.000	34.580	12.090	34.060	13.065	6.897	1.105	1.048	7.229	0.272	0.145	-0.145
30	9.000	42.900	4.745	39.975	3.965	3.907	3.027	-1.486	-5.805	0.018	0.017	0.109	9.000	32.825	9.295	25.025	10.725	7.552	7.930	7.919	59.801	0.332	0.267	-0.076	9.000	33.410	10.855	25.610	15.015	7.529	8.840	8.835	66.518	-0.073	NaN	0.084	9.000	37.245	13.715	29.380	15.925	6.833	8.170	5.364	36.652	-0.413	0.188	0.133	33.000	34.580	11.960	33.865	13.260	6.760	1.484	1.410	9.532	0.362	0.265	-0.114
31	10.000	42.900	4.745	39.910	3.965	3.954	3.090	-1.500	-5.932	-0.014	0.063	NaN	10.000	32.760	9.360	24.765	10.790	7.615	8.122	8.109	61.753	0.191	0.267	0.075	10.000	33.410	10.920	25.480	15.080	7.529	8.955	8.952	67.397	0.117	0.145	0.030	10.000	37.050	13.910	29.120	15.925	7.035	8.182	5.323	37.446	-0.041	0.252	0.237	34.000	34.580	12.090	33.865	13.325	6.711	1.427	1.374	9.219	-0.036	0.056	0.113
32	11.000	42.900	4.680	39.910	3.965	4.001	3.074	-1.517	-6.071	-0.017	NaN	0.015	11.000	32.825	9.360	24.635	10.855	7.552	8.325	8.313	62.779	0.204	0.140	-0.064	11.000	33.475	10.920	25.350	15.145	7.471	9.158	9.156	68.403	0.204	0.145	-0.058	11.000	36.985	13.975	28.860	15.990	7.122	8.371	5.436	38.714	0.113	0.268	0.079	35.000	34.580	11.960	33.735	13.455	6.621	1.717	1.641	10.867	0.268	0.177	-0.113
33	12.000	43.030	4.680	39.910	3.965	4.137	3.201	-1.701	-7.035	-0.183	NaN	-0.127	12.000	32.695	9.360	24.570	10.920	7.615	8.273	8.266	62.944	-0.047	0.076	0.128	12.000	33.410	10.985	25.155	15.210	7.500	9.273	9.273	69.548	0.117	0.203	0.087	12.000	37.180	13.910	28.925	15.990	6.950	8.513	5.361	37.260	-0.075	-0.063	-0.205	36.000	34.580	11.960	33.735	13.455	6.574	1.717	1.645	10.812	0.003	NaN	NaN
34	13.000	42.900	4.745	39.975	3.965	3.954	3.027	-1.455	-5.754	0.245	-0.063	0.109	13.000	32.760	9.295	24.440	10.985	7.600	8.490	8.487	64.507	0.222	0.140	-0.077	13.000	33.410	10.985	24.895	15.340	7.558	9.564	9.564	72.281	0.290	0.291	NaN	13.000	37.245	13.910	28.925	15.925	6.950	8.561	5.329	37.041	-0.032	-0.015	-0.063	37.000	34.645	11.830	33.670	13.455	6.529	1.895	1.825	11.915	0.180	0.033	-0.145
35	14.000	42.835	4.810	39.975	3.965	3.954	2.982	-1.364	-5.391	0.092	NaN	0.044	14.000	32.695	9.295	24.310	11.180	7.586	8.594	8.594	65.196	0.107	0.170	0.063	14.000	33.345	10.920	24.830	15.405	7.501	9.624	9.617	72.138	0.054	0.088	0.027	14.000	37.050	14.040	28.730	15.990	7.065	8.545	5.356	37.839	0.027	0.205	0.220	38.000	34.580	11.895	33.605	13.455	6.668	1.840	1.777	11.851	-0.048	0.034	0.090
36	15.000	42.965	4.810	39.975	3.965	4.045	3.107	-1.517	-6.135	-0.153	NaN	-0.125	15.000	32.695	9.295	24.180	11.245	7.586	8.735	8.735	66.265	0.141	0.141	NaN	15.000	33.410	10.920	24.700	15.535	7.442	9.857	9.851	73.312	0.233	0.176	-0.057	15.000	37.050	14.040	28.730	15.990	7.065	8.545	5.356	37.839	NaN	NaN	NaN	39.000	34.125	11.960	33.150	12.740	7.058	1.249	1.248	8.809	-0.529	-0.091	0.396
37	16.000	43.030	4.810	39.975	3.965	4.138	3.170	-1.624	-6.718	-0.107	NaN	-0.063	16.000	32.500	9.360	24.050	11.310	7.727	8.672	8.672	67.009	-0.063	0.141	0.205	16.000	33.085	11.180	24.570	15.600	7.791	9.594	9.593	74.736	-0.258	0.145	0.408	16.000	37.115	13.975	28.795	15.990	6.950	8.561	5.329	37.041	-0.027	-0.063	-0.078	NaN	NaN	NaN	NaN	NaN	NaN	NaN	NaN	NaN	NaN	NaN	NaN
38	17.000	42.900	4.810	39.975	3.965	3.954	3.045	-1.532	-6.059	0.091	NaN	0.125	17.000	32.500	9.425	23.920	11.440	7.772	8.813	8.813	68.491	0.141	0.156	0.015	17.000	33.085	11.310	24.505	15.600	7.911	9.593	9.587	75.847	-0.006	0.058	0.058	17.000	37.180	13.910	28.730	15.990	6.983	8.702	5.359	37.417	0.029	0.063	-0.079	NaN	NaN	NaN	NaN	NaN	NaN	NaN	NaN	NaN	NaN	NaN	NaN
39	18.000	42.900	4.810	39.975	3.965	3.953	3.045	-1.471	-5.814	0.062	NaN	NaN	18.000	32.630	9.490	23.920	11.440	7.709	8.926	8.922	68.783	0.110	NaN	-0.113	18.000	32.890	11.440	24.505	15.665	8.171	9.389	9.387	76.701	-0.200	0.029	0.233	18.000	37.180	13.845	28.600	16.055	6.892	8.860	5.643	38.887	0.284	0.142	-0.016	NaN	NaN	NaN	NaN	NaN	NaN	NaN	NaN	NaN	NaN	NaN	NaN
40	19.000	42.965	4.810	39.975	3.965	3.999	3.107	-1.548	-6.190	-0.077	NaN	-0.063	19.000	32.695	9.425	23.985	11.505	7.630	8.955	8.955	68.327	0.032	-0.048	-0.078	19.000	32.825	11.505	24.375	15.665	8.259	9.418	9.413	77.740	0.026	0.117	0.087	19.000	37.180	13.845	28.535	16.055	6.892	8.923	5.670	39.077	0.028	0.063	NaN	NaN	NaN	NaN	NaN	NaN	NaN	NaN	NaN	NaN	NaN	NaN	NaN
41	20.000	43.030	4.810	39.975	3.965	4.001	3.170	-1.657	-6.629	-0.109	NaN	-0.063	20.000	32.695	9.425	24.050	11.375	7.646	8.862	8.859	67.735	-0.096	-0.092	NaN	20.000	32.630	11.635	24.310	15.730	8.523	9.273	9.264	78.961	-0.149	0.087	0.232	20.000	37.180	13.845	28.405	16.055	6.950	9.049	5.698	39.601	0.027	0.126	NaN	NaN	NaN	NaN	NaN	NaN	NaN	NaN	NaN	NaN	NaN	NaN	NaN
42	21.000	42.965	4.875	40.040	4.030	4.005	3.045	-1.621	-6.494	0.036	-0.080	0.044	21.000	32.370	9.425	24.115	11.375	7.835	8.482	8.482	66.455	-0.377	-0.063	0.316	21.000	32.435	11.765	24.180	15.795	8.643	9.186	9.171	79.269	-0.093	0.145	0.232	21.000	37.115	13.910	28.275	16.120	6.983	9.112	5.637	39.360	-0.061	0.142	0.079	NaN	NaN	NaN	NaN	NaN	NaN	NaN	NaN	NaN	NaN	NaN	NaN
43	22.000	43.030	4.875	39.975	3.965	4.162	3.188	-1.817	-7.563	-0.196	0.081	-0.062	22.000	32.045	9.490	24.115	11.440	7.993	8.166	8.165	65.268	-0.316	0.016	0.331	22.000	32.370	11.830	24.115	15.925	8.595	9.215	9.192	79.003	0.020	0.116	0.087	22.000	37.115	13.845	28.080	16.120	6.905	9.317	5.586	38.570	-0.051	0.189	-0.016	NaN	NaN	NaN	NaN	NaN	NaN	NaN	NaN	NaN	NaN	NaN	NaN
44	23.000	42.965	4.810	39.975	3.965	4.203	3.107	-1.776	-7.466	0.041	NaN	0.080	23.000	31.980	9.490	24.050	11.570	7.993	8.198	8.198	65.530	0.033	0.096	0.063	23.000	32.305	11.830	24.115	15.925	8.595	9.157	9.136	78.522	-0.056	NaN	0.058	23.000	37.115	13.845	27.885	16.120	6.880	9.506	5.594	38.490	0.008	0.189	NaN	NaN	NaN	NaN	NaN	NaN	NaN	NaN	NaN	NaN	NaN	NaN	NaN
45	24.000	43.030	4.745	39.975	3.965	4.253	3.153	-1.892	-8.049	-0.116	NaN	-0.047	24.000	31.915	9.490	23.920	11.700	8.073	8.295	8.294	66.958	0.096	0.160	0.063	24.000	32.110	11.960	24.050	15.990	8.862	9.011	8.986	79.633	-0.150	0.087	0.233	24.000	37.245	13.715	27.690	16.185	6.772	9.869	5.785	39.174	0.191	0.205	-0.158	NaN	NaN	NaN	NaN	NaN	NaN	NaN	NaN	NaN	NaN	NaN	NaN
46	25.000	42.900	4.745	40.040	3.965	4.111	2.964	-1.722	-7.081	0.170	-0.063	0.125	25.000	31.915	9.490	23.725	12.025	8.090	8.573	8.569	69.320	0.275	0.282	NaN	25.000	31.915	12.025	23.985	16.055	9.096	8.895	8.873	80.714	-0.112	0.087	0.203	25.000	37.310	13.715	27.690	16.185	6.809	9.932	5.709	38.870	-0.076	NaN	-0.063	NaN	NaN	NaN	NaN	NaN	NaN	NaN	NaN	NaN	NaN	NaN	NaN
47	26.000	42.900	4.745	39.975	3.965	4.111	3.027	-1.773	-7.288	-0.050	0.063	NaN	26.000	31.850	9.555	23.465	12.285	8.170	8.818	8.811	71.981	0.242	0.328	0.082	26.000	32.240	11.895	24.050	15.990	8.751	9.157	9.125	79.853	0.252	-0.087	-0.349	26.000	37.180	13.650	27.495	16.185	6.796	10.011	5.965	40.535	0.256	0.189	0.109	NaN	NaN	NaN	NaN	NaN	NaN	NaN	NaN	NaN	NaN	NaN	NaN
48	27.000	42.835	4.810	39.975	3.965	4.162	2.982	-1.705	-7.098	0.067	NaN	0.044	27.000	31.850	9.620	23.335	12.545	8.045	9.003	8.991	72.328	0.180	0.207	0.021	27.000	32.175	11.895	23.985	16.120	8.662	9.216	9.194	79.637	0.069	0.117	0.058	27.000	37.180	13.715	27.365	16.250	6.748	10.137	5.867	39.588	-0.098	0.142	0.016	NaN	NaN	NaN	NaN	NaN	NaN	NaN	NaN	NaN	NaN	NaN	NaN
49	28.000	42.965	4.745	39.975	3.965	4.316	3.090	-1.917	-8.273	-0.211	NaN	-0.109	28.000	31.720	9.620	23.140	12.740	8.125	9.130	9.110	74.022	0.119	0.250	0.122	28.000	32.370	11.765	23.985	16.120	8.406	9.449	9.422	79.202	0.228	NaN	-0.233	28.000	37.310	13.650	27.495	16.250	6.681	10.154	5.700	38.084	-0.166	-0.126	-0.142	NaN	NaN	NaN	NaN	NaN	NaN	NaN	NaN	NaN	NaN	NaN	NaN
50	29.000	42.900	4.810	39.975	3.965	4.277	3.045	-1.855	-7.935	0.062	NaN	0.044	29.000	31.395	9.685	23.205	12.870	8.393	8.788	8.753	73.464	-0.357	-0.013	0.326	29.000	32.695	11.635	24.050	16.185	8.006	9.769	9.737	77.960	0.315	-0.027	-0.348	29.000	37.310	13.650	27.625	16.250	6.660	10.028	5.581	37.167	-0.120	-0.126	NaN	NaN	NaN	NaN	NaN	NaN	NaN	NaN	NaN	NaN	NaN	NaN	NaN
51	30.000	42.900	4.745	39.975	3.965	4.264	3.027	-1.843	-7.859	0.012	NaN	0.017	30.000	31.590	9.685	23.660	12.155	8.268	8.306	8.305	68.665	-0.448	-0.647	-0.186	30.000	32.695	11.570	23.920	16.380	8.027	10.007	9.993	80.212	0.256	0.208	-0.031	30.000	37.245	13.520	27.690	16.250	6.581	9.937	5.865	38.595	0.284	-0.062	0.027	NaN	NaN	NaN	NaN	NaN	NaN	NaN	NaN	NaN	NaN	NaN	NaN
52	31.000	42.900	4.810	39.975	3.965	4.264	3.045	-1.803	-7.690	0.040	NaN	-0.018	31.000	31.655	9.750	23.725	12.090	8.206	8.268	8.268	67.845	-0.037	-0.081	-0.044	31.000	32.890	11.505	23.855	16.510	7.793	10.329	10.317	80.398	0.324	0.120	-0.202	31.000	37.180	13.585	27.625	16.185	6.604	9.902	5.817	38.414	-0.048	0.046	0.080	NaN	NaN	NaN	NaN	NaN	NaN	NaN	NaN	NaN	NaN	NaN	NaN
53	32.000	42.835	4.810	39.975	3.965	4.122	2.982	-1.735	-7.153	0.068	NaN	0.062	32.000	31.915	9.750	23.790	12.025	8.038	8.437	8.433	67.790	0.165	-0.080	-0.250	32.000	32.825	11.505	23.725	16.640	7.937	10.449	10.441	82.878	0.124	0.177	0.057	32.000	37.245	13.520	27.625	16.250	6.604	10.000	5.962	39.369	0.145	0.018	-0.080	NaN	NaN	NaN	NaN	NaN	NaN	NaN	NaN	NaN	NaN	NaN	NaN
54	33.000	42.900	4.810	39.975	3.965	4.225	3.045	-1.833	-7.744	-0.098	NaN	-0.062	33.000	31.655	9.685	23.855	11.960	8.206	8.125	8.125	66.671	-0.309	-0.081	0.231	33.000	32.760	11.505	23.465	16.900	7.937	10.747	10.744	85.277	0.302	0.355	0.056	33.000	37.180	13.520	27.625	16.250	6.604	9.937	5.939	39.216	-0.023	NaN	0.062	NaN	NaN	NaN	NaN	NaN	NaN	NaN	NaN	NaN	NaN	NaN	NaN
55	34.000	42.900	4.745	39.975	3.965	4.407	3.027	-1.858	-8.188	-0.025	NaN	0.017	34.000	31.265	9.880	23.920	11.960	8.492	7.634	7.632	64.816	-0.492	-0.063	0.428	34.000	32.890	11.440	23.335	17.160	7.648	11.136	11.135	85.159	0.391	0.245	-0.145	34.000	37.115	13.780	27.560	16.250	6.764	9.869	5.540	37.472	-0.399	0.063	0.128	NaN	NaN	NaN	NaN	NaN	NaN	NaN	NaN	NaN	NaN	NaN	NaN
56	35.000	42.965	4.810	39.975	3.965	4.420	3.107	-1.921	-8.492	-0.063	NaN	-0.080	35.000	31.200	9.815	23.985	11.960	8.536	7.527	7.527	64.250	-0.105	-0.062	0.044	35.000	33.020	11.375	23.205	17.485	7.503	11.561	11.561	86.748	0.427	0.282	-0.145	35.000	37.115	13.715	27.495	16.250	6.703	9.948	5.650	37.869	0.110	0.063	-0.017	NaN	NaN	NaN	NaN	NaN	NaN	NaN	NaN	NaN	NaN	NaN	NaN
57	36.000	42.900	4.810	39.975	3.965	4.420	3.045	-1.869	-8.260	0.053	NaN	0.062	36.000	31.135	9.880	23.985	11.960	8.554	7.446	7.446	63.696	-0.081	NaN	0.081	36.000	32.955	11.375	23.075	17.745	7.503	11.755	11.754	88.193	0.193	0.250	0.055	36.000	37.180	13.780	27.430	16.250	6.721	10.058	5.452	36.648	-0.197	0.063	-0.047	NaN	NaN	NaN	NaN	NaN	NaN	NaN	NaN	NaN	NaN	NaN	NaN
58	37.000	42.835	4.745	39.975	3.965	4.316	2.964	-1.813	-7.825	0.056	NaN	0.080	37.000	31.265	9.880	23.985	11.960	8.511	7.571	7.569	64.423	0.123	NaN	-0.125	37.000	33.345	11.180	22.880	17.940	7.159	12.458	12.458	89.186	0.704	0.270	-0.433	37.000	37.310	13.585	27.430	16.315	6.578	10.250	5.714	37.586	0.262	0.017	-0.177	NaN	NaN	NaN	NaN	NaN	NaN	NaN	NaN	NaN	NaN	NaN	NaN
59	38.000	42.900	4.745	39.975	3.965	4.316	3.027	-1.865	-8.049	-0.052	NaN	-0.063	38.000	31.460	9.880	23.985	11.895	8.387	7.742	7.734	64.871	0.165	-0.017	-0.188	38.000	33.215	11.180	22.620	18.330	7.324	12.782	12.770	93.533	0.312	0.434	0.108	38.000	37.245	13.650	27.365	16.250	6.681	10.216	5.722	38.228	0.008	0.046	0.079	NaN	NaN	NaN	NaN	NaN	NaN	NaN	NaN	NaN	NaN	NaN	NaN
60	39.000	42.835	4.745	39.910	3.965	4.253	3.027	-1.791	-7.618	0.074	0.063	0.063	39.000	31.590	9.880	23.985	11.960	8.306	7.884	7.879	65.445	0.145	0.017	-0.125	39.000	32.825	11.505	22.360	18.590	7.848	12.638	12.624	99.076	-0.146	0.361	0.505	39.000	37.180	13.715	27.235	16.315	6.725	10.279	5.898	39.664	0.176	0.142	0.079	NaN	NaN	NaN	NaN	NaN	NaN	NaN	NaN	NaN	NaN	NaN	NaN
61	40.000	42.835	4.745	39.910	3.965	4.304	3.027	-1.814	-7.808	-0.023	NaN	NaN	40.000	31.525	9.880	23.985	12.025	8.306	7.839	7.837	65.090	-0.043	0.018	0.063	40.000	32.825	11.505	22.100	18.915	7.793	13.036	13.019	101.451	0.394	0.399	NaN	40.000	37.180	13.780	27.170	16.380	6.764	10.342	5.815	39.335	-0.083	0.079	0.016	NaN	NaN	NaN	NaN	NaN	NaN	NaN	NaN	NaN	NaN	NaN	NaN
62	41.000	42.900	4.745	39.975	3.965	4.498	3.027	-1.851	-8.327	-0.037	-0.063	-0.063	41.000	31.135	9.945	23.985	11.960	8.554	7.429	7.427	63.536	-0.409	-0.018	0.393	41.000	32.760	11.505	21.840	19.175	7.703	13.344	13.319	102.600	0.300	0.362	0.053	41.000	37.180	13.780	27.170	16.315	6.660	10.326	5.624	37.455	-0.191	-0.016	NaN	NaN	NaN	NaN	NaN	NaN	NaN	NaN	NaN	NaN	NaN	NaN	NaN
63	42.000	42.835	4.810	39.910	3.965	4.355	3.045	-1.797	-7.825	0.055	0.062	0.044	42.000	31.395	9.945	23.985	11.960	8.368	7.679	7.675	64.220	0.247	NaN	-0.251	42.000	33.085	11.375	21.645	19.370	7.414	13.957	13.935	103.310	0.616	0.272	-0.341	42.000	37.115	13.845	27.170	16.380	6.764	10.263	5.732	38.773	0.108	0.016	0.079	NaN	NaN	NaN	NaN	NaN	NaN	NaN	NaN	NaN	NaN	NaN	NaN
64	43.000	42.965	4.810	39.910	3.965	4.396	3.170	-1.870	-8.218	-0.073	NaN	-0.125	43.000	31.720	9.880	23.985	11.895	8.143	7.993	7.988	65.048	0.313	-0.016	-0.331	43.000	32.175	11.700	21.580	19.500	8.441	13.157	13.063	110.268	-0.872	0.129	0.926	43.000	37.050	13.845	27.105	16.315	6.772	10.247	5.927	40.138	0.195	0.047	0.063	NaN	NaN	NaN	NaN	NaN	NaN	NaN	NaN	NaN	NaN	NaN	NaN
65	44.000	42.965	4.745	39.910	3.900	4.436	3.170	-1.840	-8.163	0.030	0.017	0.017	44.000	31.655	9.880	23.855	11.830	8.206	8.040	8.032	65.910	0.044	0.110	0.063	44.000	32.825	11.440	21.580	19.565	7.748	13.873	13.806	106.973	0.743	0.038	-0.679	44.000	36.985	13.910	27.170	16.315	6.856	10.105	5.864	40.201	-0.064	-0.063	0.079	NaN	NaN	NaN	NaN	NaN	NaN	NaN	NaN	NaN	NaN	NaN	NaN
66	45.000	42.900	4.745	39.910	3.965	4.336	3.090	-1.783	-7.732	0.057	-0.016	0.063	45.000	31.590	9.880	23.790	11.830	8.330	8.040	8.034	66.924	0.002	0.063	0.063	45.000	32.565	11.505	21.515	19.630	8.062	13.716	13.617	109.787	-0.189	0.091	0.248	45.000	37.115	13.910	27.365	16.250	6.832	10.027	5.707	38.988	-0.157	-0.205	-0.126	NaN	NaN	NaN	NaN	NaN	NaN	NaN	NaN	NaN	NaN	NaN	NaN
67	46.000	42.900	4.745	39.910	3.965	4.287	3.090	-1.758	-7.537	0.025	NaN	NaN	46.000	31.915	9.815	23.855	11.830	8.063	8.308	8.301	66.928	0.267	-0.063	-0.331	46.000	32.955	11.310	21.645	19.630	7.683	14.041	13.937	107.087	0.320	-0.105	-0.430	46.000	37.115	13.845	27.430	16.250	6.796	9.979	5.844	39.715	0.138	-0.063	-0.016	NaN	NaN	NaN	NaN	NaN	NaN	NaN	NaN	NaN	NaN	NaN	NaN
68	47.000	42.965	4.810	39.910	3.965	4.294	3.170	-1.821	-7.820	-0.063	NaN	-0.080	47.000	31.785	9.880	23.790	11.960	8.206	8.261	8.256	67.748	-0.045	0.096	0.142	47.000	32.890	11.310	21.645	19.565	7.740	13.950	13.842	107.138	-0.096	-0.038	0.052	47.000	37.050	13.845	27.495	16.250	6.820	9.853	5.866	40.007	0.022	-0.063	0.063	NaN	NaN	NaN	NaN	NaN	NaN	NaN	NaN	NaN	NaN	NaN	NaN
69	48.000	42.965	4.680	39.910	3.900	4.378	3.153	-1.804	-7.897	0.017	0.016	0.032	48.000	31.850	9.880	23.790	12.025	8.143	8.341	8.336	67.887	0.080	0.017	-0.063	48.000	33.020	11.245	21.710	19.565	7.595	14.041	13.932	105.811	0.090	-0.052	-0.143	48.000	36.985	13.845	27.430	16.250	6.845	9.853	5.935	40.628	0.069	0.063	0.063	NaN	NaN	NaN	NaN	NaN	NaN	NaN	NaN	NaN	NaN	NaN	NaN
70	49.000	42.965	4.745	39.910	3.900	4.093	3.170	-1.655	-6.773	0.149	NaN	-0.017	49.000	32.370	9.880	23.725	12.220	7.957	8.956	8.951	71.221	0.614	0.114	-0.502	49.000	33.345	11.115	21.710	19.435	7.532	14.304	14.190	106.884	0.258	-0.076	-0.340	49.000	36.855	13.845	27.300	16.315	7.035	9.869	6.452	45.385	0.516	0.142	0.126	NaN	NaN	NaN	NaN	NaN	NaN	NaN	NaN	NaN	NaN	NaN	NaN
71	50.000	42.965	4.680	39.910	3.900	4.138	3.153	-1.669	-6.904	-0.014	NaN	0.016	50.000	32.435	9.880	23.595	12.285	7.895	9.161	9.156	72.281	0.205	0.143	-0.063	50.000	33.605	10.985	21.710	19.500	7.242	14.629	14.514	105.105	0.324	0.038	-0.287	50.000	36.725	13.910	27.040	16.315	7.151	9.979	6.544	46.796	0.092	0.252	0.142	NaN	NaN	NaN	NaN	NaN	NaN	NaN	NaN	NaN	NaN	NaN	NaN
72	51.000	43.030	4.680	39.975	3.965	4.229	3.138	-1.712	-7.242	-0.044	-0.078	-0.063	51.000	32.435	9.880	23.530	12.285	7.876	9.224	9.220	72.615	0.064	0.063	NaN	51.000	33.605	10.920	21.710	19.500	7.181	14.667	14.513	104.214	-9.956E-4	NaN	-0.038	51.000	36.595	14.040	26.845	16.315	7.269	10.012	6.548	47.595	0.004	0.190	0.156	NaN	NaN	NaN	NaN	NaN	NaN	NaN	NaN	NaN	NaN	NaN	NaN
73	52.000	42.835	4.680	39.845	3.965	3.999	3.074	-1.578	-6.312	0.134	0.126	0.190	52.000	32.630	9.750	23.335	12.220	7.733	9.618	9.613	74.335	0.393	0.172	-0.222	52.000	33.605	10.920	21.645	19.565	7.269	14.757	14.608	106.183	0.096	0.091	NaN	52.000	36.855	13.715	26.780	16.380	6.948	10.422	6.987	48.545	0.439	0.079	-0.334	NaN	NaN	NaN	NaN	NaN	NaN	NaN	NaN	NaN	NaN	NaN	NaN
74	53.000	42.965	4.680	39.845	3.900	4.091	3.216	-1.686	-6.895	-0.107	0.016	-0.126	53.000	32.500	9.685	23.335	12.220	7.839	9.509	9.509	74.542	-0.104	NaN	0.108	53.000	33.670	10.920	21.775	19.435	7.211	14.629	14.499	104.552	-0.110	-0.181	-0.053	53.000	36.920	13.715	26.585	16.380	6.918	10.673	7.039	48.702	0.052	0.189	-0.063	NaN	NaN	NaN	NaN	NaN	NaN	NaN	NaN	NaN	NaN	NaN	NaN
75	54.000	42.835	4.615	39.845	3.965	3.954	3.060	-1.594	-6.304	0.091	-0.014	0.141	54.000	32.630	9.620	23.205	12.285	7.777	9.795	9.794	76.168	0.286	0.143	-0.143	54.000	33.670	10.920	21.840	19.305	7.299	14.500	14.387	105.012	-0.112	-0.128	NaN	54.000	37.050	13.650	26.455	16.380	6.889	10.941	7.145	49.225	0.106	0.126	-0.142	NaN	NaN	NaN	NaN	NaN	NaN	NaN	NaN	NaN	NaN	NaN	NaN
76	55.000	42.835	4.615	39.910	3.965	3.909	2.996	-1.519	-5.936	0.076	-0.063	NaN	55.000	32.760	9.555	23.075	12.350	7.696	10.080	10.080	77.579	0.286	0.143	-0.143	55.000	33.605	10.920	21.905	19.240	7.414	14.357	14.226	105.473	-0.161	-0.091	0.053	55.000	37.180	13.650	26.455	16.445	6.861	11.083	7.190	49.327	0.045	0.016	-0.126	NaN	NaN	NaN	NaN	NaN	NaN	NaN	NaN	NaN	NaN	NaN	NaN
77	56.000	42.900	4.745	39.910	3.900	3.862	3.107	-1.581	-6.105	-0.062	0.018	-0.098	56.000	32.760	9.555	23.010	12.415	7.652	10.161	10.161	77.748	0.081	0.081	NaN	56.000	33.670	10.855	21.905	19.240	7.299	14.447	14.330	104.594	0.103	NaN	-0.091	56.000	37.245	13.585	26.455	16.380	6.805	11.146	7.071	48.119	-0.119	-0.016	-0.079	NaN	NaN	NaN	NaN	NaN	NaN	NaN	NaN	NaN	NaN	NaN	NaN
78	57.000	42.705	4.615	39.910	3.900	3.822	2.885	-1.319	-5.040	0.262	NaN	0.221	57.000	32.825	9.425	22.880	12.480	7.599	10.404	10.396	79.003	0.235	0.143	-0.100	57.000	33.670	10.920	21.905	19.305	7.356	14.447	14.322	105.359	-0.008	0.038	0.038	57.000	37.180	13.585	26.260	16.380	6.802	11.272	7.310	49.728	0.240	0.189	0.063	NaN	NaN	NaN	NaN	NaN	NaN	NaN	NaN	NaN	NaN	NaN	NaN
79	58.000	42.770	4.680	39.910	3.900	3.769	2.964	-1.471	-5.543	-0.152	NaN	-0.080	58.000	32.825	9.555	22.685	12.610	7.608	10.590	10.590	80.571	0.194	0.224	0.038	58.000	33.735	10.855	21.905	19.240	7.273	14.500	14.408	104.788	0.086	-0.038	-0.091	58.000	37.245	13.390	26.130	16.445	6.687	11.527	7.515	50.256	0.205	0.143	-0.114	NaN	NaN	NaN	NaN	NaN	NaN	NaN	NaN	NaN	NaN	NaN	NaN
80	59.000	42.770	4.680	39.910	3.900	3.815	2.964	-1.502	-5.729	-0.031	NaN	NaN	59.000	32.825	9.555	22.425	12.740	7.546	10.877	10.877	82.075	0.287	0.287	NaN	59.000	33.735	10.920	21.905	19.240	7.248	14.463	14.395	104.332	-0.013	NaN	0.037	59.000	37.310	13.390	26.000	16.445	6.633	11.715	7.439	49.344	-0.076	0.126	-0.063	NaN	NaN	NaN	NaN	NaN	NaN	NaN	NaN	NaN	NaN	NaN	NaN
81	60.000	42.705	4.680	39.910	3.900	3.723	2.902	-1.394	-5.188	0.108	NaN	0.063	60.000	32.760	9.620	22.295	12.870	7.689	10.958	10.958	84.259	0.081	0.163	0.081	60.000	33.475	10.985	21.905	19.240	7.563	14.213	14.115	106.757	-0.280	NaN	0.249	60.000	37.375	13.325	25.805	16.510	6.574	12.000	7.702	50.632	0.263	0.205	-0.080	NaN	NaN	NaN	NaN	NaN	NaN	NaN	NaN	NaN	NaN	NaN	NaN
82	61.000	42.705	4.680	39.910	3.900	3.678	2.902	-1.488	-5.471	-0.094	NaN	NaN	61.000	33.020	9.490	22.100	13.000	7.379	11.470	11.470	84.644	0.512	0.225	-0.287	61.000	33.540	10.985	21.905	19.240	7.514	14.266	14.206	106.749	0.092	NaN	-0.053	61.000	37.635	13.065	25.675	16.575	6.325	12.464	7.794	49.297	0.092	0.143	-0.323	NaN	NaN	NaN	NaN	NaN	NaN	NaN	NaN	NaN	NaN	NaN	NaN
83	62.000	42.770	4.615	39.845	3.900	3.682	3.011	-1.689	-6.219	-0.202	0.063	-0.048	62.000	32.955	9.490	21.905	13.195	7.482	11.655	11.655	87.200	0.184	0.247	0.062	62.000	33.410	11.050	21.840	19.305	7.725	14.213	14.167	109.440	-0.040	0.091	0.144	62.000	37.830	12.870	25.545	16.575	6.193	12.832	7.845	48.583	0.051	0.124	-0.243	NaN	NaN	NaN	NaN	NaN	NaN	NaN	NaN	NaN	NaN	NaN	NaN
84	63.000	42.705	4.680	39.910	3.900	3.504	2.902	-1.619	-5.674	0.070	-0.063	0.045	63.000	32.630	9.490	21.775	13.260	7.832	11.491	11.491	89.993	-0.164	0.144	0.307	63.000	33.540	10.985	21.840	19.305	7.648	14.357	14.328	109.580	0.161	NaN	-0.144	63.000	38.155	12.480	25.220	16.640	5.838	13.587	8.114	47.366	0.269	0.329	-0.429	NaN	NaN	NaN	NaN	NaN	NaN	NaN	NaN	NaN	NaN	NaN	NaN
85	64.000	42.705	4.615	39.910	3.900	3.769	2.885	-1.471	-5.543	0.149	NaN	0.016	64.000	32.760	9.425	21.645	13.325	7.589	11.779	11.764	89.283	0.273	0.144	-0.144	64.000	33.670	10.920	21.905	19.240	7.337	14.410	14.343	105.228	0.015	-0.091	-0.144	64.000	37.570	13.195	25.220	16.640	6.410	12.821	7.938	50.882	-0.176	NaN	0.756	NaN	NaN	NaN	NaN	NaN	NaN	NaN	NaN	NaN	NaN	NaN	NaN
86	65.000	42.705	4.680	39.910	3.900	3.472	2.902	-1.716	-5.957	-0.245	NaN	-0.017	65.000	32.760	9.425	21.710	13.650	7.669	11.830	11.828	90.711	0.064	0.055	NaN	65.000	33.605	10.920	21.775	19.500	7.573	14.614	14.591	110.492	0.248	0.258	0.053	65.000	38.285	12.350	25.025	16.705	5.778	13.957	8.043	46.471	0.105	0.206	-0.943	NaN	NaN	NaN	NaN	NaN	NaN	NaN	NaN	NaN	NaN	NaN	NaN
87	66.000	42.770	4.615	39.975	3.900	3.575	2.885	-1.807	-6.460	-0.091	-0.063	-0.047	66.000	32.695	9.425	21.515	13.780	7.691	11.998	11.996	92.270	0.168	0.229	0.061	66.000	33.605	10.985	21.775	19.500	7.590	14.576	14.568	110.564	-0.023	NaN	0.038	66.000	38.415	12.220	24.765	16.705	5.661	14.368	7.931	44.895	-0.113	0.247	-0.164	NaN	NaN	NaN	NaN	NaN	NaN	NaN	NaN	NaN	NaN	NaN	NaN
88	67.000	42.770	4.680	39.910	3.965	3.446	2.948	-1.902	-6.553	-0.095	0.047	-0.016	67.000	32.630	9.425	21.580	13.975	7.836	11.950	11.943	93.584	-0.054	0.014	0.060	67.000	33.605	10.985	21.710	19.565	7.680	14.667	14.659	112.579	0.091	0.091	NaN	67.000	38.545	12.090	24.570	16.770	5.581	14.738	8.104	45.233	0.174	0.206	-0.165	NaN	NaN	NaN	NaN	NaN	NaN	NaN	NaN	NaN	NaN	NaN	NaN
89	68.000	42.770	4.680	39.910	3.965	3.408	2.948	-1.936	-6.599	-0.035	NaN	NaN	68.000	32.695	9.425	21.450	13.715	7.798	12.036	12.036	93.854	0.093	0.029	-0.061	68.000	33.735	10.855	21.710	19.565	7.536	14.848	14.841	111.836	0.182	NaN	-0.182	68.000	38.480	12.025	24.440	16.770	5.598	14.820	8.322	46.589	0.218	0.123	0.041	NaN	NaN	NaN	NaN	NaN	NaN	NaN	NaN	NaN	NaN	NaN	NaN
90	69.000	42.770	4.680	39.910	3.965	3.408	2.948	-1.936	-6.599	NaN	NaN	NaN	69.000	32.630	9.490	21.450	13.715	7.882	11.952	11.951	94.201	-0.084	NaN	0.084	69.000	33.670	10.920	21.710	19.565	7.626	14.757	14.751	112.495	-0.089	NaN	0.091	69.000	38.480	11.960	24.310	16.835	5.536	14.985	8.521	47.168	0.199	0.144	-0.021	NaN	NaN	NaN	NaN	NaN	NaN	NaN	NaN	NaN	NaN	NaN	NaN
91	70.000	42.705	4.745	39.975	3.900	3.462	2.858	-1.780	-6.160	0.157	-0.043	0.043	70.000	32.435	9.555	21.450	13.780	7.943	11.769	11.769	93.482	-0.182	0.023	0.205	70.000	33.605	10.920	21.645	19.695	7.536	14.834	14.823	111.705	0.072	0.129	0.052	70.000	38.350	12.220	24.115	16.835	5.724	14.964	8.173	46.779	-0.348	0.185	0.204	NaN	NaN	NaN	NaN	NaN	NaN	NaN	NaN	NaN	NaN	NaN	NaN
92	71.000	42.705	4.875	39.910	3.900	3.318	2.960	-1.746	-5.792	0.034	0.061	-0.043	71.000	32.565	9.490	21.450	13.780	7.897	11.914	11.913	94.074	0.143	NaN	-0.145	71.000	33.605	10.985	21.580	19.760	7.644	14.886	14.871	113.674	0.048	0.091	0.038	71.000	38.285	12.220	24.050	16.900	5.716	14.985	8.680	49.610	0.507	0.082	0.062	NaN	NaN	NaN	NaN	NaN	NaN	NaN	NaN	NaN	NaN	NaN	NaN
93	72.000	42.705	4.680	39.975	3.900	3.393	2.839	-1.733	-5.881	0.013	-0.062	0.054	72.000	32.630	9.425	21.515	13.650	7.836	11.891	11.891	93.174	-0.022	-0.107	-0.084	72.000	33.475	11.115	21.775	19.565	7.860	14.432	14.427	113.399	-0.445	-0.272	0.182	72.000	38.415	12.090	24.050	16.965	5.616	15.170	8.673	48.710	-0.006	0.021	-0.165	NaN	NaN	NaN	NaN	NaN	NaN	NaN	NaN	NaN	NaN	NaN	NaN
94	73.000	42.770	4.680	39.910	3.900	3.499	2.964	-1.889	-6.608	-0.155	0.063	-0.063	73.000	32.565	9.425	21.645	13.780	7.836	11.756	11.753	92.097	-0.137	-0.073	0.060	73.000	33.605	11.050	21.775	19.565	7.663	14.576	14.573	111.671	0.147	NaN	-0.143	73.000	38.480	12.090	23.920	16.900	5.581	15.334	8.380	46.771	-0.294	0.103	-0.062	NaN	NaN	NaN	NaN	NaN	NaN	NaN	NaN	NaN	NaN	NaN	NaN
95	74.000	42.770	4.745	39.910	3.900	8.619	2.982	-2.060	-17.753	-0.171	NaN	-0.018	74.000	32.565	9.425	21.710	13.975	2.758	11.770	11.389	31.409	-0.364	0.015	NaN	74.000	23.400	16.770	21.645	19.630	14.189	3.356	3.030	42.998	-11.543	0.123	10.213	NaN	NaN	NaN	NaN	NaN	NaN	NaN	NaN	NaN	NaN	NaN	NaN	NaN	NaN	NaN	NaN	NaN	NaN	NaN	NaN	NaN	NaN	NaN	NaN
96	75.000	42.705	4.745	39.910	3.900	8.684	2.920	-1.976	-17.158	0.084	NaN	0.062	75.000	32.695	9.360	21.515	14.235	2.542	12.197	11.521	29.292	0.132	0.283	-0.145	75.000	23.270	17.030	21.710	19.630	14.314	3.032	2.732	39.107	-0.298	-0.033	0.290	NaN	NaN	NaN	NaN	NaN	NaN	NaN	NaN	NaN	NaN	NaN	NaN	NaN	NaN	NaN	NaN	NaN	NaN	NaN	NaN	NaN	NaN	NaN	NaN
97	76.000	42.705	4.745	39.910	3.965	8.539	2.902	-2.006	-17.132	-0.031	-0.017	NaN	76.000	32.955	9.360	21.580	14.690	2.419	12.562	11.882	28.743	0.361	0.134	-0.235	76.000	23.465	17.030	21.710	19.565	14.296	3.083	2.866	40.978	0.134	-0.053	-0.111	NaN	NaN	NaN	NaN	NaN	NaN	NaN	NaN	NaN	NaN	NaN	NaN	NaN	NaN	NaN	NaN	NaN	NaN	NaN	NaN	NaN	NaN	NaN	NaN
98	77.000	42.640	4.745	39.910	3.965	8.517	2.839	-1.929	-16.427	0.078	NaN	0.062	77.000	33.020	9.360	21.645	14.690	2.348	12.562	11.778	27.657	-0.104	-0.059	-0.059	77.000	23.335	17.095	21.775	19.500	14.404	2.867	2.626	37.831	-0.240	-0.090	0.125	NaN	NaN	NaN	NaN	NaN	NaN	NaN	NaN	NaN	NaN	NaN	NaN	NaN	NaN	NaN	NaN	NaN	NaN	NaN	NaN	NaN	NaN	NaN	NaN
99	78.000	42.640	4.745	39.910	3.900	8.572	2.858	-1.903	-16.317	0.025	0.019	NaN	78.000	32.955	9.360	21.710	14.560	2.348	12.389	11.638	27.327	-0.140	-0.114	0.059	78.000	23.270	17.160	21.775	19.500	14.440	2.777	2.541	36.686	-0.086	NaN	0.090	NaN	NaN	NaN	NaN	NaN	NaN	NaN	NaN	NaN	NaN	NaN	NaN	NaN	NaN	NaN	NaN	NaN	NaN	NaN	NaN	NaN	NaN	NaN	NaN
100	79.000	42.640	4.680	39.910	3.900	8.572	2.839	-1.937	-16.604	-0.034	NaN	0.018	79.000	32.695	9.425	21.775	14.430	2.620	12.012	11.456	30.019	-0.182	-0.113	0.263	79.000	23.335	17.160	21.710	19.500	14.422	2.849	2.655	38.295	0.115	0.037	-0.037	NaN	NaN	NaN	NaN	NaN	NaN	NaN	NaN	NaN	NaN	NaN	NaN	NaN	NaN	NaN	NaN	NaN	NaN	NaN	NaN	NaN	NaN	NaN	NaN
101	80.000	42.640	4.680	39.910	3.900	8.606	2.839	-1.923	-16.554	0.013	NaN	NaN	80.000	33.020	9.360	21.775	14.300	2.283	12.282	11.626	26.546	0.169	-0.052	-0.324	80.000	23.335	17.225	21.645	19.565	14.422	2.886	2.709	39.073	0.054	0.091	0.053	NaN	NaN	NaN	NaN	NaN	NaN	NaN	NaN	NaN	NaN	NaN	NaN	NaN	NaN	NaN	NaN	NaN	NaN	NaN	NaN	NaN	NaN	NaN	NaN
102	81.000	42.705	4.680	39.910	3.900	8.751	2.902	-1.982	-17.344	-0.058	NaN	-0.063	81.000	32.825	9.425	21.775	14.170	2.413	12.026	11.397	27.501	-0.228	-0.051	0.205	81.000	23.140	17.355	21.710	19.500	14.567	2.578	2.383	34.717	-0.326	-0.090	0.216	NaN	NaN	NaN	NaN	NaN	NaN	NaN	NaN	NaN	NaN	NaN	NaN	NaN	NaN	NaN	NaN	NaN	NaN	NaN	NaN	NaN	NaN	NaN	NaN
103	82.000	42.705	4.615	39.910	3.900	8.640	2.885	-2.000	-17.276	-0.018	NaN	0.016	82.000	32.825	9.425	21.970	13.975	2.548	11.770	11.263	28.700	-0.135	-0.255	NaN	82.000	23.335	17.225	21.710	19.435	14.476	2.743	2.580	37.353	0.197	-0.052	-0.220	NaN	NaN	NaN	NaN	NaN	NaN	NaN	NaN	NaN	NaN	NaN	NaN	NaN	NaN	NaN	NaN	NaN	NaN	NaN	NaN	NaN	NaN	NaN	NaN
104	83.000	42.705	4.615	39.910	3.900	8.909	2.885	-1.985	-17.682	0.015	NaN	NaN	83.000	33.020	9.425	22.035	13.910	2.146	11.865	11.116	23.854	-0.147	-0.085	-0.181	83.000	23.075	17.550	21.710	19.500	14.603	2.380	2.224	32.473	-0.357	0.053	0.415	NaN	NaN	NaN	NaN	NaN	NaN	NaN	NaN	NaN	NaN	NaN	NaN	NaN	NaN	NaN	NaN	NaN	NaN	NaN	NaN	NaN	NaN	NaN	NaN
105	84.000	42.705	4.550	39.910	3.900	8.854	2.870	-2.011	-17.808	-0.027	NaN	0.015	84.000	32.955	9.425	22.165	13.780	2.279	11.636	11.021	25.113	-0.095	-0.169	0.060	84.000	23.140	17.485	21.775	19.435	14.603	2.380	2.224	32.473	1.776E-15	-0.091	-0.091	NaN	NaN	NaN	NaN	NaN	NaN	NaN	NaN	NaN	NaN	NaN	NaN	NaN	NaN	NaN	NaN	NaN	NaN	NaN	NaN	NaN	NaN	NaN	NaN
106	85.000	42.640	4.615	39.910	3.900	8.799	2.822	-1.913	-16.837	0.098	NaN	0.046	85.000	32.890	9.425	22.360	13.650	2.341	11.346	10.643	24.915	-0.378	-0.229	0.060	85.000	23.075	17.550	21.775	19.435	14.657	2.290	2.131	31.240	-0.092	NaN	0.090	NaN	NaN	NaN	NaN	NaN	NaN	NaN	NaN	NaN	NaN	NaN	NaN	NaN	NaN	NaN	NaN	NaN	NaN	NaN	NaN	NaN	NaN	NaN	NaN
107	86.000	42.640	4.550	39.975	3.900	8.709	2.743	-1.898	-16.532	0.015	-0.063	0.015	86.000	32.565	9.490	22.490	13.390	2.742	10.804	10.399	28.519	-0.244	-0.215	0.327	86.000	23.335	17.290	21.710	19.500	14.422	2.743	2.583	37.248	0.451	0.091	-0.363	NaN	NaN	NaN	NaN	NaN	NaN	NaN	NaN	NaN	NaN	NaN	NaN	NaN	NaN	NaN	NaN	NaN	NaN	NaN	NaN	NaN	NaN	NaN	NaN
108	87.000	42.640	4.550	39.910	3.900	8.709	2.806	-1.953	-17.010	-0.055	0.063	NaN	87.000	32.630	9.490	22.555	13.260	2.678	10.757	10.393	27.830	-0.006	-0.106	-0.061	87.000	23.270	17.355	21.645	19.565	14.513	2.743	2.584	37.497	0.001	0.091	0.091	NaN	NaN	NaN	NaN	NaN	NaN	NaN	NaN	NaN	NaN	NaN	NaN	NaN	NaN	NaN	NaN	NaN	NaN	NaN	NaN	NaN	NaN	NaN	NaN
109	88.000	42.640	4.615	39.975	3.900	8.709	2.759	-1.863	-16.228	0.090	-0.063	-0.017	88.000	32.890	9.425	22.620	13.130	2.409	10.918	10.455	25.181	0.062	-0.105	-0.267	88.000	23.205	17.420	21.580	19.630	14.567	2.743	2.581	37.603	-0.002	0.091	0.091	NaN	NaN	NaN	NaN	NaN	NaN	NaN	NaN	NaN	NaN	NaN	NaN	NaN	NaN	NaN	NaN	NaN	NaN	NaN	NaN	NaN	NaN	NaN	NaN
110	89.000	42.640	4.615	39.910	3.900	8.675	2.822	-1.931	-16.752	-0.068	0.063	NaN	89.000	32.825	9.425	22.620	13.130	2.478	10.857	10.465	25.929	0.010	NaN	0.061	89.000	23.270	17.355	21.515	19.760	14.513	2.977	2.801	40.645	0.219	0.143	-0.091	NaN	NaN	NaN	NaN	NaN	NaN	NaN	NaN	NaN	NaN	NaN	NaN	NaN	NaN	NaN	NaN	NaN	NaN	NaN	NaN	NaN	NaN	NaN	NaN
111	90.000	42.705	4.550	39.910	3.900	8.675	2.870	-2.021	-17.530	-0.090	NaN	-0.049	90.000	32.955	9.425	22.685	13.065	2.419	10.896	10.602	25.646	0.137	-0.083	-0.123	90.000	23.400	17.225	21.515	19.760	14.422	3.159	2.980	42.977	0.179	NaN	-0.182	NaN	NaN	NaN	NaN	NaN	NaN	NaN	NaN	NaN	NaN	NaN	NaN	NaN	NaN	NaN	NaN	NaN	NaN	NaN	NaN	NaN	NaN	NaN	NaN
112	91.000	42.770	4.615	39.910	3.900	8.730	2.948	-2.050	-17.893	-0.029	NaN	-0.079	91.000	32.890	9.425	22.620	13.130	2.478	10.918	10.530	26.089	-0.072	0.083	0.061	91.000	23.400	17.225	21.580	19.760	14.386	3.121	2.922	42.035	-0.058	-0.038	NaN	NaN	NaN	NaN	NaN	NaN	NaN	NaN	NaN	NaN	NaN	NaN	NaN	NaN	NaN	NaN	NaN	NaN	NaN	NaN	NaN	NaN	NaN	NaN	NaN
113	92.000	42.705	4.615	39.975	3.900	8.730	2.822	-1.939	-16.930	0.110	-0.063	0.063	92.000	33.085	9.360	22.620	13.130	2.214	11.123	10.668	23.618	0.139	NaN	-0.205	92.000	23.270	17.355	21.645	19.695	14.513	2.849	2.657	38.553	-0.265	-0.090	0.181	NaN	NaN	NaN	NaN	NaN	NaN	NaN	NaN	NaN	NaN	NaN	NaN	NaN	NaN	NaN	NaN	NaN	NaN	NaN	NaN	NaN	NaN	NaN	NaN
114	93.000	42.705	4.680	39.910	3.900	8.606	2.902	-1.979	-17.031	-0.040	0.063	-0.017	93.000	32.760	9.555	22.815	13.000	2.629	10.525	10.346	27.201	-0.322	-0.227	0.371	93.000	23.400	17.160	21.710	19.695	14.386	3.047	2.814	40.480	0.157	-0.036	-0.234	NaN	NaN	NaN	NaN	NaN	NaN	NaN	NaN	NaN	NaN	NaN	NaN	NaN	NaN	NaN	NaN	NaN	NaN	NaN	NaN	NaN	NaN	NaN	NaN
115	94.000	42.705	4.680	39.910	3.900	8.695	2.902	-1.974	-17.162	0.005	NaN	NaN	94.000	32.760	9.555	22.880	12.870	2.556	10.421	10.221	26.123	-0.125	-0.103	NaN	94.000	23.335	17.225	21.710	19.760	14.386	3.011	2.760	39.702	-0.054	0.055	0.090	NaN	NaN	NaN	NaN	NaN	NaN	NaN	NaN	NaN	NaN	NaN	NaN	NaN	NaN	NaN	NaN	NaN	NaN	NaN	NaN	NaN	NaN	NaN	NaN
116	95.000	42.705	4.615	39.975	3.900	8.606	2.822	-1.957	-16.845	0.016	-0.063	0.016	95.000	32.695	9.555	22.880	12.805	2.704	10.339	10.222	27.636	6.260E-4	-0.020	0.062	95.000	23.465	17.095	21.645	19.890	14.332	3.335	3.070	43.995	0.310	0.144	-0.180	NaN	NaN	NaN	NaN	NaN	NaN	NaN	NaN	NaN	NaN	NaN	NaN	NaN	NaN	NaN	NaN	NaN	NaN	NaN	NaN	NaN	NaN	NaN	NaN
117	96.000	42.640	4.680	39.975	3.900	8.640	2.777	-1.855	-16.025	0.103	NaN	0.044	96.000	32.825	9.555	22.880	12.870	2.491	10.483	10.292	25.642	0.071	0.021	-0.123	96.000	23.270	17.225	21.580	20.020	14.440	3.266	2.955	42.668	-0.115	0.145	0.212	NaN	NaN	NaN	NaN	NaN	NaN	NaN	NaN	NaN	NaN	NaN	NaN	NaN	NaN	NaN	NaN	NaN	NaN	NaN	NaN	NaN	NaN	NaN	NaN
118	97.000	42.640	4.680	39.975	3.900	8.730	2.777	-1.850	-16.148	0.005	NaN	NaN	97.000	32.565	9.620	22.815	12.935	2.685	10.298	10.080	27.061	-0.213	0.082	0.267	97.000	23.140	17.355	21.450	20.085	14.530	3.211	2.920	42.436	-0.034	0.124	0.179	NaN	NaN	NaN	NaN	NaN	NaN	NaN	NaN	NaN	NaN	NaN	NaN	NaN	NaN	NaN	NaN	NaN	NaN	NaN	NaN	NaN	NaN	NaN	NaN
119	98.000	42.770	4.745	39.845	3.900	8.806	3.045	-2.068	-18.210	-0.218	0.125	-0.143	98.000	32.565	9.620	22.815	13.000	2.685	10.319	10.087	27.082	0.008	0.021	NaN	98.000	23.205	17.355	21.385	20.215	14.476	3.390	3.104	44.937	0.184	0.145	-0.035	NaN	NaN	NaN	NaN	NaN	NaN	NaN	NaN	NaN	NaN	NaN	NaN	NaN	NaN	NaN	NaN	NaN	NaN	NaN	NaN	NaN	NaN	NaN	NaN
120	99.000	42.705	4.680	39.910	3.900	8.819	2.902	-1.955	-17.242	0.113	-0.063	0.080	99.000	32.500	9.685	22.815	12.935	2.749	10.216	10.001	27.496	-0.086	-0.021	0.082	99.000	23.205	17.420	21.385	20.280	14.476	3.390	3.104	44.937	-1.776E-15	0.055	0.055	NaN	NaN	NaN	NaN	NaN	NaN	NaN	NaN	NaN	NaN	NaN	NaN	NaN	NaN	NaN	NaN	NaN	NaN	NaN	NaN	NaN	NaN	NaN	NaN
121	100.000	42.705	4.680	39.910	3.900	8.730	2.902	-1.960	-17.111	-0.005	NaN	NaN	100.000	32.695	9.555	22.945	12.805	2.613	10.277	10.025	26.195	0.024	-0.164	-0.226	100.000	23.270	17.355	21.320	20.345	14.476	3.570	3.285	47.548	0.180	0.090	-0.090	NaN	NaN	NaN	NaN	NaN	NaN	NaN	NaN	NaN	NaN	NaN	NaN	NaN	NaN	NaN	NaN	NaN	NaN	NaN	NaN	NaN	NaN	NaN	NaN
122	101.000	42.705	4.680	39.910	3.900	8.764	2.902	-1.947	-17.061	0.014	NaN	NaN	101.000	32.630	9.555	22.880	12.805	2.672	10.277	9.961	26.618	-0.064	0.062	0.062	101.000	23.205	17.420	21.515	20.215	14.530	3.266	2.957	42.960	-0.328	-0.212	0.089	NaN	NaN	NaN	NaN	NaN	NaN	NaN	NaN	NaN	NaN	NaN	NaN	NaN	NaN	NaN	NaN	NaN	NaN	NaN	NaN	NaN	NaN	NaN	NaN
123	102.000	42.705	4.680	39.845	3.900	8.640	2.964	-2.021	-17.458	-0.074	0.063	NaN	102.000	32.565	9.555	23.140	12.415	2.814	9.849	9.692	27.272	-0.269	-0.362	0.062	102.000	23.465	17.160	21.710	19.695	14.296	3.083	2.866	40.978	-0.090	-0.539	-0.362	NaN	NaN	NaN	NaN	NaN	NaN	NaN	NaN	NaN	NaN	NaN	NaN	NaN	NaN	NaN	NaN	NaN	NaN	NaN	NaN	NaN	NaN	NaN	NaN
124	103.000	42.770	4.810	39.910	3.900	8.572	3.001	-1.981	-16.985	0.039	-0.062	-0.101	103.000	32.825	9.425	23.205	12.285	2.607	10.036	9.807	25.570	0.115	-0.099	-0.286	103.000	23.530	17.095	21.840	19.565	14.260	2.993	2.772	39.529	-0.094	-0.181	-0.090	NaN	NaN	NaN	NaN	NaN	NaN	NaN	NaN	NaN	NaN	NaN	NaN	NaN	NaN	NaN	NaN	NaN	NaN	NaN	NaN	NaN	NaN	NaN	NaN
125	104.000	42.770	4.745	39.910	3.900	8.572	2.982	-2.015	-17.272	-0.034	NaN	0.018	104.000	32.890	9.425	23.205	12.285	2.548	10.098	9.926	25.295	0.119	NaN	-0.062	104.000	23.530	17.095	21.840	19.565	14.296	2.993	2.776	39.690	0.004	NaN	NaN	NaN	NaN	NaN	NaN	NaN	NaN	NaN	NaN	NaN	NaN	NaN	NaN	NaN	NaN	NaN	NaN	NaN	NaN	NaN	NaN	NaN	NaN	NaN	NaN
126	105.000	42.835	4.745	39.910	3.900	8.539	3.045	-2.085	-17.804	-0.070	NaN	-0.062	105.000	33.085	9.360	23.205	12.285	2.419	10.304	10.137	24.522	0.211	NaN	-0.205	105.000	23.660	16.965	21.905	19.760	14.206	3.300	3.009	42.744	0.233	0.131	-0.179	NaN	NaN	NaN	NaN	NaN	NaN	NaN	NaN	NaN	NaN	NaN	NaN	NaN	NaN	NaN	NaN	NaN	NaN	NaN	NaN	NaN	NaN	NaN	NaN
127	106.000	42.705	4.680	39.975	3.900	8.461	2.839	-1.920	-16.249	0.165	-0.062	0.143	106.000	33.150	9.295	23.140	12.285	2.348	10.447	10.224	24.006	0.087	0.062	-0.081	106.000	23.725	16.900	21.970	19.825	14.116	3.411	3.079	43.463	0.070	0.022	-0.089	NaN	NaN	NaN	NaN	NaN	NaN	NaN	NaN	NaN	NaN	NaN	NaN	NaN	NaN	NaN	NaN	NaN	NaN	NaN	NaN	NaN	NaN	NaN	NaN
128	107.000	42.770	4.745	39.975	3.900	8.450	2.920	-1.979	-16.723	-0.059	NaN	-0.081	107.000	33.280	9.165	23.205	12.220	2.214	10.528	10.237	22.663	0.013	-0.081	-0.162	107.000	23.660	16.835	22.035	19.825	14.170	3.403	3.003	42.546	-0.076	-0.031	-0.026	NaN	NaN	NaN	NaN	NaN	NaN	NaN	NaN	NaN	NaN	NaN	NaN	NaN	NaN	NaN	NaN	NaN	NaN	NaN	NaN	NaN	NaN	NaN	NaN
129	108.000	42.705	4.745	39.910	3.900	8.160	2.920	-1.974	-16.106	0.005	0.062	0.062	108.000	33.215	9.230	23.270	12.220	2.491	10.385	10.250	25.536	0.013	-0.062	0.081	108.000	24.115	16.510	21.970	19.890	13.846	4.003	3.649	50.523	0.646	0.090	-0.518	NaN	NaN	NaN	NaN	NaN	NaN	NaN	NaN	NaN	NaN	NaN	NaN	NaN	NaN	NaN	NaN	NaN	NaN	NaN	NaN	NaN	NaN	NaN	NaN
130	109.000	42.705	4.680	39.910	3.900	8.160	2.902	-2.007	-16.376	-0.033	NaN	0.017	109.000	33.150	9.230	23.270	12.220	2.565	10.323	10.220	26.212	-0.030	NaN	0.062	109.000	24.115	16.445	22.035	20.020	13.846	4.136	3.702	51.253	0.053	0.080	-0.056	NaN	NaN	NaN	NaN	NaN	NaN	NaN	NaN	NaN	NaN	NaN	NaN	NaN	NaN	NaN	NaN	NaN	NaN	NaN	NaN	NaN	NaN	NaN	NaN
131	110.000	42.770	4.680	39.910	3.900	8.160	2.964	-2.063	-16.832	-0.056	NaN	-0.063	110.000	33.215	9.230	23.205	12.285	2.565	10.466	10.358	26.567	0.138	0.081	-0.062	110.000	24.115	16.445	21.905	20.085	13.900	4.258	3.841	53.396	0.140	0.123	NaN	NaN	NaN	NaN	NaN	NaN	NaN	NaN	NaN	NaN	NaN	NaN	NaN	NaN	NaN	NaN	NaN	NaN	NaN	NaN	NaN	NaN	NaN	NaN	NaN
132	111.000	42.770	4.680	39.910	3.900	8.160	2.964	-2.063	-16.832	NaN	NaN	NaN	111.000	32.955	9.360	23.075	12.350	2.843	10.323	10.260	29.169	-0.098	0.143	0.287	111.000	24.245	16.380	21.840	20.345	13.756	4.637	4.185	57.566	0.343	0.256	-0.123	NaN	NaN	NaN	NaN	NaN	NaN	NaN	NaN	NaN	NaN	NaN	NaN	NaN	NaN	NaN	NaN	NaN	NaN	NaN	NaN	NaN	NaN	NaN	NaN
133	112.000	42.705	4.615	39.975	3.900	8.227	2.822	-1.957	-16.097	0.106	-0.063	0.079	112.000	33.020	9.360	22.880	12.480	2.704	10.609	10.520	28.443	0.260	0.225	-0.062	112.000	23.985	16.510	21.775	20.475	13.954	4.539	4.014	56.011	-0.171	0.145	0.240	NaN	NaN	NaN	NaN	NaN	NaN	NaN	NaN	NaN	NaN	NaN	NaN	NaN	NaN	NaN	NaN	NaN	NaN	NaN	NaN	NaN	NaN	NaN	NaN
134	113.000	42.705	4.615	39.910	3.900	8.406	2.885	-2.001	-16.824	-0.045	0.063	NaN	113.000	32.825	9.425	22.750	12.545	2.758	10.547	10.415	28.722	-0.105	0.143	0.206	113.000	23.790	16.705	21.710	20.540	14.044	4.363	3.837	53.886	-0.177	0.088	0.264	NaN	NaN	NaN	NaN	NaN	NaN	NaN	NaN	NaN	NaN	NaN	NaN	NaN	NaN	NaN	NaN	NaN	NaN	NaN	NaN	NaN	NaN	NaN	NaN
135	114.000	42.640	4.485	39.910	3.900	8.420	2.792	-1.981	-16.680	0.020	NaN	0.091	114.000	32.955	9.425	22.685	12.675	2.629	10.772	10.638	27.970	0.224	0.101	-0.124	114.000	23.790	16.705	21.645	20.605	14.044	4.451	3.927	55.149	0.090	0.088	NaN	NaN	NaN	NaN	NaN	NaN	NaN	NaN	NaN	NaN	NaN	NaN	NaN	NaN	NaN	NaN	NaN	NaN	NaN	NaN	NaN	NaN	NaN	NaN	NaN
136	115.000	42.575	4.485	39.910	3.900	8.311	2.728	-1.910	-15.873	0.071	NaN	0.063	115.000	32.825	9.490	22.685	12.675	2.832	10.628	10.520	29.790	-0.118	NaN	0.144	115.000	23.855	16.640	21.515	20.670	14.009	4.660	4.153	58.178	0.226	0.121	-0.089	NaN	NaN	NaN	NaN	NaN	NaN	NaN	NaN	NaN	NaN	NaN	NaN	NaN	NaN	NaN	NaN	NaN	NaN	NaN	NaN	NaN	NaN	NaN	NaN
137	116.000	42.640	4.485	39.910	3.900	8.330	2.792	-1.986	-16.541	-0.076	NaN	-0.064	116.000	32.630	9.555	22.685	12.610	3.047	10.404	10.347	31.523	-0.173	-0.019	0.205	116.000	23.855	16.640	21.450	20.800	14.044	4.805	4.287	60.202	0.134	0.145	NaN	NaN	NaN	NaN	NaN	NaN	NaN	NaN	NaN	NaN	NaN	NaN	NaN	NaN	NaN	NaN	NaN	NaN	NaN	NaN	NaN	NaN	NaN	NaN	NaN
138	117.000	42.640	4.550	39.975	3.900	8.296	2.743	-1.909	-15.835	0.077	-0.063	-0.015	117.000	32.890	9.490	22.685	12.610	2.779	10.671	10.609	29.482	0.262	NaN	-0.268	117.000	23.920	16.575	21.190	20.930	13.954	5.140	4.662	65.061	0.376	0.248	-0.090	NaN	NaN	NaN	NaN	NaN	NaN	NaN	NaN	NaN	NaN	NaN	NaN	NaN	NaN	NaN	NaN	NaN	NaN	NaN	NaN	NaN	NaN	NaN	NaN
139	118.000	42.575	4.550	39.845	3.900	8.241	2.806	-1.955	-16.114	-0.047	0.126	0.063	118.000	32.890	9.490	22.620	12.610	2.779	10.733	10.672	29.660	0.064	0.062	NaN	118.000	23.985	16.575	21.125	21.060	13.900	5.319	4.848	67.385	0.185	0.145	-0.035	NaN	NaN	NaN	NaN	NaN	NaN	NaN	NaN	NaN	NaN	NaN	NaN	NaN	NaN	NaN	NaN	NaN	NaN	NaN	NaN	NaN	NaN	NaN	NaN
140	119.000	42.705	4.615	39.910	3.835	8.227	2.902	-1.978	-16.275	-0.023	-0.045	-0.143	119.000	32.760	9.490	22.750	12.545	2.983	10.466	10.415	31.066	-0.258	-0.143	0.124	119.000	24.050	16.510	21.125	21.190	13.900	5.519	5.009	69.624	0.161	0.110	-0.090	NaN	NaN	NaN	NaN	NaN	NaN	NaN	NaN	NaN	NaN	NaN	NaN	NaN	NaN	NaN	NaN	NaN	NaN	NaN	NaN	NaN	NaN	NaN	NaN
141	120.000	42.640	4.615	39.910	3.900	8.172	2.822	-1.948	-15.920	0.030	-0.016	0.063	120.000	32.955	9.425	22.815	12.545	2.779	10.609	10.545	29.305	0.130	-0.062	-0.205	120.000	24.115	16.445	21.060	21.255	13.810	5.698	5.186	71.614	0.177	0.090	-0.090	NaN	NaN	NaN	NaN	NaN	NaN	NaN	NaN	NaN	NaN	NaN	NaN	NaN	NaN	NaN	NaN	NaN	NaN	NaN	NaN	NaN	NaN	NaN	NaN
