dT	T (0)	dT (0)	Base Mean (0)	Body Mean (0)	Proj Mean (0)	Tip Mean (0)	Tip Th Mean (0)	Length (0)	dL (0)	DCTM (0)	DCBM (0)	T (1)	dT (1)	Base Mean (1)	Body Mean (1)	Proj Mean (1)	Tip Mean (1)	Tip Th Mean (1)	Length (1)	dL (1)	DCTM (1)	DCBM (1)	T (2)	dT (2)	Base Mean (2)	Body Mean (2)	Proj Mean (2)	Tip Mean (2)	Tip Th Mean (2)	Length (2)	dL (2)	DCTM (2)	DCBM (2)	T (3)	dT (3)	Base Mean (3)	Body Mean (3)	Proj Mean (3)	Tip Mean (3)	Tip Th Mean (3)	Length (3)	dL (3)	DCTM (3)	DCBM (3)	T (4)	dT (4)	Base Mean (4)	Body Mean (4)	Proj Mean (4)	Tip Mean (4)	Tip Th Mean (4)	Length (4)	dL (4)	DCTM (4)	DCBM (4)
-20.000	NaN	NaN	NaN	NaN	NaN	NaN	NaN	NaN	NaN	NaN	NaN	NaN	NaN	NaN	NaN	NaN	NaN	NaN	NaN	NaN	NaN	NaN	NaN	NaN	NaN	NaN	NaN	NaN	NaN	NaN	NaN	NaN	NaN	NaN	NaN	NaN	NaN	NaN	NaN	NaN	NaN	NaN	NaN	NaN	5.000	-20.000	278.200	812.375	NaN	NaN	NaN	NaN	NaN	NaN	NaN
-19.000	NaN	NaN	NaN	NaN	NaN	NaN	NaN	NaN	NaN	NaN	NaN	NaN	NaN	NaN	NaN	NaN	NaN	NaN	NaN	NaN	NaN	NaN	NaN	NaN	NaN	NaN	NaN	NaN	NaN	NaN	NaN	NaN	NaN	NaN	NaN	NaN	NaN	NaN	NaN	NaN	NaN	NaN	NaN	NaN	6.000	-19.000	289.407	812.966	NaN	NaN	NaN	NaN	NaN	NaN	NaN
-18.000	NaN	NaN	NaN	NaN	NaN	NaN	NaN	NaN	NaN	NaN	NaN	NaN	NaN	NaN	NaN	NaN	NaN	NaN	NaN	NaN	NaN	NaN	NaN	NaN	NaN	NaN	NaN	NaN	NaN	NaN	NaN	NaN	NaN	NaN	NaN	NaN	NaN	NaN	NaN	NaN	NaN	NaN	NaN	NaN	7.000	-18.000	292.267	798.834	NaN	NaN	NaN	NaN	NaN	NaN	NaN
-17.000	NaN	NaN	NaN	NaN	NaN	NaN	NaN	NaN	NaN	NaN	NaN	NaN	NaN	NaN	NaN	NaN	NaN	NaN	NaN	NaN	NaN	NaN	NaN	NaN	NaN	NaN	NaN	NaN	NaN	NaN	NaN	NaN	NaN	NaN	NaN	NaN	NaN	NaN	NaN	NaN	NaN	NaN	NaN	NaN	8.000	-17.000	283.600	801.363	NaN	NaN	NaN	NaN	NaN	NaN	NaN
-16.000	NaN	NaN	NaN	NaN	NaN	NaN	NaN	NaN	NaN	NaN	NaN	NaN	NaN	NaN	NaN	NaN	NaN	NaN	NaN	NaN	NaN	NaN	NaN	NaN	NaN	NaN	NaN	NaN	NaN	NaN	NaN	NaN	NaN	NaN	NaN	NaN	NaN	NaN	NaN	NaN	NaN	NaN	NaN	NaN	9.000	-16.000	281.833	789.831	NaN	NaN	NaN	NaN	NaN	NaN	NaN
-15.000	NaN	NaN	NaN	NaN	NaN	NaN	NaN	NaN	NaN	NaN	NaN	NaN	NaN	NaN	NaN	NaN	NaN	NaN	NaN	NaN	NaN	NaN	NaN	NaN	NaN	NaN	NaN	NaN	NaN	NaN	NaN	NaN	NaN	NaN	NaN	NaN	NaN	NaN	NaN	NaN	NaN	NaN	NaN	NaN	10.000	-15.000	274.800	781.360	NaN	NaN	NaN	NaN	NaN	NaN	NaN
-14.000	NaN	NaN	NaN	NaN	NaN	NaN	NaN	NaN	NaN	NaN	NaN	NaN	NaN	NaN	NaN	NaN	NaN	NaN	NaN	NaN	NaN	NaN	NaN	NaN	NaN	NaN	NaN	NaN	NaN	NaN	NaN	NaN	NaN	NaN	NaN	NaN	NaN	NaN	NaN	NaN	NaN	NaN	NaN	NaN	11.000	-14.000	293.267	778.425	NaN	NaN	NaN	NaN	NaN	NaN	NaN
-13.000	NaN	NaN	NaN	NaN	NaN	NaN	NaN	NaN	NaN	NaN	NaN	NaN	NaN	NaN	NaN	NaN	NaN	NaN	NaN	NaN	NaN	NaN	NaN	NaN	NaN	NaN	NaN	NaN	NaN	NaN	NaN	NaN	NaN	NaN	NaN	NaN	NaN	NaN	NaN	NaN	NaN	NaN	NaN	NaN	12.000	-13.000	314.467	771.016	NaN	NaN	NaN	NaN	NaN	NaN	NaN
-12.000	NaN	NaN	NaN	NaN	NaN	NaN	NaN	NaN	NaN	NaN	NaN	NaN	NaN	NaN	NaN	NaN	NaN	NaN	NaN	NaN	NaN	NaN	NaN	NaN	NaN	NaN	NaN	NaN	NaN	NaN	NaN	NaN	NaN	NaN	NaN	NaN	NaN	NaN	NaN	NaN	NaN	NaN	NaN	NaN	13.000	-12.000	339.250	770.148	NaN	NaN	NaN	NaN	NaN	NaN	NaN
-11.000	NaN	NaN	NaN	NaN	NaN	NaN	NaN	NaN	NaN	NaN	NaN	NaN	NaN	NaN	NaN	NaN	NaN	NaN	NaN	NaN	NaN	NaN	NaN	NaN	NaN	NaN	NaN	NaN	NaN	NaN	NaN	NaN	NaN	NaN	NaN	NaN	NaN	NaN	NaN	NaN	NaN	NaN	NaN	NaN	14.000	-11.000	332.273	767.121	NaN	NaN	NaN	NaN	NaN	NaN	NaN
-10.000	NaN	NaN	NaN	NaN	NaN	NaN	NaN	NaN	NaN	NaN	NaN	NaN	NaN	NaN	NaN	NaN	NaN	NaN	NaN	NaN	NaN	NaN	NaN	NaN	NaN	NaN	NaN	NaN	NaN	NaN	NaN	NaN	NaN	NaN	NaN	NaN	NaN	NaN	NaN	NaN	NaN	NaN	NaN	NaN	15.000	-10.000	300.308	764.302	NaN	NaN	NaN	NaN	NaN	NaN	NaN
-9.000	NaN	NaN	NaN	NaN	NaN	NaN	NaN	NaN	NaN	NaN	NaN	NaN	NaN	NaN	NaN	NaN	NaN	NaN	NaN	NaN	NaN	NaN	NaN	NaN	NaN	NaN	NaN	NaN	NaN	NaN	NaN	NaN	NaN	NaN	NaN	NaN	NaN	NaN	NaN	NaN	NaN	NaN	NaN	NaN	16.000	-9.000	327.308	770.004	NaN	NaN	NaN	NaN	NaN	NaN	NaN
-8.000	NaN	NaN	NaN	NaN	NaN	NaN	NaN	NaN	NaN	NaN	NaN	NaN	NaN	NaN	NaN	NaN	NaN	NaN	NaN	NaN	NaN	NaN	NaN	NaN	NaN	NaN	NaN	NaN	NaN	NaN	NaN	NaN	NaN	NaN	NaN	NaN	NaN	NaN	NaN	NaN	NaN	NaN	NaN	NaN	17.000	-8.000	333.240	768.102	NaN	NaN	NaN	NaN	NaN	NaN	NaN
-7.000	NaN	NaN	NaN	NaN	NaN	NaN	NaN	NaN	NaN	NaN	NaN	NaN	NaN	NaN	NaN	NaN	NaN	NaN	NaN	NaN	NaN	NaN	NaN	NaN	NaN	NaN	NaN	NaN	NaN	NaN	NaN	NaN	NaN	NaN	NaN	NaN	NaN	NaN	NaN	NaN	NaN	NaN	NaN	NaN	18.000	-7.000	354.444	764.283	NaN	NaN	NaN	NaN	NaN	NaN	NaN
-6.000	NaN	NaN	NaN	NaN	NaN	NaN	NaN	NaN	NaN	NaN	NaN	NaN	NaN	NaN	NaN	NaN	NaN	NaN	NaN	NaN	NaN	NaN	NaN	NaN	NaN	NaN	NaN	NaN	NaN	NaN	NaN	NaN	NaN	NaN	NaN	NaN	NaN	NaN	NaN	NaN	NaN	NaN	NaN	NaN	19.000	-6.000	377.200	763.424	NaN	NaN	NaN	NaN	NaN	NaN	NaN
-5.000	NaN	NaN	NaN	NaN	NaN	NaN	NaN	NaN	NaN	NaN	NaN	NaN	NaN	NaN	NaN	NaN	NaN	NaN	NaN	NaN	NaN	NaN	NaN	NaN	NaN	NaN	NaN	NaN	NaN	NaN	NaN	NaN	NaN	NaN	NaN	NaN	NaN	NaN	NaN	NaN	NaN	NaN	NaN	NaN	20.000	-5.000	356.500	745.583	NaN	NaN	NaN	NaN	NaN	NaN	NaN
-4.000	NaN	NaN	NaN	NaN	NaN	NaN	NaN	NaN	NaN	NaN	NaN	NaN	NaN	NaN	NaN	NaN	NaN	NaN	NaN	NaN	NaN	NaN	NaN	NaN	NaN	NaN	NaN	NaN	NaN	NaN	NaN	NaN	NaN	NaN	NaN	NaN	NaN	NaN	NaN	NaN	NaN	NaN	NaN	NaN	21.000	-4.000	306.095	748.822	NaN	NaN	NaN	NaN	NaN	NaN	NaN
-3.000	NaN	NaN	NaN	NaN	NaN	NaN	NaN	NaN	NaN	NaN	NaN	NaN	NaN	NaN	NaN	NaN	NaN	NaN	NaN	NaN	NaN	NaN	NaN	NaN	NaN	NaN	NaN	NaN	NaN	NaN	NaN	NaN	NaN	NaN	NaN	NaN	NaN	NaN	NaN	NaN	NaN	NaN	NaN	NaN	22.000	-3.000	335.088	765.831	NaN	NaN	NaN	NaN	NaN	NaN	NaN
-2.000	NaN	NaN	NaN	NaN	NaN	NaN	NaN	NaN	NaN	NaN	NaN	NaN	NaN	NaN	NaN	NaN	NaN	NaN	NaN	NaN	NaN	NaN	NaN	NaN	NaN	NaN	NaN	NaN	NaN	NaN	NaN	NaN	NaN	NaN	NaN	NaN	NaN	NaN	NaN	NaN	NaN	NaN	NaN	NaN	23.000	-2.000	397.242	768.275	NaN	NaN	NaN	NaN	NaN	NaN	NaN
-1.000	NaN	NaN	NaN	NaN	NaN	NaN	NaN	NaN	NaN	NaN	NaN	NaN	NaN	NaN	NaN	NaN	NaN	NaN	NaN	NaN	NaN	NaN	NaN	NaN	NaN	NaN	NaN	NaN	NaN	NaN	NaN	NaN	NaN	NaN	NaN	NaN	NaN	NaN	NaN	NaN	NaN	NaN	NaN	NaN	24.000	-1.000	412.900	765.485	NaN	NaN	NaN	NaN	NaN	NaN	NaN
0.000	1.000	0.000	312.848	832.743	199.565	153.560	173.125	3.403	0.000	NaN	NaN	1.000	0.000	241.333	832.743	161.879	147.880	157.467	6.521	0.000	NaN	NaN	1.000	0.000	256.220	832.743	164.010	137.522	147.000	8.423	0.000	NaN	NaN	1.000	0.000	321.853	832.743	215.601	154.897	170.312	10.044	0.000	NaN	NaN	25.000	0.000	347.630	765.747	276.111	276.111	286.556	0.389	0.389	NaN	NaN
1.000	2.000	1.000	308.300	806.621	193.711	144.800	157.923	3.579	0.176	-0.063	-0.014	2.000	1.000	260.071	806.621	165.705	149.560	158.444	6.968	0.447	0.052	-0.371	2.000	1.000	236.719	806.621	160.745	132.931	146.125	8.496	0.073	0.030	-0.145	2.000	1.000	313.694	806.621	209.905	147.321	162.824	10.063	0.019	0.087	0.145	26.000	1.000	334.931	765.276	262.143	264.842	291.429	0.540	0.151	-0.021	-0.041
2.000	3.000	2.000	301.271	819.894	188.993	151.621	168.889	3.560	-0.019	-0.000	-0.000	3.000	2.000	262.069	819.894	164.355	143.704	150.696	7.144	0.176	0.064	-0.128	3.000	2.000	263.957	819.894	161.872	128.000	140.714	9.318	0.823	0.145	-0.436	3.000	2.000	367.894	819.894	215.235	146.962	157.000	10.343	0.279	0.234	0.030	27.000	2.000	355.679	770.328	269.326	259.152	312.077	0.609	0.069	-0.024	-0.169
3.000	4.000	3.000	301.205	812.413	194.359	150.931	172.600	3.495	-0.065	-0.000	-0.063	4.000	3.000	251.633	812.413	163.772	148.333	161.118	7.385	0.241	0.204	-0.000	4.000	3.000	271.979	812.413	162.522	132.074	139.316	9.659	0.341	0.203	-0.145	4.000	3.000	334.861	812.413	214.436	147.517	161.529	9.910	-0.433	0.145	0.518	28.000	3.000	311.333	770.620	252.535	244.867	280.286	0.687	0.079	0.021	-0.041
4.000	5.000	4.000	308.641	812.375	192.283	150.680	166.000	3.560	0.065	0.064	-0.000	5.000	4.000	241.321	812.375	161.490	145.407	158.364	7.561	0.176	0.256	0.064	5.000	4.000	277.295	812.375	165.793	137.929	151.462	9.973	0.314	0.145	-0.145	5.000	4.000	336.351	812.375	214.211	151.148	163.000	9.726	-0.184	0.179	0.222	29.000	4.000	353.679	774.234	256.430	219.226	245.762	0.974	0.287	0.029	-0.291
5.000	6.000	5.000	315.238	812.966	198.755	150.393	162.941	3.717	0.157	-0.063	-0.141	6.000	5.000	260.222	812.966	165.864	147.517	152.583	7.959	0.398	0.268	-0.076	6.000	5.000	280.614	812.966	167.869	145.800	157.000	10.214	0.241	0.116	-0.088	6.000	5.000	338.452	812.966	205.334	155.667	171.667	9.534	-0.192	0.205	0.445	30.000	5.000	329.867	776.252	247.186	215.212	231.000	1.066	0.092	0.017	-0.022
6.000	7.000	6.000	306.667	798.834	189.612	144.250	157.733	3.579	-0.138	0.064	0.077	7.000	6.000	260.179	798.834	163.455	145.414	153.500	8.154	0.195	0.204	0.012	7.000	6.000	271.622	798.834	166.230	142.000	152.526	10.344	0.130	-0.030	-0.175	7.000	6.000	335.860	798.834	200.900	145.724	154.056	9.465	-0.070	0.245	0.271	31.000	6.000	306.161	770.028	231.847	202.000	230.333	1.093	0.027	-0.000	-0.062
7.000	8.000	7.000	315.270	801.363	193.149	145.963	157.933	3.790	0.211	-0.000	-0.157	8.000	7.000	272.867	801.363	162.608	151.517	160.278	8.192	0.038	-0.012	-0.076	8.000	7.000	269.562	801.363	167.093	144.880	154.316	10.298	-0.046	-0.088	-0.030	8.000	7.000	325.478	801.363	193.494	144.034	154.350	9.365	-0.100	0.144	0.267	32.000	7.000	326.750	769.890	237.432	202.857	224.905	1.085	-0.008	-0.031	-0.031
8.000	9.000	8.000	310.000	789.831	193.608	154.889	171.750	3.587	-0.203	-0.141	0.014	9.000	8.000	264.296	789.831	162.407	147.120	154.125	8.230	0.038	0.192	0.139	9.000	8.000	267.590	789.831	165.032	141.862	153.810	9.946	-0.352	-0.058	0.175	9.000	8.000	318.745	789.831	187.976	141.833	153.167	9.284	-0.081	0.186	0.287	33.000	8.000	343.643	771.606	242.169	199.143	226.381	1.472	0.387	0.145	-0.145
9.000	10.000	9.000	308.200	781.360	189.863	154.200	172.909	3.438	-0.149	0.017	0.109	10.000	9.000	294.167	781.360	162.386	141.462	157.636	8.609	0.379	0.267	-0.076	10.000	9.000	268.121	781.360	166.954	139.500	159.833	9.797	-0.149	-0.000	0.084	10.000	9.000	295.025	781.360	188.335	139.208	157.545	9.165	-0.119	0.188	0.133	34.000	9.000	358.300	766.584	246.106	196.250	225.857	1.840	0.368	0.265	-0.114
10.000	11.000	10.000	315.025	778.425	190.826	144.923	158.438	3.622	0.184	0.063	-0.000	11.000	10.000	285.107	778.425	161.450	143.577	157.143	8.812	0.203	0.267	0.075	11.000	10.000	267.444	778.425	165.184	141.304	151.600	9.954	0.157	0.145	0.030	11.000	10.000	278.541	778.425	184.366	139.480	148.471	9.103	-0.062	0.252	0.237	35.000	10.000	339.931	766.760	246.609	201.759	239.455	1.748	-0.092	0.056	0.113
11.000	12.000	11.000	296.545	771.016	189.877	146.208	155.941	3.541	-0.081	-0.000	0.015	12.000	11.000	297.310	771.016	162.701	147.783	154.263	9.061	0.249	0.140	-0.064	12.000	11.000	280.436	771.016	165.107	140.960	151.529	10.195	0.241	0.145	-0.058	12.000	11.000	281.405	771.016	181.141	135.214	143.941	9.279	0.176	0.268	0.079	36.000	11.000	352.290	774.726	241.668	186.676	211.400	2.062	0.314	0.177	-0.113
12.000	13.000	12.000	311.629	770.148	187.823	145.385	159.769	3.652	0.111	-0.000	-0.127	13.000	12.000	266.964	770.148	161.272	150.833	160.765	9.015	-0.046	0.076	0.128	13.000	12.000	278.000	770.148	166.272	142.720	155.267	10.195	0.000	0.203	0.087	13.000	12.000	292.698	770.148	184.769	140.207	148.895	9.520	0.241	-0.063	-0.205	37.000	12.000	344.968	779.480	240.106	188.269	221.889	2.081	0.019	-0.000	-0.000
13.000	14.000	13.000	296.613	767.121	187.395	145.929	159.278	3.465	-0.187	-0.063	0.109	14.000	13.000	298.793	767.121	162.778	149.000	162.571	9.237	0.222	0.140	-0.077	14.000	13.000	281.111	767.121	164.459	139.115	151.000	10.555	0.360	0.291	-0.000	14.000	13.000	304.261	767.121	184.522	145.200	150.737	9.604	0.084	-0.015	-0.063	38.000	13.000	383.107	780.235	245.814	183.074	219.000	2.311	0.230	0.033	-0.145
14.000	15.000	14.000	305.032	764.302	187.447	149.967	161.583	3.492	0.027	-0.000	0.044	15.000	14.000	281.786	764.302	160.153	145.630	160.857	9.382	0.146	0.170	0.063	15.000	14.000	304.854	764.302	168.702	139.391	146.643	10.777	0.222	0.088	0.027	15.000	14.000	290.163	764.302	176.847	139.154	155.571	9.539	-0.065	0.205	0.220	39.000	14.000	325.143	779.488	243.371	188.833	217.133	2.227	-0.084	0.034	0.090
15.000	16.000	15.000	308.481	770.004	183.048	146.172	163.571	3.511	0.019	-0.000	-0.125	16.000	15.000	300.500	770.004	164.025	141.154	156.231	9.520	0.138	0.141	-0.000	16.000	15.000	323.524	770.004	168.083	138.208	149.214	10.960	0.184	0.176	-0.057	16.000	15.000	294.256	770.004	175.944	139.808	147.643	9.409	-0.130	-0.000	-0.000	40.000	15.000	296.128	776.296	226.427	194.429	206.733	1.748	-0.479	-0.091	0.396
16.000	17.000	16.000	318.514	768.102	184.851	144.393	159.500	3.752	0.241	-0.000	-0.063	17.000	16.000	274.667	768.102	161.654	141.160	150.375	9.474	-0.046	0.141	0.205	17.000	16.000	290.721	768.102	162.594	139.815	150.000	10.796	-0.165	0.145	0.408	17.000	16.000	299.911	768.102	177.864	142.741	146.708	9.520	0.111	-0.063	-0.078	NaN	NaN	NaN	NaN	NaN	NaN	NaN	NaN	NaN	NaN	NaN
17.000	18.000	17.000	299.000	764.283	184.474	140.321	158.545	3.492	-0.260	-0.000	0.125	18.000	17.000	269.963	764.283	159.063	140.875	149.562	9.639	0.165	0.156	0.015	18.000	17.000	279.000	764.283	159.637	141.913	147.000	10.658	-0.138	0.058	0.058	18.000	17.000	321.833	764.283	178.929	140.154	146.842	9.658	0.138	0.063	-0.079	NaN	NaN	NaN	NaN	NaN	NaN	NaN	NaN	NaN	NaN	NaN
18.000	19.000	18.000	285.917	763.424	182.120	148.040	163.727	3.400	-0.092	-0.000	-0.000	19.000	18.000	277.172	763.424	161.190	142.696	153.000	9.796	0.157	-0.000	-0.113	19.000	18.000	261.448	763.424	158.214	135.280	145.261	10.371	-0.287	0.029	0.233	19.000	18.000	320.302	763.424	177.524	138.481	146.722	9.880	0.222	0.142	-0.016	NaN	NaN	NaN	NaN	NaN	NaN	NaN	NaN	NaN	NaN	NaN
19.000	20.000	19.000	293.250	745.583	181.792	144.560	160.444	3.446	0.046	-0.000	-0.063	20.000	19.000	304.067	745.583	165.316	142.333	152.545	9.796	0.000	-0.048	-0.078	20.000	19.000	267.071	745.583	157.233	137.304	147.533	10.371	0.000	0.117	0.087	20.000	19.000	313.452	745.583	176.475	142.345	151.625	9.945	0.065	0.063	-0.000	NaN	NaN	NaN	NaN	NaN	NaN	NaN	NaN	NaN	NaN	NaN
20.000	21.000	20.000	302.000	748.822	179.859	143.480	148.952	3.530	0.084	-0.000	-0.063	21.000	20.000	289.857	748.822	165.412	133.304	145.083	9.650	-0.146	-0.092	-0.000	21.000	20.000	269.370	748.822	153.381	136.042	142.947	10.233	-0.138	0.087	0.232	21.000	20.000	325.854	748.822	177.525	141.724	151.500	10.075	0.130	0.126	-0.000	NaN	NaN	NaN	NaN	NaN	NaN	NaN	NaN	NaN	NaN	NaN
21.000	22.000	21.000	287.926	765.831	178.766	142.621	157.857	3.446	-0.084	-0.080	0.044	22.000	21.000	264.074	765.831	159.351	143.478	152.688	9.233	-0.417	-0.063	0.316	22.000	21.000	263.444	765.831	150.709	137.480	149.846	10.160	-0.073	0.145	0.232	22.000	21.000	303.400	765.831	174.340	138.036	147.952	10.056	-0.019	0.142	0.079	NaN	NaN	NaN	NaN	NaN	NaN	NaN	NaN	NaN	NaN	NaN
22.000	23.000	22.000	302.778	768.275	185.472	140.840	156.455	3.576	0.130	0.081	-0.062	23.000	22.000	245.222	768.275	156.454	138.167	150.571	8.954	-0.279	0.016	0.331	23.000	22.000	276.214	768.275	154.000	137.519	147.667	10.149	-0.011	0.116	0.087	23.000	22.000	322.079	768.275	174.157	141.700	154.333	10.362	0.306	0.189	-0.016	NaN	NaN	NaN	NaN	NaN	NaN	NaN	NaN	NaN	NaN	NaN
23.000	24.000	23.000	288.208	765.485	182.555	141.889	152.556	3.492	-0.084	-0.000	0.080	24.000	23.000	232.321	765.485	153.970	141.167	148.938	9.008	0.054	0.096	0.063	24.000	23.000	283.000	765.485	155.940	136.917	140.909	10.130	-0.019	-0.000	0.058	24.000	23.000	311.829	765.485	173.524	140.077	155.333	10.473	0.111	0.189	-0.000	NaN	NaN	NaN	NaN	NaN	NaN	NaN	NaN	NaN	NaN	NaN
24.000	25.000	24.000	305.676	765.747	182.485	142.680	148.750	3.614	0.122	-0.000	-0.047	25.000	24.000	242.286	765.747	153.718	146.542	150.917	9.173	0.165	0.160	0.063	25.000	24.000	269.621	765.747	152.675	136.208	140.318	9.992	-0.138	0.087	0.233	25.000	24.000	345.585	765.747	174.846	137.759	146.944	10.982	0.509	0.205	-0.158	NaN	NaN	NaN	NaN	NaN	NaN	NaN	NaN	NaN	NaN	NaN
25.000	26.000	25.000	287.926	765.276	188.533	146.280	154.250	3.373	-0.241	-0.063	0.125	26.000	25.000	241.345	765.276	154.512	144.071	155.059	9.457	0.284	0.282	-0.000	26.000	25.000	240.724	765.276	152.655	142.217	160.000	9.843	-0.149	0.087	0.203	26.000	25.000	339.086	765.276	175.486	145.800	167.000	10.944	-0.038	-0.000	-0.063	NaN	NaN	NaN	NaN	NaN	NaN	NaN	NaN	NaN	NaN	NaN
26.000	27.000	26.000	303.852	770.328	188.631	149.500	157.947	3.446	0.073	0.063	-0.000	27.000	26.000	246.357	770.328	156.415	141.040	153.200	9.706	0.249	0.328	0.082	27.000	26.000	269.256	770.328	158.859	147.065	163.778	10.279	0.436	-0.087	-0.349	27.000	26.000	328.650	770.328	174.528	145.185	154.812	11.166	0.222	0.189	0.109	NaN	NaN	NaN	NaN	NaN	NaN	NaN	NaN	NaN	NaN	NaN
27.000	28.000	27.000	303.643	770.620	186.775	145.107	156.059	3.446	0.000	-0.000	0.044	28.000	27.000	245.658	770.620	155.205	141.120	148.286	10.084	0.379	0.207	0.021	28.000	27.000	251.559	770.620	160.460	143.880	158.214	10.252	-0.027	0.117	0.058	28.000	27.000	338.312	770.620	178.203	149.138	161.867	11.166	0.000	0.142	0.016	NaN	NaN	NaN	NaN	NaN	NaN	NaN	NaN	NaN	NaN	NaN
28.000	29.000	28.000	305.868	774.234	188.537	149.100	162.312	3.622	0.176	-0.000	-0.109	29.000	28.000	246.244	774.234	153.255	142.917	155.125	10.314	0.230	0.250	0.122	29.000	28.000	273.000	774.234	168.841	141.542	148.353	10.520	0.268	-0.000	-0.233	29.000	28.000	309.581	774.234	175.832	154.655	170.944	11.147	-0.019	-0.126	-0.142	NaN	NaN	NaN	NaN	NaN	NaN	NaN	NaN	NaN	NaN	NaN
29.000	30.000	29.000	319.091	776.252	193.090	150.917	165.071	3.530	-0.092	-0.000	0.044	30.000	29.000	232.889	776.252	151.670	136.129	147.667	9.981	-0.333	-0.013	0.326	30.000	29.000	290.860	776.252	170.091	148.520	162.714	11.056	0.536	-0.027	-0.348	30.000	29.000	280.235	776.252	174.297	160.300	185.538	11.063	-0.084	-0.126	-0.000	NaN	NaN	NaN	NaN	NaN	NaN	NaN	NaN	NaN	NaN	NaN
30.000	31.000	30.000	326.750	770.028	192.782	147.533	160.533	3.511	-0.019	-0.000	0.017	31.000	30.000	277.793	770.028	163.178	174.656	204.706	9.300	-0.682	-0.647	-0.186	31.000	30.000	289.622	770.028	171.102	142.000	153.278	11.209	0.154	0.208	-0.031	31.000	30.000	301.909	770.028	174.046	156.966	174.375	11.147	0.084	-0.062	0.027	NaN	NaN	NaN	NaN	NaN	NaN	NaN	NaN	NaN	NaN	NaN
31.000	32.000	31.000	312.559	769.890	195.335	147.821	160.929	3.538	0.027	-0.000	-0.018	32.000	31.000	271.583	769.890	166.142	163.938	195.167	9.292	-0.008	-0.081	-0.044	32.000	31.000	301.128	769.890	171.159	139.760	153.125	11.569	0.360	0.120	-0.202	32.000	31.000	284.818	769.890	175.041	159.867	181.182	11.082	-0.065	0.046	0.080	NaN	NaN	NaN	NaN	NaN	NaN	NaN	NaN	NaN	NaN	NaN
32.000	33.000	32.000	302.667	771.606	196.645	151.667	163.059	3.446	-0.092	-0.000	0.062	33.000	32.000	296.298	771.606	169.039	157.241	197.182	9.479	0.187	-0.080	-0.250	33.000	32.000	288.394	771.606	170.516	142.280	156.538	11.623	0.054	0.177	0.057	33.000	32.000	306.227	771.606	178.975	164.034	182.857	11.220	0.138	0.018	-0.080	NaN	NaN	NaN	NaN	NaN	NaN	NaN	NaN	NaN	NaN	NaN
33.000	34.000	33.000	295.121	766.584	189.542	146.621	159.333	3.511	0.065	-0.000	-0.062	34.000	33.000	305.356	766.584	167.203	151.867	182.909	9.154	-0.325	-0.081	0.231	34.000	33.000	282.139	766.584	170.662	139.750	149.312	11.945	0.322	0.355	0.056	34.000	33.000	283.915	766.584	176.628	160.033	176.118	11.212	-0.008	-0.000	0.062	NaN	NaN	NaN	NaN	NaN	NaN	NaN	NaN	NaN	NaN	NaN
34.000	35.000	34.000	297.185	766.760	188.399	152.107	161.600	3.465	-0.046	-0.000	0.017	35.000	34.000	261.071	766.760	164.100	146.600	163.750	8.404	-0.750	-0.063	0.428	35.000	34.000	296.091	766.760	170.882	135.250	142.438	12.396	0.452	0.245	-0.145	35.000	34.000	270.419	766.760	173.594	159.742	172.682	10.841	-0.371	0.063	0.128	NaN	NaN	NaN	NaN	NaN	NaN	NaN	NaN	NaN	NaN	NaN
35.000	36.000	35.000	306.778	774.726	196.412	150.080	171.500	3.614	0.149	-0.000	-0.080	36.000	35.000	258.786	774.726	167.265	152.067	182.000	8.320	-0.084	-0.062	0.044	36.000	35.000	315.118	774.726	174.960	143.536	159.867	12.913	0.517	0.282	-0.145	36.000	35.000	296.800	774.726	176.002	163.935	178.381	11.017	0.176	0.063	-0.017	NaN	NaN	NaN	NaN	NaN	NaN	NaN	NaN	NaN	NaN	NaN
36.000	37.000	36.000	313.865	779.480	195.189	150.655	162.158	3.622	0.008	-0.000	0.062	37.000	36.000	242.036	779.480	168.970	144.690	168.667	8.255	-0.065	-0.000	0.081	37.000	36.000	318.265	779.480	177.445	143.643	159.231	13.143	0.230	0.250	0.055	37.000	36.000	294.882	779.480	181.078	157.871	177.250	11.082	0.065	0.063	-0.047	NaN	NaN	NaN	NaN	NaN	NaN	NaN	NaN	NaN	NaN	NaN
37.000	38.000	37.000	298.042	780.235	190.502	148.393	166.455	3.354	-0.268	-0.000	0.080	38.000	37.000	256.577	780.235	169.858	143.962	163.737	8.385	0.130	-0.000	-0.125	38.000	37.000	374.841	780.235	185.169	142.038	150.375	14.019	0.877	0.270	-0.433	38.000	37.000	307.739	780.235	184.080	153.621	178.417	11.518	0.436	0.017	-0.177	NaN	NaN	NaN	NaN	NaN	NaN	NaN	NaN	NaN	NaN	NaN
38.000	39.000	38.000	300.267	779.488	193.885	147.172	160.133	3.465	0.111	-0.000	-0.063	39.000	38.000	261.182	779.488	171.589	154.071	170.412	8.591	0.206	-0.017	-0.188	39.000	38.000	354.979	779.488	179.480	140.500	150.429	14.433	0.414	0.434	0.108	39.000	38.000	304.523	779.488	182.885	157.680	174.846	11.380	-0.138	0.046	0.079	NaN	NaN	NaN	NaN	NaN	NaN	NaN	NaN	NaN	NaN	NaN
39.000	40.000	39.000	285.889	776.296	190.063	142.296	155.200	3.446	-0.019	0.063	0.063	40.000	39.000	276.611	776.296	171.187	142.846	163.067	8.962	0.371	0.017	-0.125	40.000	39.000	336.742	776.296	173.104	141.423	156.762	14.100	-0.333	0.361	0.505	40.000	39.000	305.884	776.296	183.139	157.520	175.308	11.445	0.065	0.142	0.079	NaN	NaN	NaN	NaN	NaN	NaN	NaN	NaN	NaN	NaN	NaN
40.000	41.000	40.000	309.963	779.307	195.152	149.741	158.471	3.446	0.000	-0.000	-0.000	41.000	40.000	274.794	779.307	179.095	159.250	178.632	8.924	-0.038	0.018	0.063	41.000	40.000	326.897	779.307	175.454	145.778	161.643	14.579	0.479	0.399	-0.000	41.000	40.000	297.927	779.307	185.627	148.793	168.545	11.491	0.046	0.079	0.016	NaN	NaN	NaN	NaN	NaN	NaN	NaN	NaN	NaN	NaN	NaN
41.000	42.000	41.000	312.424	779.276	200.607	157.733	178.100	3.530	0.084	-0.063	-0.063	42.000	41.000	235.556	779.276	173.802	141.385	156.462	8.293	-0.631	-0.018	0.393	42.000	41.000	313.500	779.276	174.119	135.435	141.429	14.920	0.341	0.362	0.053	42.000	41.000	311.977	779.276	184.660	155.214	163.810	11.445	-0.046	-0.016	-0.000	NaN	NaN	NaN	NaN	NaN	NaN	NaN	NaN	NaN	NaN	NaN
42.000	43.000	42.000	306.613	777.124	198.126	147.556	163.167	3.511	-0.019	0.062	0.044	43.000	42.000	255.576	777.124	177.688	144.600	159.071	8.637	0.344	-0.000	-0.251	43.000	42.000	351.681	777.124	177.786	140.167	154.929	15.593	0.674	0.272	-0.341	43.000	42.000	310.561	777.124	184.503	150.607	159.789	11.380	-0.065	0.016	0.079	NaN	NaN	NaN	NaN	NaN	NaN	NaN	NaN	NaN	NaN	NaN
43.000	44.000	43.000	320.333	775.601	195.411	145.107	157.267	3.622	0.111	-0.000	-0.125	44.000	43.000	281.275	775.601	179.716	144.577	162.091	8.924	0.287	-0.016	-0.331	44.000	43.000	273.237	775.601	165.958	148.077	156.045	14.622	-0.972	0.129	0.926	44.000	43.000	307.565	775.601	184.552	148.808	161.357	11.418	0.038	0.047	0.063	NaN	NaN	NaN	NaN	NaN	NaN	NaN	NaN	NaN	NaN	NaN
44.000	45.000	44.000	318.857	783.052	198.544	150.071	177.167	3.668	0.046	0.017	0.017	45.000	44.000	261.472	783.052	177.006	154.452	173.100	9.081	0.157	0.110	0.063	45.000	44.000	324.515	783.052	175.628	146.320	161.412	15.379	0.758	0.038	-0.679	45.000	44.000	306.895	783.052	183.571	147.759	155.318	11.177	-0.241	-0.063	0.079	NaN	NaN	NaN	NaN	NaN	NaN	NaN	NaN	NaN	NaN	NaN
45.000	46.000	45.000	293.259	784.154	197.581	160.700	185.286	3.484	-0.184	-0.016	0.063	46.000	45.000	262.148	784.154	178.507	156.067	174.826	9.004	-0.078	0.063	0.063	46.000	45.000	295.000	784.154	169.699	143.042	159.000	15.268	-0.111	0.091	0.248	46.000	45.000	296.825	784.154	186.029	154.241	165.500	11.085	-0.092	-0.205	-0.126	NaN	NaN	NaN	NaN	NaN	NaN	NaN	NaN	NaN	NaN	NaN
46.000	47.000	46.000	292.182	790.623	196.796	158.185	173.429	3.614	0.130	-0.000	-0.000	47.000	46.000	276.243	790.623	177.957	148.414	167.667	9.512	0.509	-0.063	-0.331	47.000	46.000	320.278	790.623	175.859	145.958	163.941	15.712	0.444	-0.105	-0.430	47.000	46.000	311.316	790.623	185.235	147.036	166.182	11.028	-0.057	-0.063	-0.016	NaN	NaN	NaN	NaN	NaN	NaN	NaN	NaN	NaN	NaN	NaN
47.000	48.000	47.000	324.811	789.015	199.985	150.552	170.909	3.706	0.092	-0.000	-0.080	48.000	47.000	254.643	789.015	175.964	143.920	156.462	9.272	-0.241	0.096	0.142	48.000	47.000	284.279	789.015	169.530	146.577	161.750	15.639	-0.073	-0.038	0.052	48.000	47.000	310.561	789.015	185.377	148.500	163.938	10.955	-0.073	-0.063	0.063	NaN	NaN	NaN	NaN	NaN	NaN	NaN	NaN	NaN	NaN	NaN
48.000	49.000	48.000	321.057	786.000	199.015	152.448	165.789	3.641	-0.065	0.016	0.032	49.000	48.000	268.033	786.000	175.785	142.138	151.958	9.463	0.192	0.017	-0.063	49.000	48.000	295.523	786.000	170.591	145.345	158.524	15.926	0.287	-0.052	-0.143	49.000	48.000	303.762	786.000	184.230	154.071	170.571	10.944	-0.011	0.063	0.063	NaN	NaN	NaN	NaN	NaN	NaN	NaN	NaN	NaN	NaN	NaN
49.000	50.000	49.000	309.611	792.163	202.032	145.320	178.833	3.679	0.038	-0.000	-0.017	50.000	49.000	289.333	792.163	180.013	147.080	162.214	10.029	0.566	0.114	-0.502	50.000	49.000	312.095	792.163	172.159	149.172	156.240	16.110	0.184	-0.076	-0.340	50.000	49.000	299.227	792.163	188.752	153.759	169.769	11.055	0.111	0.142	0.126	NaN	NaN	NaN	NaN	NaN	NaN	NaN	NaN	NaN	NaN	NaN
50.000	51.000	50.000	310.091	792.239	200.932	151.960	171.778	3.633	-0.046	-0.000	0.016	51.000	50.000	282.250	792.239	177.804	144.560	154.188	10.259	0.230	0.143	-0.063	51.000	50.000	327.225	792.239	171.228	142.621	155.619	16.443	0.333	0.038	-0.287	51.000	50.000	277.935	792.239	187.974	152.731	165.250	11.188	0.133	0.252	0.142	NaN	NaN	NaN	NaN	NaN	NaN	NaN	NaN	NaN	NaN	NaN
51.000	52.000	51.000	333.721	790.540	202.644	154.571	161.714	3.752	0.119	-0.078	-0.063	52.000	51.000	275.750	790.540	174.481	141.217	165.125	10.237	-0.022	0.063	-0.000	52.000	51.000	318.114	790.540	170.623	146.200	166.091	16.332	-0.111	-0.000	-0.038	52.000	51.000	266.108	790.540	184.160	153.889	172.000	11.058	-0.130	0.190	0.156	NaN	NaN	NaN	NaN	NaN	NaN	NaN	NaN	NaN	NaN	NaN
52.000	53.000	52.000	307.667	792.788	198.741	149.857	165.824	3.438	-0.314	0.126	0.190	53.000	52.000	283.243	792.788	176.384	141.889	157.923	10.799	0.563	0.172	-0.222	53.000	52.000	301.788	792.788	170.086	144.731	159.300	16.462	0.130	0.091	-0.000	53.000	52.000	299.426	792.788	188.717	147.143	161.750	11.667	0.609	0.079	-0.334	NaN	NaN	NaN	NaN	NaN	NaN	NaN	NaN	NaN	NaN	NaN
53.000	54.000	53.000	309.385	787.165	201.041	151.077	168.636	3.698	0.260	0.016	-0.126	54.000	53.000	258.593	787.165	173.899	140.857	154.176	10.620	-0.179	-0.000	0.108	54.000	53.000	286.944	787.165	169.308	162.500	180.955	16.370	-0.092	-0.181	-0.053	54.000	53.000	294.851	787.165	190.204	147.423	162.818	11.908	0.241	0.189	-0.063	NaN	NaN	NaN	NaN	NaN	NaN	NaN	NaN	NaN	NaN	NaN
54.000	55.000	54.000	311.367	791.743	200.289	152.407	167.294	3.457	-0.241	-0.014	0.141	55.000	54.000	267.607	791.743	173.179	141.308	148.050	10.888	0.268	0.143	-0.143	55.000	54.000	284.694	791.743	171.911	146.000	157.588	16.148	-0.222	-0.128	-0.000	55.000	54.000	303.022	791.743	190.944	154.407	165.412	12.176	0.268	0.126	-0.142	NaN	NaN	NaN	NaN	NaN	NaN	NaN	NaN	NaN	NaN	NaN
55.000	56.000	55.000	304.424	793.147	198.397	151.759	174.875	3.430	-0.027	-0.063	-0.000	56.000	55.000	270.429	793.147	174.434	142.600	152.875	11.186	0.298	0.143	-0.143	56.000	55.000	273.519	793.147	170.575	149.100	168.444	15.972	-0.176	-0.091	0.053	56.000	55.000	303.950	793.147	196.962	150.700	163.750	12.275	0.100	0.016	-0.126	NaN	NaN	NaN	NaN	NaN	NaN	NaN	NaN	NaN	NaN	NaN
56.000	57.000	56.000	332.133	792.757	202.717	149.036	167.467	3.706	0.276	0.018	-0.098	57.000	56.000	255.448	792.757	172.861	143.214	154.316	11.313	0.127	0.081	-0.000	57.000	56.000	278.528	792.757	168.846	143.143	156.800	16.110	0.138	-0.000	-0.091	57.000	56.000	291.317	792.757	193.938	155.480	167.733	12.332	0.057	-0.016	-0.079	NaN	NaN	NaN	NaN	NaN	NaN	NaN	NaN	NaN	NaN	NaN
57.000	58.000	57.000	308.867	789.683	200.395	148.931	160.190	3.308	-0.398	-0.000	0.221	58.000	57.000	257.533	789.683	171.896	146.464	156.550	11.554	0.241	0.143	-0.100	58.000	57.000	271.600	789.683	171.023	137.276	145.958	16.194	0.084	0.038	0.038	58.000	57.000	296.239	789.683	196.371	151.308	166.500	12.554	0.222	0.189	0.063	NaN	NaN	NaN	NaN	NaN	NaN	NaN	NaN	NaN	NaN	NaN
58.000	59.000	58.000	315.944	791.734	201.174	156.071	179.636	3.465	0.157	-0.000	-0.080	59.000	58.000	250.700	791.734	170.561	139.192	154.111	11.722	0.168	0.224	0.038	59.000	58.000	280.806	791.734	172.174	154.290	168.296	16.156	-0.038	-0.038	-0.091	59.000	58.000	312.553	791.734	197.165	155.607	167.143	12.914	0.360	0.143	-0.114	NaN	NaN	NaN	NaN	NaN	NaN	NaN	NaN	NaN	NaN	NaN
59.000	60.000	59.000	325.528	794.980	205.389	152.154	166.188	3.457	-0.008	-0.000	-0.000	60.000	59.000	258.867	794.980	169.031	138.519	146.632	12.071	0.349	0.287	-0.000	60.000	59.000	291.194	794.980	172.287	148.097	175.444	16.110	-0.046	-0.000	0.037	60.000	59.000	313.837	794.980	198.916	148.250	162.500	13.017	0.103	0.126	-0.063	NaN	NaN	NaN	NaN	NaN	NaN	NaN	NaN	NaN	NaN	NaN
60.000	61.000	60.000	318.667	793.521	202.347	158.290	186.909	3.400	-0.057	-0.000	0.063	61.000	60.000	253.897	793.521	168.283	140.607	155.000	12.182	0.111	0.163	0.081	61.000	60.000	297.643	793.521	174.178	143.741	158.786	15.739	-0.371	-0.000	0.249	61.000	60.000	301.205	793.521	198.181	149.240	160.529	13.423	0.406	0.205	-0.080	NaN	NaN	NaN	NaN	NaN	NaN	NaN	NaN	NaN	NaN	NaN
61.000	62.000	61.000	322.848	800.495	204.785	157.900	183.100	3.354	-0.046	-0.000	-0.000	62.000	61.000	278.733	800.495	168.860	140.000	148.522	12.893	0.712	0.225	-0.287	62.000	61.000	319.897	800.495	174.982	142.500	164.200	15.869	0.130	-0.000	-0.053	62.000	61.000	310.370	800.495	203.565	144.000	152.765	13.921	0.498	0.143	-0.323	NaN	NaN	NaN	NaN	NaN	NaN	NaN	NaN	NaN	NaN	NaN
62.000	63.000	62.000	315.028	801.982	201.528	152.484	178.667	3.484	0.130	0.063	-0.048	63.000	62.000	266.610	801.982	165.144	138.571	150.222	13.039	0.146	0.247	0.062	63.000	62.000	307.448	801.982	175.861	139.458	151.692	15.750	-0.119	0.091	0.144	63.000	62.000	337.600	801.982	204.082	148.533	159.647	14.373	0.452	0.124	-0.243	NaN	NaN	NaN	NaN	NaN	NaN	NaN	NaN	NaN	NaN	NaN
63.000	64.000	63.000	311.306	800.615	198.038	149.931	166.722	3.419	-0.065	-0.063	0.045	64.000	63.000	245.214	800.615	163.724	136.654	145.739	12.760	-0.279	0.144	0.307	64.000	63.000	324.143	800.615	176.391	137.240	152.727	15.991	0.241	-0.000	-0.144	64.000	63.000	380.844	800.615	207.997	146.069	156.857	15.222	0.850	0.329	-0.429	NaN	NaN	NaN	NaN	NaN	NaN	NaN	NaN	NaN	NaN	NaN
64.000	65.000	64.000	313.758	800.695	199.150	153.875	174.375	3.392	-0.027	-0.000	0.016	65.000	64.000	256.688	800.695	162.202	141.391	149.500	13.128	0.368	0.144	-0.144	65.000	64.000	331.732	800.695	177.053	141.586	161.143	16.213	0.222	-0.091	-0.144	65.000	64.000	298.674	800.695	199.669	154.833	162.429	14.219	-1.003	-0.000	0.756	NaN	NaN	NaN	NaN	NaN	NaN	NaN	NaN	NaN	NaN	NaN
65.000	66.000	65.000	308.889	806.186	198.806	156.219	180.400	3.400	0.008	-0.000	-0.017	66.000	65.000	257.571	806.186	164.080	147.867	160.667	13.254	0.127	0.055	-0.000	66.000	65.000	336.857	806.186	176.957	132.615	139.100	16.351	0.138	0.258	0.053	66.000	65.000	380.930	806.186	213.351	150.517	167.462	15.544	1.325	0.206	-0.943	NaN	NaN	NaN	NaN	NaN	NaN	NaN	NaN	NaN	NaN	NaN
66.000	67.000	66.000	299.367	801.329	200.203	153.700	185.000	3.327	-0.073	-0.063	-0.047	67.000	66.000	254.667	801.329	162.913	139.190	141.364	13.327	0.073	0.229	0.061	67.000	66.000	332.605	801.329	177.971	136.393	147.158	16.416	0.065	-0.000	0.038	67.000	66.000	394.850	801.329	214.106	146.538	163.769	16.007	0.463	0.247	-0.164	NaN	NaN	NaN	NaN	NaN	NaN	NaN	NaN	NaN	NaN	NaN
67.000	68.000	67.000	309.733	808.815	198.591	152.500	167.417	3.373	0.046	0.047	-0.016	68.000	67.000	255.323	808.815	163.555	137.522	153.444	13.289	-0.038	0.014	0.060	68.000	67.000	322.688	808.815	179.846	138.821	154.000	16.408	-0.008	0.091	-0.000	68.000	67.000	420.375	808.815	216.800	152.207	161.059	16.374	0.368	0.206	-0.165	NaN	NaN	NaN	NaN	NaN	NaN	NaN	NaN	NaN	NaN	NaN
68.000	69.000	68.000	307.867	809.391	199.000	153.037	167.143	3.373	0.000	-0.000	-0.000	69.000	68.000	264.484	809.391	162.813	138.645	146.450	13.392	0.103	0.029	-0.061	69.000	68.000	342.810	809.391	182.831	138.333	148.211	16.695	0.287	-0.000	-0.182	69.000	68.000	439.000	809.391	215.419	152.724	162.667	16.569	0.195	0.123	0.041	NaN	NaN	NaN	NaN	NaN	NaN	NaN	NaN	NaN	NaN	NaN
69.000	70.000	69.000	300.852	810.107	196.866	147.519	158.158	3.308	-0.065	-0.000	-0.000	70.000	69.000	267.000	810.107	163.838	139.286	151.929	13.228	-0.165	-0.000	0.084	70.000	69.000	349.465	810.107	188.223	143.036	157.722	16.722	0.027	-0.000	0.091	70.000	69.000	444.809	810.107	214.535	157.111	172.692	16.837	0.268	0.144	-0.021	NaN	NaN	NaN	NaN	NaN	NaN	NaN	NaN	NaN	NaN	NaN
70.000	71.000	70.000	306.815	810.206	197.035	156.885	175.636	3.262	-0.046	-0.043	0.043	71.000	70.000	242.414	810.206	163.477	142.097	158.615	13.040	-0.187	0.023	0.205	71.000	70.000	365.178	810.206	188.795	143.880	151.474	16.714	-0.008	0.129	0.052	71.000	70.000	407.000	810.206	211.299	156.360	168.000	16.627	-0.211	0.185	0.204	NaN	NaN	NaN	NaN	NaN	NaN	NaN	NaN	NaN	NaN	NaN
71.000	72.000	71.000	320.125	804.183	199.787	149.000	173.818	3.622	0.360	0.061	-0.043	72.000	71.000	251.545	804.183	162.803	133.367	140.762	13.281	0.241	-0.000	-0.145	72.000	71.000	382.200	804.183	185.541	148.920	163.889	16.760	0.046	0.091	0.038	72.000	71.000	391.911	804.183	210.488	154.600	175.667	16.803	0.176	0.082	0.062	NaN	NaN	NaN	NaN	NaN	NaN	NaN	NaN	NaN	NaN	NaN
72.000	73.000	72.000	304.185	803.677	199.834	154.880	170.385	3.243	-0.379	-0.062	0.054	73.000	72.000	261.433	803.677	164.201	144.690	152.095	13.228	-0.054	-0.107	-0.084	73.000	72.000	342.721	803.677	181.394	148.963	164.000	16.392	-0.368	-0.272	0.182	73.000	72.000	416.488	803.677	213.311	154.536	166.450	16.902	0.100	0.021	-0.165	NaN	NaN	NaN	NaN	NaN	NaN	NaN	NaN	NaN	NaN	NaN
73.000	74.000	73.000	305.630	804.234	202.127	157.071	187.100	3.354	0.111	0.063	-0.063	74.000	73.000	258.607	804.234	163.244	142.065	148.227	13.067	-0.160	-0.073	0.060	74.000	73.000	376.826	804.234	183.336	140.231	160.000	16.614	0.222	-0.000	-0.143	74.000	73.000	413.054	804.234	213.866	160.222	170.118	16.948	0.046	0.103	-0.062	NaN	NaN	NaN	NaN	NaN	NaN	NaN	NaN	NaN	NaN	NaN
74.000	75.000	74.000	304.037	501.315	198.833	159.200	182.267	3.400	0.046	-0.000	-0.018	75.000	74.000	262.750	501.315	165.619	138.808	147.722	13.189	0.122	0.015	-0.000	75.000	74.000	179.516	501.315	156.118	144.792	164.818	3.842	-12.773	0.123	10.213	NaN	NaN	NaN	NaN	NaN	NaN	NaN	NaN	NaN	NaN	NaN	NaN	NaN	NaN	NaN	NaN	NaN	NaN	NaN	NaN	NaN	NaN
75.000	76.000	75.000	308.467	501.678	199.046	155.806	170.471	3.400	0.000	-0.000	0.062	76.000	75.000	269.333	501.678	167.979	136.455	144.500	13.679	0.490	0.283	-0.145	76.000	75.000	171.733	501.678	160.839	155.192	166.261	3.455	-0.387	-0.033	0.290	NaN	NaN	NaN	NaN	NaN	NaN	NaN	NaN	NaN	NaN	NaN	NaN	NaN	NaN	NaN	NaN	NaN	NaN	NaN	NaN	NaN	NaN
76.000	77.000	76.000	342.469	499.214	205.726	155.571	174.154	3.354	-0.046	-0.017	-0.000	77.000	76.000	294.575	499.214	169.606	135.818	152.625	14.413	0.734	0.134	-0.235	77.000	76.000	185.457	499.214	159.949	152.464	177.917	3.807	0.352	-0.053	-0.111	NaN	NaN	NaN	NaN	NaN	NaN	NaN	NaN	NaN	NaN	NaN	NaN	NaN	NaN	NaN	NaN	NaN	NaN	NaN	NaN	NaN	NaN
77.000	78.000	77.000	325.000	500.289	209.352	152.407	167.750	3.335	-0.019	-0.000	0.062	78.000	77.000	311.814	500.289	169.576	137.517	152.400	14.581	0.168	-0.059	-0.059	78.000	77.000	184.605	500.289	161.305	145.926	163.467	3.501	-0.306	-0.090	0.125	NaN	NaN	NaN	NaN	NaN	NaN	NaN	NaN	NaN	NaN	NaN	NaN	NaN	NaN	NaN	NaN	NaN	NaN	NaN	NaN	NaN	NaN
78.000	79.000	78.000	320.098	500.604	205.602	152.500	168.500	3.465	0.130	0.019	-0.000	79.000	78.000	312.349	500.604	169.123	149.346	161.375	14.359	-0.222	-0.114	0.059	79.000	78.000	179.349	500.604	163.542	149.679	166.294	3.428	-0.073	-0.000	0.090	NaN	NaN	NaN	NaN	NaN	NaN	NaN	NaN	NaN	NaN	NaN	NaN	NaN	NaN	NaN	NaN	NaN	NaN	NaN	NaN	NaN	NaN
79.000	80.000	79.000	318.750	500.939	202.589	152.786	169.917	3.354	-0.111	-0.000	0.018	80.000	79.000	273.000	500.939	168.970	153.846	165.450	13.732	-0.628	-0.113	0.263	80.000	79.000	183.217	500.939	168.459	154.154	185.111	3.512	0.084	0.037	-0.037	NaN	NaN	NaN	NaN	NaN	NaN	NaN	NaN	NaN	NaN	NaN	NaN	NaN	NaN	NaN	NaN	NaN	NaN	NaN	NaN	NaN	NaN
80.000	81.000	80.000	321.730	501.888	199.796	154.767	183.700	3.400	0.046	-0.000	-0.000	81.000	80.000	322.024	501.888	169.683	147.833	161.800	14.138	0.406	-0.052	-0.324	81.000	80.000	190.222	501.888	171.130	149.375	175.714	3.501	-0.011	0.091	0.053	NaN	NaN	NaN	NaN	NaN	NaN	NaN	NaN	NaN	NaN	NaN	NaN	NaN	NaN	NaN	NaN	NaN	NaN	NaN	NaN	NaN	NaN
81.000	82.000	81.000	312.143	500.599	201.469	156.000	180.250	3.465	0.065	-0.000	-0.063	82.000	81.000	294.774	500.599	170.801	158.500	180.105	13.702	-0.436	-0.051	0.205	82.000	81.000	193.302	500.599	172.238	147.360	162.062	3.187	-0.314	-0.090	0.216	NaN	NaN	NaN	NaN	NaN	NaN	NaN	NaN	NaN	NaN	NaN	NaN	NaN	NaN	NaN	NaN	NaN	NaN	NaN	NaN	NaN	NaN
82.000	83.000	82.000	318.933	506.308	198.311	149.464	163.100	3.308	-0.157	-0.000	0.016	83.000	82.000	297.679	506.308	169.943	150.900	168.667	13.342	-0.360	-0.255	-0.000	83.000	82.000	186.804	506.308	175.892	146.923	167.615	3.352	0.165	-0.052	-0.220	NaN	NaN	NaN	NaN	NaN	NaN	NaN	NaN	NaN	NaN	NaN	NaN	NaN	NaN	NaN	NaN	NaN	NaN	NaN	NaN	NaN	NaN
83.000	84.000	83.000	343.929	504.996	207.000	151.429	163.938	3.419	0.111	-0.000	-0.000	84.000	83.000	315.625	504.996	172.098	153.000	169.765	13.483	0.141	-0.085	-0.181	84.000	83.000	184.419	504.996	169.063	140.000	153.176	2.862	-0.490	0.053	0.415	NaN	NaN	NaN	NaN	NaN	NaN	NaN	NaN	NaN	NaN	NaN	NaN	NaN	NaN	NaN	NaN	NaN	NaN	NaN	NaN	NaN	NaN
84.000	85.000	84.000	348.639	503.426	211.049	150.400	161.400	3.300	-0.119	-0.000	0.015	85.000	84.000	307.912	503.426	171.765	149.312	171.706	13.204	-0.279	-0.169	0.060	85.000	84.000	188.652	503.426	172.736	141.185	154.474	2.992	0.130	-0.091	-0.091	NaN	NaN	NaN	NaN	NaN	NaN	NaN	NaN	NaN	NaN	NaN	NaN	NaN	NaN	NaN	NaN	NaN	NaN	NaN	NaN	NaN	NaN
85.000	86.000	85.000	341.949	501.683	214.232	154.040	177.250	3.346	0.046	-0.000	0.046	86.000	85.000	308.643	501.683	170.466	149.867	171.533	12.855	-0.349	-0.229	0.060	86.000	85.000	197.326	501.683	176.363	143.286	159.643	2.797	-0.195	-0.000	0.090	NaN	NaN	NaN	NaN	NaN	NaN	NaN	NaN	NaN	NaN	NaN	NaN	NaN	NaN	NaN	NaN	NaN	NaN	NaN	NaN	NaN	NaN
86.000	87.000	86.000	331.024	500.818	212.162	156.069	169.562	3.281	-0.065	-0.063	0.015	87.000	86.000	260.714	500.818	166.370	146.900	168.737	12.151	-0.704	-0.215	0.327	87.000	86.000	200.756	500.818	182.216	145.750	164.700	3.295	0.498	0.091	-0.363	NaN	NaN	NaN	NaN	NaN	NaN	NaN	NaN	NaN	NaN	NaN	NaN	NaN	NaN	NaN	NaN	NaN	NaN	NaN	NaN	NaN	NaN
87.000	88.000	87.000	338.061	500.431	209.295	153.893	175.267	3.281	0.000	0.063	-0.000	88.000	87.000	266.250	500.431	167.064	151.069	164.529	12.013	-0.138	-0.106	-0.061	88.000	87.000	199.000	500.431	184.211	151.286	179.000	3.295	0.000	0.091	0.091	NaN	NaN	NaN	NaN	NaN	NaN	NaN	NaN	NaN	NaN	NaN	NaN	NaN	NaN	NaN	NaN	NaN	NaN	NaN	NaN	NaN	NaN
88.000	89.000	88.000	349.900	499.168	212.571	160.000	176.412	3.300	0.019	-0.063	-0.017	89.000	88.000	284.629	499.168	168.559	144.833	161.409	12.266	0.252	-0.105	-0.267	89.000	88.000	203.093	499.168	184.314	148.400	169.857	3.268	-0.027	0.091	0.091	NaN	NaN	NaN	NaN	NaN	NaN	NaN	NaN	NaN	NaN	NaN	NaN	NaN	NaN	NaN	NaN	NaN	NaN	NaN	NaN	NaN	NaN
89.000	90.000	89.000	321.718	501.668	204.858	148.241	174.250	3.327	0.027	0.063	-0.000	90.000	89.000	298.966	501.668	168.992	149.345	163.105	12.052	-0.214	-0.000	0.061	90.000	89.000	207.200	501.668	186.793	154.333	166.250	3.582	0.314	0.143	-0.091	NaN	NaN	NaN	NaN	NaN	NaN	NaN	NaN	NaN	NaN	NaN	NaN	NaN	NaN	NaN	NaN	NaN	NaN	NaN	NaN	NaN	NaN
90.000	91.000	90.000	317.667	503.883	201.466	147.867	159.190	3.300	-0.027	-0.000	-0.049	91.000	90.000	286.634	503.883	168.227	148.786	167.786	12.208	0.157	-0.083	-0.123	91.000	90.000	201.565	503.883	184.635	151.379	168.778	3.766	0.184	-0.000	-0.182	NaN	NaN	NaN	NaN	NaN	NaN	NaN	NaN	NaN	NaN	NaN	NaN	NaN	NaN	NaN	NaN	NaN	NaN	NaN	NaN	NaN	NaN
91.000	92.000	91.000	330.189	502.061	201.385	148.231	158.765	3.419	0.119	-0.000	-0.079	92.000	91.000	296.031	502.061	166.786	147.846	170.750	12.163	-0.046	0.083	0.061	92.000	91.000	200.400	502.061	189.259	155.138	171.850	3.739	-0.027	-0.038	-0.000	NaN	NaN	NaN	NaN	NaN	NaN	NaN	NaN	NaN	NaN	NaN	NaN	NaN	NaN	NaN	NaN	NaN	NaN	NaN	NaN	NaN	NaN
92.000	93.000	92.000	316.212	502.712	201.824	153.500	166.235	3.308	-0.111	-0.063	0.063	93.000	92.000	310.521	502.712	167.522	146.355	170.421	12.579	0.417	-0.000	-0.205	93.000	92.000	195.578	502.712	191.775	164.212	187.471	3.444	-0.295	-0.090	0.181	NaN	NaN	NaN	NaN	NaN	NaN	NaN	NaN	NaN	NaN	NaN	NaN	NaN	NaN	NaN	NaN	NaN	NaN	NaN	NaN	NaN	NaN
93.000	94.000	93.000	322.882	504.532	203.347	156.071	179.091	3.419	0.111	0.063	-0.017	94.000	93.000	258.200	504.532	169.074	154.774	173.125	11.787	-0.793	-0.227	0.371	94.000	93.000	192.500	504.532	188.121	162.125	179.292	3.712	0.268	-0.036	-0.234	NaN	NaN	NaN	NaN	NaN	NaN	NaN	NaN	NaN	NaN	NaN	NaN	NaN	NaN	NaN	NaN	NaN	NaN	NaN	NaN	NaN	NaN
94.000	95.000	94.000	315.367	505.943	201.822	149.593	166.917	3.362	-0.057	-0.000	-0.000	95.000	94.000	278.290	505.943	167.194	152.900	178.286	11.695	-0.092	-0.103	-0.000	95.000	94.000	185.130	505.943	183.126	147.444	164.944	3.639	-0.073	0.055	0.090	NaN	NaN	NaN	NaN	NaN	NaN	NaN	NaN	NaN	NaN	NaN	NaN	NaN	NaN	NaN	NaN	NaN	NaN	NaN	NaN	NaN	NaN
95.000	96.000	95.000	298.500	505.242	200.073	153.724	166.118	3.262	-0.100	-0.063	0.016	96.000	95.000	273.862	505.242	168.526	148.938	171.875	11.481	-0.214	-0.020	0.062	96.000	95.000	184.978	505.242	184.391	146.115	159.222	3.999	0.360	0.144	-0.180	NaN	NaN	NaN	NaN	NaN	NaN	NaN	NaN	NaN	NaN	NaN	NaN	NaN	NaN	NaN	NaN	NaN	NaN	NaN	NaN	NaN	NaN
96.000	97.000	96.000	310.700	507.916	205.221	154.241	175.500	3.224	-0.038	-0.000	0.044	97.000	96.000	307.919	507.916	170.860	142.935	171.692	11.844	0.363	0.021	-0.123	97.000	96.000	191.556	507.916	182.910	145.462	162.900	3.934	-0.065	0.145	0.212	NaN	NaN	NaN	NaN	NaN	NaN	NaN	NaN	NaN	NaN	NaN	NaN	NaN	NaN	NaN	NaN	NaN	NaN	NaN	NaN	NaN	NaN
97.000	98.000	97.000	294.111	508.735	200.298	153.300	170.154	3.159	-0.065	-0.000	-0.000	98.000	97.000	269.750	508.735	166.921	142.160	154.571	11.481	-0.363	0.082	0.267	98.000	97.000	191.565	508.735	181.926	150.792	165.083	3.861	-0.073	0.124	0.179	NaN	NaN	NaN	NaN	NaN	NaN	NaN	NaN	NaN	NaN	NaN	NaN	NaN	NaN	NaN	NaN	NaN	NaN	NaN	NaN	NaN	NaN
98.000	99.000	98.000	320.444	507.896	198.183	146.897	163.062	3.576	0.417	0.125	-0.143	99.000	98.000	280.556	507.896	166.817	145.679	157.474	11.500	0.019	0.021	-0.000	99.000	98.000	185.156	507.896	178.711	150.643	161.952	4.026	0.165	0.145	-0.035	NaN	NaN	NaN	NaN	NaN	NaN	NaN	NaN	NaN	NaN	NaN	NaN	NaN	NaN	NaN	NaN	NaN	NaN	NaN	NaN	NaN	NaN
99.000	100.000	99.000	294.033	508.043	191.568	145.074	155.895	3.335	-0.241	-0.063	0.080	100.000	99.000	272.857	508.043	166.929	152.871	174.882	11.427	-0.073	-0.021	0.082	100.000	99.000	188.400	508.043	177.259	142.852	154.438	4.007	-0.019	0.055	0.055	NaN	NaN	NaN	NaN	NaN	NaN	NaN	NaN	NaN	NaN	NaN	NaN	NaN	NaN	NaN	NaN	NaN	NaN	NaN	NaN	NaN	NaN
100.000	101.000	100.000	305.296	505.703	195.748	151.069	163.000	3.335	0.000	-0.000	-0.000	101.000	100.000	302.214	505.703	169.018	155.533	174.500	11.454	0.027	-0.164	-0.226	101.000	100.000	187.133	505.703	175.430	148.600	168.800	4.209	0.203	0.090	-0.090	NaN	NaN	NaN	NaN	NaN	NaN	NaN	NaN	NaN	NaN	NaN	NaN	NaN	NaN	NaN	NaN	NaN	NaN	NaN	NaN	NaN	NaN
101.000	102.000	101.000	307.111	504.032	196.542	149.346	160.136	3.308	-0.027	-0.000	-0.000	102.000	101.000	279.333	504.032	168.051	153.483	181.923	11.351	-0.103	0.062	0.062	102.000	101.000	192.186	504.032	180.134	159.387	174.913	3.907	-0.303	-0.212	0.089	NaN	NaN	NaN	NaN	NaN	NaN	NaN	NaN	NaN	NaN	NaN	NaN	NaN	NaN	NaN	NaN	NaN	NaN	NaN	NaN	NaN	NaN
102.000	103.000	102.000	311.828	507.396	201.498	143.778	158.188	3.381	0.073	0.063	-0.000	103.000	102.000	258.286	507.396	168.525	164.903	190.800	10.918	-0.433	-0.362	0.062	103.000	102.000	192.565	507.396	188.322	156.393	183.786	3.693	-0.214	-0.539	-0.362	NaN	NaN	NaN	NaN	NaN	NaN	NaN	NaN	NaN	NaN	NaN	NaN	NaN	NaN	NaN	NaN	NaN	NaN	NaN	NaN	NaN	NaN
103.000	104.000	103.000	333.886	506.848	202.218	148.241	176.667	3.687	0.306	-0.062	-0.101	104.000	103.000	288.531	506.848	171.873	158.742	190.050	11.151	0.233	-0.099	-0.286	104.000	103.000	195.000	506.848	189.349	158.567	190.909	3.647	-0.046	-0.181	-0.090	NaN	NaN	NaN	NaN	NaN	NaN	NaN	NaN	NaN	NaN	NaN	NaN	NaN	NaN	NaN	NaN	NaN	NaN	NaN	NaN	NaN	NaN
104.000	105.000	104.000	307.259	506.954	196.959	150.241	166.750	3.400	-0.287	-0.000	0.018	105.000	104.000	276.152	506.954	172.411	159.133	195.267	11.170	0.019	-0.000	-0.062	105.000	104.000	190.109	506.954	187.275	160.733	181.154	3.666	0.019	-0.000	-0.000	NaN	NaN	NaN	NaN	NaN	NaN	NaN	NaN	NaN	NaN	NaN	NaN	NaN	NaN	NaN	NaN	NaN	NaN	NaN	NaN	NaN	NaN
105.000	106.000	105.000	311.909	510.568	196.637	148.815	162.875	3.492	0.092	-0.000	-0.062	106.000	105.000	290.805	510.568	171.854	150.857	179.643	11.446	0.276	-0.000	-0.205	106.000	105.000	199.022	510.568	182.403	149.824	164.529	4.026	0.360	0.131	-0.179	NaN	NaN	NaN	NaN	NaN	NaN	NaN	NaN	NaN	NaN	NaN	NaN	NaN	NaN	NaN	NaN	NaN	NaN	NaN	NaN	NaN	NaN
106.000	107.000	106.000	296.148	507.410	194.333	151.724	166.059	3.289	-0.203	-0.062	0.143	107.000	106.000	289.614	507.410	169.100	147.481	177.000	11.595	0.149	0.062	-0.081	107.000	106.000	202.391	507.410	182.540	146.310	162.077	4.117	0.092	0.022	-0.089	NaN	NaN	NaN	NaN	NaN	NaN	NaN	NaN	NaN	NaN	NaN	NaN	NaN	NaN	NaN	NaN	NaN	NaN	NaN	NaN	NaN	NaN
107.000	108.000	107.000	316.889	509.847	199.229	146.630	155.583	3.465	0.176	-0.000	-0.081	108.000	107.000	302.233	509.847	170.552	145.000	167.909	11.733	0.138	-0.081	-0.162	108.000	107.000	203.605	509.847	179.265	144.759	166.700	4.129	0.011	-0.031	-0.026	NaN	NaN	NaN	NaN	NaN	NaN	NaN	NaN	NaN	NaN	NaN	NaN	NaN	NaN	NaN	NaN	NaN	NaN	NaN	NaN	NaN	NaN
108.000	109.000	108.000	307.933	508.713	198.317	149.778	164.000	3.419	-0.046	0.062	0.062	109.000	108.000	262.870	508.713	167.756	140.679	162.091	11.595	-0.138	-0.062	0.081	109.000	108.000	213.191	508.713	180.102	139.423	149.188	4.745	0.617	0.090	-0.518	NaN	NaN	NaN	NaN	NaN	NaN	NaN	NaN	NaN	NaN	NaN	NaN	NaN	NaN	NaN	NaN	NaN	NaN	NaN	NaN	NaN	NaN
109.000	110.000	109.000	309.259	510.535	195.030	158.033	189.429	3.297	-0.122	-0.000	0.017	110.000	109.000	260.140	510.535	164.449	138.783	147.692	11.576	-0.019	-0.000	0.062	110.000	109.000	212.174	510.535	177.426	138.000	152.000	4.940	0.195	0.080	-0.056	NaN	NaN	NaN	NaN	NaN	NaN	NaN	NaN	NaN	NaN	NaN	NaN	NaN	NaN	NaN	NaN	NaN	NaN	NaN	NaN	NaN	NaN
110.000	111.000	110.000	327.933	509.502	196.799	150.500	164.133	3.381	0.084	-0.000	-0.063	111.000	110.000	269.511	509.502	168.326	139.286	149.455	11.706	0.130	0.081	-0.062	111.000	110.000	218.854	509.502	183.126	139.160	152.583	4.940	0.000	0.123	-0.000	NaN	NaN	NaN	NaN	NaN	NaN	NaN	NaN	NaN	NaN	NaN	NaN	NaN	NaN	NaN	NaN	NaN	NaN	NaN	NaN	NaN	NaN
111.000	112.000	111.000	329.219	511.954	195.590	148.414	158.500	3.381	0.000	-0.000	-0.000	112.000	111.000	245.229	511.954	166.507	141.593	154.833	11.400	-0.306	0.143	0.287	112.000	111.000	210.000	511.954	180.244	138.464	146.412	5.457	0.517	0.256	-0.123	NaN	NaN	NaN	NaN	NaN	NaN	NaN	NaN	NaN	NaN	NaN	NaN	NaN	NaN	NaN	NaN	NaN	NaN	NaN	NaN	NaN	NaN
112.000	113.000	112.000	297.000	514.892	192.300	149.759	160.579	3.197	-0.184	-0.063	0.079	113.000	112.000	273.641	514.892	167.622	137.292	155.250	11.752	0.352	0.225	-0.062	113.000	112.000	206.442	514.892	178.393	138.407	149.077	5.346	-0.111	0.145	0.240	NaN	NaN	NaN	NaN	NaN	NaN	NaN	NaN	NaN	NaN	NaN	NaN	NaN	NaN	NaN	NaN	NaN	NaN	NaN	NaN	NaN	NaN
113.000	114.000	113.000	316.733	511.721	193.952	145.481	154.400	3.289	0.092	0.063	-0.000	114.000	113.000	254.000	511.721	164.720	132.261	146.923	11.668	-0.084	0.143	0.206	114.000	113.000	192.822	511.721	174.682	137.083	145.600	5.265	-0.081	0.088	0.264	NaN	NaN	NaN	NaN	NaN	NaN	NaN	NaN	NaN	NaN	NaN	NaN	NaN	NaN	NaN	NaN	NaN	NaN	NaN	NaN	NaN	NaN
114.000	115.000	114.000	298.333	513.242	192.660	153.333	171.067	3.189	-0.100	-0.000	0.091	115.000	114.000	283.868	513.242	166.916	136.440	149.400	11.936	0.268	0.101	-0.124	115.000	114.000	189.822	513.242	170.621	133.360	156.714	5.449	0.184	0.088	-0.000	NaN	NaN	NaN	NaN	NaN	NaN	NaN	NaN	NaN	NaN	NaN	NaN	NaN	NaN	NaN	NaN	NaN	NaN	NaN	NaN	NaN	NaN
115.000	116.000	115.000	274.704	512.120	190.087	156.900	172.059	3.078	-0.111	-0.000	0.063	116.000	115.000	258.690	512.120	166.603	139.074	147.765	11.703	-0.233	-0.000	0.144	116.000	115.000	191.826	512.120	174.924	140.417	146.045	5.614	0.165	0.121	-0.089	NaN	NaN	NaN	NaN	NaN	NaN	NaN	NaN	NaN	NaN	NaN	NaN	NaN	NaN	NaN	NaN	NaN	NaN	NaN	NaN	NaN	NaN
116.000	117.000	116.000	296.235	511.543	190.832	150.214	168.417	3.262	0.184	-0.000	-0.064	117.000	116.000	248.821	511.543	165.152	138.259	147.727	11.435	-0.268	-0.019	0.205	117.000	116.000	188.116	511.543	170.078	137.929	148.706	5.679	0.065	0.145	-0.000	NaN	NaN	NaN	NaN	NaN	NaN	NaN	NaN	NaN	NaN	NaN	NaN	NaN	NaN	NaN	NaN	NaN	NaN	NaN	NaN	NaN	NaN
117.000	118.000	117.000	293.107	511.641	189.139	149.871	166.800	3.170	-0.092	-0.063	-0.015	118.000	117.000	273.471	511.641	166.013	143.840	157.750	11.798	0.363	-0.000	-0.268	118.000	117.000	186.000	511.641	171.605	142.292	156.000	6.020	0.341	0.248	-0.090	NaN	NaN	NaN	NaN	NaN	NaN	NaN	NaN	NaN	NaN	NaN	NaN	NaN	NaN	NaN	NaN	NaN	NaN	NaN	NaN	NaN	NaN
118.000	119.000	118.000	297.700	512.747	191.046	147.607	160.238	3.216	0.046	0.126	0.063	119.000	118.000	278.179	512.747	166.309	140.259	147.208	11.917	0.119	0.062	-0.000	119.000	118.000	197.978	512.747	170.788	140.542	157.231	6.157	0.138	0.145	-0.035	NaN	NaN	NaN	NaN	NaN	NaN	NaN	NaN	NaN	NaN	NaN	NaN	NaN	NaN	NaN	NaN	NaN	NaN	NaN	NaN	NaN	NaN
119.000	120.000	119.000	306.727	514.987	196.596	154.344	166.480	3.354	0.138	-0.045	-0.143	120.000	119.000	262.643	514.987	165.428	141.692	162.889	11.511	-0.406	-0.143	0.124	120.000	119.000	195.174	514.987	167.942	132.148	137.074	6.387	0.230	0.110	-0.090	NaN	NaN	NaN	NaN	NaN	NaN	NaN	NaN	NaN	NaN	NaN	NaN	NaN	NaN	NaN	NaN	NaN	NaN	NaN	NaN	NaN	NaN
120.000	121.000	120.000	293.667	514.449	194.176	150.536	174.750	3.243	-0.111	-0.016	0.063	121.000	120.000	263.081	514.449	164.670	141.857	153.824	11.779	0.268	-0.062	-0.205	121.000	120.000	194.870	514.449	168.110	138.037	143.250	6.552	0.165	0.090	-0.090	NaN	NaN	NaN	NaN	NaN	NaN	NaN	NaN	NaN	NaN	NaN	NaN	NaN	NaN	NaN	NaN	NaN	NaN	NaN	NaN	NaN	NaN
